frame.len,ip.hdr_len,ip.len,ip.flags.rb,ip.flags.df,ip.flags.mf,ip.frag_offset,ip.ttl,ip.proto,tcp.srcport,Predicted,Actual
60,20,44,0,1,0,0,64,6,22,normal,attack
62,20,48,0,0,0,0,128,17,0,attack,attack
62,20,48,0,0,0,0,128,17,0,attack,attack
62,20,48,0,0,0,0,128,17,0,attack,attack
212,20,198,0,0,0,0,112,17,0,attack,attack
212,20,198,0,0,0,0,105,17,0,attack,attack
126,20,112,0,1,0,0,64,6,22,normal,normal
1514,20,1500,0,1,0,0,64,6,22,normal,normal
60,20,40,0,1,0,0,128,6,4501,normal,normal
60,20,40,0,1,0,0,128,6,4486,normal,normal
1422,20,1408,0,1,0,0,56,6,80,normal,normal
1480,20,1466,0,0,0,0,118,17,0,attack,attack
1434,20,1420,0,1,0,0,52,6,64277,attack,attack
60,20,40,0,1,0,0,64,6,22,normal,normal
1514,20,1500,0,1,0,0,41,6,80,normal,normal
126,20,112,0,1,0,0,128,6,15843,normal,normal
1434,20,1420,0,1,0,0,52,6,64277,attack,attack
60,20,40,0,0,0,0,128,6,2120,attack,attack
60,20,40,0,1,0,0,128,6,2195,attack,attack
212,20,198,0,0,0,0,105,17,0,attack,attack
60,20,40,0,1,0,0,128,6,2115,attack,attack
62,20,48,0,0,0,0,128,17,0,attack,attack
110,20,96,0,1,0,0,128,6,2394,normal,normal
62,20,48,0,0,0,0,128,17,0,attack,attack
60,20,40,0,1,0,0,128,6,51063,normal,normal
62,20,48,0,0,0,0,128,17,0,attack,attack
1514,20,1500,0,1,0,0,64,6,22,normal,normal
154,20,140,0,1,0,0,112,6,48544,attack,attack
838,20,824,0,1,0,0,64,6,22,normal,normal
1514,20,1500,0,1,0,0,64,6,22,normal,normal
110,20,96,0,1,0,0,128,6,58994,attack,attack
112,20,98,0,1,0,0,128,6,1729,normal,normal
1514,20,1500,0,1,0,0,63,6,22,normal,normal
126,20,112,0,1,0,0,64,6,22,normal,attack
1514,20,1500,0,1,0,0,64,6,22,normal,attack
60,20,40,0,1,0,0,63,6,22,normal,normal
60,20,40,0,1,0,0,64,6,22,normal,normal
838,20,824,0,1,0,0,63,6,22,normal,normal
1514,20,1500,0,1,0,0,52,6,80,normal,normal
662,20,648,0,0,0,0,105,17,0,attack,attack
212,20,198,0,1,0,0,111,17,0,attack,attack
60,20,40,0,1,0,0,109,6,26076,attack,attack
60,20,40,0,1,0,0,128,6,3866,normal,attack
212,20,198,0,0,0,0,111,17,0,attack,attack
212,20,198,0,0,0,0,112,17,0,attack,attack
418,20,404,0,1,0,0,63,6,22,attack,attack
60,20,40,0,0,0,0,128,6,2214,attack,attack
774,20,760,0,1,0,0,64,6,22,normal,normal
1514,20,1500,0,1,0,0,64,6,22,normal,normal
60,20,40,0,1,0,0,128,6,3019,normal,normal
62,20,48,0,1,0,0,128,6,4182,normal,normal
1514,20,1500,0,1,0,0,64,6,22,normal,normal
126,20,112,0,1,0,0,128,6,3172,normal,normal
62,20,48,0,0,0,0,128,17,0,attack,attack
590,20,576,0,0,0,0,108,6,51884,attack,attack
60,20,40,0,1,0,0,128,6,2328,attack,attack
150,20,136,0,1,0,0,63,6,22,normal,normal
97,20,83,0,1,0,0,128,6,2090,attack,attack
362,20,348,0,0,0,0,111,17,0,attack,attack
212,20,198,0,0,0,0,112,17,0,attack,attack
79,20,65,0,0,0,0,128,17,0,attack,attack
418,20,404,0,1,0,0,64,6,22,normal,normal
212,20,198,0,0,0,0,112,17,0,attack,attack
1434,20,1420,0,1,0,0,241,6,80,normal,normal
1480,20,1466,0,0,0,0,45,17,0,attack,attack
1480,20,1466,0,1,0,0,118,17,0,attack,attack
60,20,40,0,1,0,0,128,6,3002,normal,normal
254,20,240,0,1,0,0,48,6,55123,attack,attack
102,20,88,0,1,0,0,64,6,22,normal,normal
1514,20,1500,0,1,0,0,64,6,22,normal,normal
60,20,40,0,1,0,0,128,6,1734,normal,normal
60,20,40,0,1,0,0,128,6,2490,normal,normal
94,20,80,0,1,0,0,128,6,1231,normal,normal
134,20,120,0,1,0,0,52,6,64277,attack,attack
1434,20,1420,0,1,0,0,241,6,80,normal,normal
1514,20,1500,0,1,0,0,64,6,22,normal,normal
60,20,40,0,1,0,0,128,6,1721,normal,normal
1514,20,1500,0,1,0,0,63,6,22,normal,attack
126,20,112,0,1,0,0,128,6,3937,normal,normal
60,20,40,0,1,0,0,128,6,51063,normal,normal
86,20,72,0,1,0,0,64,6,22,normal,attack
60,20,40,0,1,0,0,128,6,4965,attack,attack
62,20,48,0,1,0,0,128,6,4010,normal,normal
62,20,48,0,0,0,0,128,17,0,attack,attack
60,20,40,0,1,0,0,128,6,4901,normal,normal
418,20,404,0,1,0,0,63,6,22,normal,normal
102,20,88,0,1,0,0,128,6,2929,normal,attack
62,20,48,0,0,0,0,128,17,0,attack,attack
1514,20,1500,0,1,0,0,52,6,51413,attack,attack
60,20,40,0,1,0,0,41,6,80,normal,normal
68,20,54,0,0,0,0,128,17,0,attack,attack
80,20,66,0,1,0,0,128,6,2131,attack,attack
60,20,40,0,1,0,0,52,6,51413,attack,attack
1480,20,1466,0,0,0,0,113,17,0,attack,attack
60,20,40,0,1,0,0,55,6,80,normal,normal
60,20,40,0,1,0,0,128,6,2090,attack,attack
93,20,79,0,1,0,0,64,6,22,normal,normal
60,20,40,0,1,0,0,128,6,2131,attack,attack
1480,20,1466,0,0,0,0,111,17,0,attack,attack
566,20,552,0,0,0,0,47,6,51413,attack,attack
60,20,40,0,1,0,0,128,6,3019,normal,normal
60,20,40,0,1,0,0,128,6,4906,normal,normal
60,20,40,0,1,0,0,128,6,4022,normal,normal
212,20,198,0,0,0,0,105,17,0,attack,attack
1434,20,1420,0,1,0,0,102,6,80,attack,attack
1514,20,1500,0,1,0,0,64,6,22,normal,normal
1480,20,1466,0,0,0,0,107,17,0,attack,attack
1514,20,1500,0,1,0,0,63,6,22,normal,normal
1514,20,1500,0,1,0,0,64,6,22,normal,normal
118,20,104,0,1,0,0,64,6,22,attack,attack
60,20,40,0,1,0,0,128,6,3856,attack,attack
1514,20,1500,0,1,0,0,64,6,22,attack,attack
861,20,847,0,0,0,0,111,17,0,attack,attack
168,20,154,0,0,0,0,118,17,0,attack,attack
62,20,48,0,1,0,0,64,6,22,normal,normal
212,20,198,0,0,0,0,112,17,0,attack,attack
1514,20,1500,0,1,0,0,64,6,22,normal,normal
1514,20,1500,0,1,0,0,52,6,80,normal,normal
1480,20,1466,0,0,0,0,117,17,0,attack,attack
212,20,198,0,0,0,0,112,17,0,attack,attack
62,20,48,0,0,0,0,128,17,0,attack,attack
60,20,40,0,1,0,0,128,6,4485,normal,normal
1514,20,1500,0,1,0,0,64,6,22,normal,normal
93,20,79,0,1,0,0,63,6,22,normal,normal
1480,20,1466,0,0,0,0,111,17,0,attack,attack
60,20,40,0,1,0,0,128,6,4515,normal,normal
60,20,40,0,0,0,0,128,6,2214,attack,attack
212,20,198,0,1,0,0,111,17,0,attack,attack
1514,20,1500,0,1,0,0,63,6,22,normal,normal
60,20,40,0,1,0,0,45,6,80,normal,normal
1434,20,1420,0,1,0,0,241,6,80,normal,normal
60,20,40,0,1,0,0,128,6,16816,normal,normal
60,20,40,0,1,0,0,128,6,1731,normal,normal
60,20,40,0,1,0,0,128,6,4015,normal,normal
1514,20,1500,0,1,0,0,48,6,80,normal,normal
60,20,40,0,1,0,0,128,6,2131,attack,attack
1480,20,1466,0,0,0,0,107,17,0,attack,attack
662,20,648,0,0,0,0,45,17,0,attack,attack
60,20,40,0,1,0,0,63,6,22,normal,normal
1514,20,1500,0,1,0,0,64,6,22,normal,normal
1480,20,1466,0,0,0,0,45,17,0,attack,attack
1514,20,1500,0,1,0,0,54,6,80,normal,normal
1514,20,1500,0,1,0,0,43,6,80,normal,normal
1514,20,1500,0,1,0,0,52,6,80,normal,normal
60,20,40,0,1,0,0,128,6,2296,attack,attack
1514,20,1500,0,1,0,0,63,6,22,normal,normal
650,20,636,0,1,0,0,128,6,51079,normal,normal
774,20,760,0,1,0,0,64,6,22,normal,normal
68,20,54,0,0,0,0,128,17,0,attack,attack
1480,20,1466,0,0,0,0,109,17,0,attack,attack
60,20,40,0,1,0,0,128,6,3019,normal,normal
1514,20,1500,0,1,0,0,63,6,22,normal,normal
94,20,80,0,1,0,0,63,6,22,attack,attack
62,20,48,0,1,0,0,128,6,1738,normal,normal
60,20,40,0,1,0,0,128,6,16816,normal,normal
60,20,40,0,1,0,0,128,6,1741,normal,normal
1480,20,1466,0,0,0,0,111,17,0,attack,attack
1514,20,1500,0,1,0,0,64,6,22,normal,normal
662,20,648,0,0,0,0,106,17,0,attack,attack
97,20,83,0,0,0,0,128,17,0,attack,attack
60,20,40,0,1,0,0,128,6,15861,normal,normal
60,20,40,0,1,0,0,128,6,4181,normal,normal
212,20,198,0,0,0,0,112,17,0,attack,attack
1514,20,1500,0,1,0,0,63,6,22,normal,normal
72,20,58,0,0,0,0,128,17,0,attack,attack
1480,20,1466,0,0,0,0,115,17,0,attack,attack
60,20,40,0,1,0,0,128,6,2110,attack,attack
566,20,552,0,0,0,0,47,6,51413,attack,attack
60,20,40,0,1,0,0,128,6,15863,normal,normal
418,20,404,0,1,0,0,63,6,22,attack,attack
142,20,128,0,1,0,0,128,6,3161,normal,normal
1514,20,1500,0,1,0,0,63,6,22,normal,normal
1514,20,1500,0,1,0,0,63,6,22,attack,attack
62,20,48,0,0,0,0,128,17,0,attack,attack
212,20,198,0,1,0,0,111,17,0,attack,attack
1294,20,1280,0,1,0,0,52,6,80,normal,normal
362,20,348,0,0,0,0,45,17,0,attack,attack
1514,20,1500,0,1,0,0,64,6,22,normal,attack
66,20,52,0,0,0,0,128,6,2109,attack,attack
212,20,198,0,0,0,0,112,17,0,attack,attack
60,20,40,0,1,0,0,128,6,3019,normal,normal
1514,20,1500,0,1,0,0,63,6,22,normal,normal
60,20,40,0,1,0,0,128,6,4869,attack,attack
134,20,120,0,1,0,0,64,6,22,normal,normal
1480,20,1466,0,0,0,0,111,17,0,attack,attack
1514,20,1500,0,1,0,0,64,6,22,normal,normal
1514,20,1500,0,1,0,0,64,6,22,normal,attack
93,20,79,0,1,0,0,63,6,22,normal,normal
1494,20,1480,0,1,0,0,109,6,22,attack,attack
92,20,78,0,1,0,0,128,6,1232,normal,normal
418,20,404,0,1,0,0,64,6,22,normal,normal
134,20,120,0,1,0,0,64,6,22,attack,attack
102,20,88,0,1,0,0,128,6,58992,attack,attack
60,20,40,0,0,0,0,128,6,2109,attack,attack
1480,20,1466,0,0,0,0,109,17,0,attack,attack
1514,20,1500,0,1,0,0,64,6,22,normal,attack
418,20,404,0,1,0,0,63,6,22,normal,normal
86,20,72,0,1,0,0,64,6,22,normal,normal
1434,20,1420,0,1,0,0,241,6,80,normal,normal
62,20,48,0,0,0,0,115,17,0,attack,attack
1480,20,1466,0,0,0,0,107,17,0,attack,attack
206,20,192,0,1,0,0,128,6,15853,normal,normal
60,20,40,0,1,0,0,63,6,22,attack,attack
1514,20,1500,0,1,0,0,64,6,22,normal,normal
1308,20,1294,0,1,0,0,56,6,80,normal,normal
62,20,48,0,1,0,0,64,6,22,normal,normal
126,20,112,0,1,0,0,128,6,4504,normal,normal
1434,20,1420,0,1,0,0,241,6,80,normal,normal
1514,20,1500,0,1,0,0,63,6,22,normal,normal
1514,20,1500,0,1,0,0,64,6,22,normal,attack
110,20,96,0,1,0,0,128,6,1709,normal,normal
1514,20,1500,0,1,0,0,63,6,22,normal,normal
190,20,176,0,1,0,0,63,6,22,normal,normal
1514,20,1500,0,1,0,0,64,6,22,normal,normal
60,20,40,0,1,0,0,128,6,1725,normal,normal
1514,20,1500,0,1,0,0,64,6,22,normal,normal
126,20,112,0,1,0,0,64,6,22,normal,normal
60,20,40,0,1,0,0,63,6,22,normal,normal
1514,20,1500,0,1,0,0,63,6,22,attack,attack
62,20,48,0,0,0,0,128,17,0,attack,attack
1480,20,1466,0,1,0,0,110,17,0,attack,attack
1514,20,1500,0,1,0,0,64,6,22,normal,normal
566,20,552,0,0,0,0,47,6,51413,attack,attack
110,20,96,0,1,0,0,128,6,4184,normal,normal
60,20,40,0,1,0,0,128,6,2090,attack,attack
60,20,40,0,0,0,0,128,6,4866,attack,attack
1514,20,1500,0,1,0,0,63,6,22,normal,normal
1514,20,1500,0,1,0,0,64,6,22,normal,normal
94,20,80,0,1,0,0,63,6,22,normal,attack
62,20,48,0,0,0,0,128,17,0,attack,attack
1480,20,1466,0,0,0,0,115,17,0,attack,attack
158,20,144,0,1,0,0,128,6,1715,normal,normal
362,20,348,0,0,0,0,112,17,0,attack,attack
362,20,348,0,0,0,0,110,17,0,attack,attack
60,20,40,0,1,0,0,128,6,4901,normal,normal
1514,20,1500,0,1,0,0,63,6,22,normal,normal
1514,20,1500,0,1,0,0,52,6,80,normal,normal
1262,20,1248,0,0,0,0,112,17,0,attack,attack
110,20,96,0,1,0,0,63,6,22,normal,normal
212,20,198,0,0,0,0,109,17,0,attack,attack
60,20,40,0,1,0,0,128,6,4491,normal,normal
1514,20,1500,0,1,0,0,63,6,22,normal,normal
1514,20,1500,0,1,0,0,64,6,22,normal,normal
1480,20,1466,0,0,0,0,106,17,0,attack,attack
362,20,348,0,0,0,0,108,17,0,attack,attack
1480,20,1466,0,0,0,0,111,17,0,attack,attack
1012,20,998,0,1,0,0,41,6,80,normal,normal
1514,20,1500,0,1,0,0,63,6,22,normal,normal
154,20,140,0,1,0,0,112,6,48544,attack,attack
362,20,348,0,0,0,0,112,17,0,attack,attack
566,20,552,0,0,0,0,47,6,51413,attack,attack
1514,20,1500,0,1,0,0,41,6,80,normal,normal
1514,20,1500,0,1,0,0,64,6,22,normal,normal
212,20,198,0,0,0,0,112,17,0,attack,attack
838,20,824,0,1,0,0,64,6,22,normal,normal
66,20,52,0,0,0,0,128,6,2109,attack,attack
566,20,552,0,0,0,0,47,6,51413,attack,attack
1434,20,1420,0,1,0,0,241,6,80,normal,normal
60,0,0,0,0,0,0,0,0,0,normal,normal
1480,20,1466,0,0,0,0,113,17,0,attack,attack
1514,20,1500,0,1,0,0,64,6,22,normal,normal
62,20,48,0,1,0,0,128,6,2165,normal,attack
126,20,112,0,1,0,0,64,6,22,attack,attack
60,20,40,0,1,0,0,128,6,3937,normal,normal
60,20,40,0,1,0,0,64,6,22,normal,normal
60,20,40,0,0,0,0,128,6,2109,attack,attack
126,20,112,0,1,0,0,64,6,22,normal,normal
1514,20,1500,0,1,0,0,64,6,22,normal,normal
1514,20,1500,0,1,0,0,63,6,22,attack,attack
86,20,72,0,1,0,0,63,6,22,attack,attack
134,20,120,0,1,0,0,52,6,64277,attack,attack
150,20,136,0,1,0,0,64,6,22,normal,normal
88,20,74,0,0,0,0,128,17,0,attack,attack
60,20,40,0,1,0,0,128,6,3818,normal,normal
126,20,112,0,1,0,0,128,6,2483,normal,normal
1514,20,1500,0,1,0,0,63,6,22,normal,normal
1514,20,1500,0,1,0,0,63,6,22,normal,normal
60,20,40,0,1,0,0,128,6,2367,attack,attack
62,20,48,0,1,0,0,128,6,4895,normal,normal
60,20,40,0,1,0,0,128,6,4490,normal,normal
1514,20,1500,0,1,0,0,107,6,48412,attack,attack
212,20,198,0,0,0,0,112,17,0,attack,attack
1434,20,1420,0,1,0,0,241,6,80,normal,normal
60,20,40,0,1,0,0,128,6,1725,normal,normal
1514,20,1500,0,1,0,0,63,6,22,normal,normal
60,20,40,0,1,0,0,41,6,80,normal,attack
362,20,348,0,0,0,0,108,17,0,attack,attack
110,20,96,0,1,0,0,64,6,22,attack,attack
1506,20,1492,0,1,0,0,112,6,35691,attack,attack
60,20,40,0,1,0,0,128,6,2367,attack,attack
60,20,40,0,1,0,0,128,6,3819,normal,normal
60,20,40,0,1,0,0,128,6,2991,normal,normal
838,20,824,0,1,0,0,63,6,22,attack,attack
62,20,48,0,0,0,0,128,17,0,attack,attack
109,20,95,0,0,0,0,112,17,0,attack,attack
1514,20,1500,0,1,0,0,64,6,22,normal,normal
1480,20,1466,0,0,0,0,107,17,0,attack,attack
1514,20,1500,0,1,0,0,63,6,22,normal,normal
1480,20,1466,0,0,0,0,106,17,0,attack,attack
60,20,40,0,1,0,0,128,6,2928,attack,attack
60,20,40,0,1,0,0,106,6,27571,attack,attack
60,20,40,0,1,0,0,128,6,4573,normal,normal
362,20,348,0,0,0,0,45,17,0,attack,attack
60,20,40,0,1,0,0,128,6,2109,attack,attack
60,20,40,0,1,0,0,63,6,22,normal,normal
110,20,96,0,1,0,0,128,6,3163,normal,normal
60,20,40,0,1,0,0,128,6,3019,normal,normal
1434,20,1420,0,1,0,0,241,6,80,normal,normal
1434,20,1420,0,1,0,0,241,6,80,normal,normal
60,20,40,0,1,0,0,56,6,80,normal,normal
126,20,112,0,1,0,0,63,6,22,attack,attack
1514,20,1500,0,1,0,0,64,6,22,normal,normal
212,20,198,0,0,0,0,112,17,0,attack,attack
1514,20,1500,0,1,0,0,64,6,22,normal,normal
60,20,40,0,1,0,0,128,6,3816,normal,normal
1514,20,1500,0,1,0,0,64,6,22,attack,attack
62,20,48,0,0,0,0,128,17,0,attack,attack
62,20,48,0,0,0,0,128,17,0,attack,attack
60,20,40,0,1,0,0,64,6,22,attack,attack
662,20,648,0,0,0,0,111,17,0,attack,attack
1480,20,1466,0,0,0,0,106,17,0,attack,attack
1514,20,1500,0,1,0,0,63,6,22,normal,normal
60,20,40,0,1,0,0,63,6,22,attack,attack
60,20,40,0,1,0,0,128,6,2354,attack,attack
60,20,40,0,1,0,0,63,6,22,attack,attack
1514,20,1500,0,1,0,0,63,6,22,normal,attack
60,20,40,0,1,0,0,128,6,1226,normal,normal
60,20,40,0,1,0,0,63,6,22,normal,normal
1484,20,1470,0,0,0,0,55,6,80,normal,normal
418,20,404,0,1,0,0,64,6,22,normal,normal
134,20,120,0,1,0,0,128,6,2491,normal,normal
1514,20,1500,0,1,0,0,63,6,22,attack,attack
60,20,40,0,1,0,0,128,6,3818,normal,normal
62,20,48,0,1,0,0,112,6,35691,attack,attack
62,20,48,0,0,0,0,128,17,0,attack,attack
62,20,48,0,1,0,0,128,6,15844,normal,normal
1514,20,1500,0,1,0,0,63,6,22,normal,normal
1514,20,1500,0,1,0,0,63,6,22,normal,normal
60,20,40,0,1,0,0,128,6,3019,normal,normal
62,20,48,0,1,0,0,109,6,26076,attack,attack
60,20,40,0,1,0,0,128,6,3154,normal,normal
1514,20,1500,0,1,0,0,52,6,80,normal,normal
60,20,40,0,1,0,0,128,6,2490,normal,normal
62,20,48,0,0,0,0,128,17,0,attack,attack
1480,20,1466,0,0,0,0,110,17,0,attack,attack
1514,20,1500,0,1,0,0,64,6,22,normal,normal
1514,20,1500,0,1,0,0,64,6,22,normal,attack
1514,20,1500,0,1,0,0,47,6,80,normal,normal
362,20,348,0,0,0,0,45,17,0,attack,attack
1514,20,1500,0,1,0,0,63,6,22,normal,normal
62,20,48,0,1,0,0,56,6,80,normal,normal
1514,20,1500,0,1,0,0,64,6,22,normal,attack
362,20,348,0,0,0,0,112,17,0,attack,attack
68,20,54,0,0,0,0,128,17,0,attack,attack
1514,20,1500,0,1,0,0,64,6,22,normal,normal
662,20,648,0,0,0,0,112,17,0,attack,attack
110,20,96,0,1,0,0,63,6,22,attack,attack
1514,20,1500,0,1,0,0,64,6,22,attack,attack
60,20,40,0,1,0,0,128,6,2110,attack,attack
60,20,40,0,1,0,0,128,6,2328,attack,attack
62,20,48,0,0,0,0,128,17,0,attack,attack
1434,20,1420,0,1,0,0,241,6,80,normal,normal
60,20,40,0,1,0,0,128,6,1710,normal,normal
60,20,40,0,1,0,0,128,6,4881,attack,attack
60,20,40,0,1,0,0,128,6,4875,attack,attack
662,20,648,0,0,0,0,108,17,0,attack,attack
126,20,112,0,1,0,0,128,6,59000,attack,attack
126,20,112,0,1,0,0,128,6,59000,attack,attack
1514,20,1500,0,1,0,0,64,6,22,normal,normal
62,20,48,0,0,0,0,128,17,0,attack,attack
1434,20,1420,0,1,0,0,241,6,80,normal,normal
212,20,198,0,0,0,0,112,17,0,attack,attack
142,20,128,0,1,0,0,64,6,22,normal,normal
60,20,40,0,1,0,0,128,6,4874,attack,attack
1514,20,1500,0,1,0,0,52,6,80,normal,normal
212,20,198,0,0,0,0,112,17,0,attack,attack
62,20,48,0,0,0,0,111,17,0,attack,attack
362,20,348,0,0,0,0,111,17,0,attack,attack
1480,20,1466,0,0,0,0,111,17,0,attack,attack
130,20,116,0,1,0,0,128,6,3068,normal,normal
62,20,48,0,0,0,0,128,17,0,attack,attack
1514,20,1500,0,1,0,0,63,6,22,normal,normal
62,20,48,0,0,0,0,128,17,0,attack,attack
190,20,176,0,1,0,0,64,6,22,normal,normal
60,20,40,0,1,0,0,128,6,51088,normal,normal
60,20,40,0,1,0,0,128,6,2985,normal,normal
142,20,128,0,1,0,0,64,6,22,normal,normal
68,20,54,0,0,0,0,128,17,0,attack,attack
1514,20,1500,0,1,0,0,63,6,22,normal,normal
190,20,176,0,1,0,0,64,6,22,normal,attack
1514,20,1500,0,1,0,0,43,6,80,normal,normal
62,20,48,0,0,0,0,128,17,0,attack,attack
294,20,280,0,1,0,0,128,6,2929,attack,attack
126,20,112,0,1,0,0,128,6,4182,normal,normal
60,20,40,0,1,0,0,63,6,22,normal,normal
114,20,100,0,1,0,0,64,6,22,normal,normal
137,20,123,0,1,0,0,128,6,3019,normal,normal
1514,20,1500,0,1,0,0,64,6,22,normal,normal
126,20,112,0,1,0,0,128,6,2924,attack,attack
1514,20,1500,0,1,0,0,41,6,80,normal,normal
1434,20,1420,0,1,0,0,241,6,80,normal,normal
212,20,198,0,0,0,0,112,17,0,attack,attack
1434,20,1420,0,1,0,0,241,6,80,normal,normal
126,20,112,0,1,0,0,128,6,4181,normal,normal
1514,20,1500,0,1,0,0,43,6,80,normal,normal
1514,20,1500,0,1,0,0,45,6,80,normal,normal
1434,20,1420,0,1,0,0,102,6,80,attack,attack
62,20,48,0,0,0,0,115,17,0,attack,attack
1434,20,1420,0,1,0,0,102,6,80,attack,attack
130,20,116,0,1,0,0,128,6,3836,normal,normal
60,20,40,0,1,0,0,128,6,1063,attack,attack
60,20,40,0,1,0,0,128,6,15827,normal,normal
1514,20,1500,0,1,0,0,43,6,80,normal,normal
1514,20,1500,0,1,0,0,64,6,22,normal,normal
1514,20,1500,0,1,0,0,63,6,22,normal,normal
142,20,128,0,1,0,0,128,6,2921,attack,attack
1480,20,1466,0,0,0,0,106,17,0,attack,attack
146,20,132,0,1,0,0,128,6,15875,normal,normal
60,20,40,0,1,0,0,128,6,2115,attack,attack
88,20,74,0,0,0,0,128,17,0,attack,attack
1514,20,1500,0,1,0,0,41,6,80,attack,attack
142,20,128,0,1,0,0,63,6,22,attack,attack
1480,20,1466,0,1,0,0,117,17,0,attack,attack
1480,20,1466,0,0,0,0,117,17,0,attack,attack
90,20,76,0,1,0,0,128,6,2195,attack,attack
62,20,48,0,0,0,0,128,17,0,attack,attack
60,20,40,0,1,0,0,128,6,2401,normal,normal
755,20,741,0,1,0,0,63,6,80,normal,normal
1434,20,1420,0,1,0,0,241,6,80,normal,normal
60,20,40,0,1,0,0,128,6,4499,normal,normal
62,20,48,0,0,0,0,128,17,0,attack,attack
1514,20,1500,0,1,0,0,43,6,80,normal,normal
134,20,120,0,1,0,0,64,6,22,normal,normal
110,20,96,0,1,0,0,128,6,16814,normal,normal
62,20,48,0,0,0,0,128,17,0,attack,attack
166,20,152,0,1,0,0,128,6,2296,attack,attack
92,20,78,0,1,0,0,128,6,4871,attack,attack
212,20,198,0,0,0,0,106,17,0,attack,attack
60,20,40,0,1,0,0,128,6,2090,attack,attack
60,20,40,0,1,0,0,128,6,16813,normal,normal
62,20,48,0,0,0,0,128,17,0,attack,attack
822,20,808,0,1,0,0,63,6,22,attack,attack
62,20,48,0,1,0,0,109,6,26076,attack,attack
1514,20,1500,0,1,0,0,64,6,22,attack,attack
1514,20,1500,0,1,0,0,41,6,80,normal,normal
1434,20,1420,0,1,0,0,241,6,80,normal,normal
259,20,245,0,0,0,0,108,17,0,attack,attack
110,20,96,0,1,0,0,64,6,22,normal,normal
60,20,40,0,1,0,0,64,6,22,normal,normal
212,20,198,0,0,0,0,107,17,0,attack,attack
1514,20,1500,0,1,0,0,64,6,22,attack,attack
212,20,198,0,0,0,0,106,17,0,attack,attack
1480,20,1466,0,0,0,0,106,17,0,attack,attack
126,20,112,0,1,0,0,128,6,4788,normal,attack
1514,20,1500,0,1,0,0,64,6,22,attack,attack
1514,20,1500,0,1,0,0,63,6,22,normal,normal
62,20,48,0,0,0,0,108,17,0,attack,attack
1514,20,1500,0,1,0,0,41,6,80,normal,normal
362,20,348,0,0,0,0,105,17,0,attack,attack
62,20,48,0,1,0,0,56,6,80,normal,normal
1434,20,1420,0,1,0,0,241,6,80,normal,normal
1514,20,1500,0,1,0,0,64,6,22,normal,normal
150,20,136,0,1,0,0,128,6,1221,normal,normal
1514,20,1500,0,1,0,0,52,6,80,normal,normal
1480,20,1466,0,0,0,0,115,17,0,attack,attack
662,20,648,0,0,0,0,45,17,0,attack,attack
126,20,112,0,1,0,0,128,6,3861,attack,attack
142,20,128,0,1,0,0,63,6,22,normal,attack
60,20,40,0,1,0,0,128,6,2928,normal,attack
1514,20,1500,0,1,0,0,63,6,22,attack,attack
62,20,48,0,0,0,0,128,17,0,attack,attack
212,20,198,0,0,0,0,105,17,0,attack,attack
259,20,245,0,0,0,0,108,17,0,attack,attack
212,20,198,0,0,0,0,106,17,0,attack,attack
1484,20,1470,0,0,0,0,55,6,80,normal,normal
1514,20,1500,0,1,0,0,41,6,80,normal,normal
212,20,198,0,0,0,0,111,17,0,attack,attack
1514,20,1500,0,1,0,0,63,6,22,normal,normal
62,20,48,0,0,0,0,128,17,0,attack,attack
1434,20,1420,0,1,0,0,241,6,80,normal,normal
60,20,40,0,1,0,0,56,6,80,normal,normal
1514,20,1500,0,1,0,0,64,6,22,attack,attack
60,20,40,0,0,0,0,128,6,2141,attack,attack
60,20,40,0,1,0,0,128,6,4516,normal,normal
60,20,40,0,1,0,0,128,6,4181,normal,normal
94,20,80,0,1,0,0,128,6,16813,normal,normal
60,20,40,0,1,0,0,128,6,2985,normal,normal
1514,20,1500,0,1,0,0,45,6,80,normal,normal
1480,20,1466,0,0,0,0,115,17,0,attack,attack
212,20,198,0,0,0,0,111,17,0,attack,attack
60,20,40,0,1,0,0,128,6,1729,normal,normal
662,20,648,0,0,0,0,105,17,0,attack,attack
1514,20,1500,0,1,0,0,64,6,22,normal,normal
212,20,198,0,0,0,0,112,17,0,attack,attack
362,20,348,0,0,0,0,45,17,0,attack,attack
1514,20,1500,0,1,0,0,63,6,22,normal,normal
1514,20,1500,0,1,0,0,41,6,80,attack,attack
1434,20,1420,0,1,0,0,241,6,80,normal,normal
60,20,40,0,1,0,0,128,6,4500,normal,normal
494,20,480,0,1,0,0,59,6,80,normal,normal
1514,20,1500,0,1,0,0,63,6,22,normal,normal
1514,20,1500,0,1,0,0,63,6,22,normal,normal
60,20,40,0,1,0,0,64,6,22,normal,normal
1514,20,1500,0,1,0,0,64,6,22,normal,normal
362,20,348,0,0,0,0,112,17,0,attack,attack
1514,20,1500,0,1,0,0,63,6,22,normal,normal
774,20,760,0,1,0,0,63,6,22,normal,normal
1514,20,1500,0,1,0,0,43,6,80,attack,attack
1434,20,1420,0,1,0,0,241,6,80,normal,normal
60,20,40,0,0,0,0,128,6,2120,attack,attack
60,20,40,0,1,0,0,128,6,16816,normal,normal
60,20,40,0,1,0,0,64,6,22,attack,attack
60,20,40,0,1,0,0,128,6,15853,normal,normal
60,20,40,0,1,0,0,128,6,3816,normal,normal
60,20,40,0,1,0,0,128,6,4534,normal,normal
1434,20,1420,0,1,0,0,241,6,80,normal,normal
1434,20,1420,0,1,0,0,241,6,80,normal,normal
60,20,40,0,1,0,0,56,6,80,normal,normal
838,20,824,0,1,0,0,63,6,22,normal,normal
1480,20,1466,0,0,0,0,105,17,0,attack,attack
418,20,404,0,1,0,0,64,6,22,normal,normal
566,20,552,0,0,0,0,47,6,51413,attack,attack
62,20,48,0,0,0,0,128,17,0,attack,attack
1514,20,1500,0,1,0,0,63,6,22,normal,normal
1514,20,1500,0,1,0,0,64,6,22,normal,normal
60,20,40,0,1,0,0,64,6,22,normal,normal
60,20,40,0,1,0,0,63,6,22,normal,normal
134,20,120,0,1,0,0,52,6,64277,attack,attack
60,20,40,0,1,0,0,128,6,2114,attack,attack
1434,20,1420,0,1,0,0,241,6,80,normal,normal
110,20,96,0,1,0,0,64,6,22,normal,normal
62,20,48,0,0,0,0,128,17,0,attack,attack
662,20,648,0,0,0,0,108,17,0,attack,attack
60,20,40,0,1,0,0,128,6,4486,normal,normal
1514,20,1500,0,1,0,0,64,6,22,normal,normal
62,20,48,0,0,0,0,128,17,0,attack,attack
1480,20,1466,0,1,0,0,110,17,0,attack,attack
1514,20,1500,0,1,0,0,51,6,80,normal,normal
1434,20,1420,0,1,0,0,241,6,80,normal,normal
1480,20,1466,0,0,0,0,111,17,0,attack,attack
60,20,40,0,1,0,0,128,6,3052,normal,normal
1514,20,1500,0,1,0,0,63,6,22,normal,normal
60,20,40,0,1,0,0,128,6,2490,normal,normal
1514,20,1500,0,1,0,0,48,6,80,normal,normal
212,20,198,0,0,0,0,112,17,0,attack,attack
102,20,88,0,1,0,0,128,6,3867,normal,attack
212,20,198,0,0,0,0,112,17,0,attack,attack
212,20,198,0,0,0,0,112,17,0,attack,attack
126,20,112,0,1,0,0,63,6,22,attack,attack
62,20,48,0,0,0,0,128,17,0,attack,attack
838,20,824,0,1,0,0,63,6,22,attack,attack
60,20,40,0,1,0,0,128,6,2367,normal,attack
838,20,824,0,1,0,0,63,6,22,attack,attack
1514,20,1500,0,1,0,0,63,6,22,normal,normal
60,20,40,0,1,0,0,63,6,22,normal,normal
60,20,40,0,1,0,0,128,6,4533,normal,normal
1514,20,1500,0,1,0,0,45,6,80,normal,normal
1434,20,1420,0,1,0,0,52,6,64277,attack,attack
1514,20,1500,0,1,0,0,64,6,22,normal,normal
118,20,104,0,1,0,0,64,6,22,normal,normal
212,20,198,0,0,0,0,105,17,0,attack,attack
1434,20,1420,0,1,0,0,241,6,80,normal,normal
212,20,198,0,0,0,0,112,17,0,attack,attack
418,20,404,0,1,0,0,64,6,22,normal,normal
1223,20,1209,0,1,0,0,59,6,80,normal,normal
60,20,40,0,1,0,0,56,6,80,normal,normal
1480,20,1466,0,0,0,0,110,17,0,attack,attack
1514,20,1500,0,1,0,0,63,6,22,normal,normal
1514,20,1500,0,1,0,0,63,6,22,normal,normal
212,20,198,0,0,0,0,105,17,0,attack,attack
1514,20,1500,0,1,0,0,64,6,22,attack,attack
92,20,78,0,0,0,0,128,17,0,normal,normal
212,20,198,0,0,0,0,112,17,0,attack,attack
126,20,112,0,1,0,0,63,6,22,normal,normal
110,20,96,0,1,0,0,64,6,22,normal,normal
62,20,48,0,0,0,0,128,17,0,attack,attack
62,20,48,0,0,0,0,128,17,0,attack,attack
566,20,552,0,0,0,0,47,6,51413,attack,attack
60,20,40,0,1,0,0,128,6,1076,attack,attack
1514,20,1500,0,1,0,0,64,6,22,normal,normal
639,20,625,0,0,0,0,108,17,0,attack,attack
590,20,576,0,1,0,0,113,6,80,attack,attack
110,20,96,0,1,0,0,63,6,22,normal,normal
86,20,72,0,1,0,0,63,6,22,attack,attack
60,20,40,0,1,0,0,64,6,22,normal,normal
62,20,48,0,1,0,0,63,6,22,normal,normal
60,20,40,0,1,0,0,128,6,1729,normal,normal
126,20,112,0,1,0,0,128,6,3173,normal,normal
118,20,104,0,1,0,0,64,6,22,normal,normal
62,20,48,0,1,0,0,128,6,3058,normal,normal
60,20,40,0,1,0,0,128,6,2115,attack,attack
1434,20,1420,0,1,0,0,49,6,80,normal,normal
142,20,128,0,1,0,0,128,6,2100,attack,attack
62,20,48,0,0,0,0,128,17,0,attack,attack
1514,20,1500,0,1,0,0,54,6,80,normal,normal
60,20,40,0,1,0,0,128,6,4015,normal,normal
142,20,128,0,1,0,0,128,6,4184,normal,attack
662,20,648,0,0,0,0,112,17,0,attack,attack
110,20,96,0,1,0,0,128,6,4869,normal,attack
60,20,40,0,1,0,0,128,6,15871,normal,normal
60,20,40,0,1,0,0,128,6,4501,normal,normal
62,20,48,0,0,0,0,128,17,0,attack,attack
1514,20,1500,0,1,0,0,41,6,80,normal,normal
60,20,40,0,1,0,0,128,6,4531,normal,normal
62,20,48,0,0,0,0,128,17,0,attack,attack
1514,20,1500,0,1,0,0,56,6,80,normal,normal
156,20,142,0,1,0,0,128,6,4501,normal,normal
60,20,40,0,0,0,0,128,6,2120,attack,attack
1514,20,1500,0,1,0,0,64,6,22,attack,attack
1480,20,1466,0,0,0,0,111,17,0,attack,attack
68,20,54,0,0,0,0,128,17,0,attack,attack
1514,20,1500,0,1,0,0,64,6,22,normal,normal
212,20,198,0,0,0,0,112,17,0,attack,attack
1514,20,1500,0,1,0,0,64,6,22,normal,attack
1514,20,1500,0,1,0,0,52,6,80,normal,normal
92,20,78,0,1,0,0,128,6,2109,attack,attack
60,20,40,0,1,0,0,128,6,2090,attack,attack
1514,20,1500,0,1,0,0,59,6,80,normal,normal
60,20,40,0,1,0,0,128,6,3171,normal,normal
66,20,52,0,1,0,0,52,6,25,attack,attack
62,20,48,0,0,0,0,128,17,0,attack,attack
1514,20,1500,0,1,0,0,47,6,6969,attack,attack
1514,20,1500,0,1,0,0,64,6,22,attack,attack
62,20,48,0,0,0,0,128,17,0,attack,attack
60,20,40,0,1,0,0,128,6,3866,attack,attack
1434,20,1420,0,1,0,0,241,6,80,normal,normal
142,20,128,0,1,0,0,63,6,22,normal,normal
1514,20,1500,0,1,0,0,64,6,22,normal,normal
72,20,58,0,1,0,0,64,6,110,attack,attack
1514,20,1500,0,1,0,0,41,6,80,attack,attack
70,20,56,0,1,0,0,128,6,4897,normal,normal
1514,20,1500,0,1,0,0,63,6,22,normal,normal
110,20,96,0,1,0,0,64,6,22,attack,attack
1514,20,1500,0,1,0,0,64,6,22,attack,attack
60,20,40,0,1,0,0,128,6,1229,normal,normal
1514,20,1500,0,1,0,0,64,6,22,normal,normal
154,20,140,0,1,0,0,112,6,48544,attack,attack
60,20,40,0,1,0,0,128,6,4529,normal,normal
362,20,348,0,0,0,0,111,17,0,attack,attack
1434,20,1420,0,1,0,0,52,6,64277,attack,attack
1514,20,1500,0,1,0,0,108,6,57421,attack,attack
1514,20,1500,0,1,0,0,63,6,22,normal,normal
102,20,88,0,1,0,0,63,6,22,normal,normal
60,20,40,0,1,0,0,113,6,80,attack,attack
662,20,648,0,0,0,0,108,17,0,attack,attack
965,20,951,0,1,0,0,41,6,80,attack,attack
110,20,96,0,1,0,0,128,6,2097,attack,attack
60,20,40,0,1,0,0,128,6,2114,attack,attack
66,20,52,0,1,0,0,52,6,25,attack,attack
60,20,40,0,1,0,0,128,6,1724,normal,normal
100,20,86,0,0,0,0,106,17,0,attack,attack
212,20,198,0,0,0,0,112,17,0,attack,attack
119,20,105,0,1,0,0,128,6,3841,normal,normal
1506,20,1492,0,1,0,0,109,6,26076,attack,attack
212,20,198,0,0,0,0,112,17,0,attack,attack
102,20,88,0,1,0,0,63,6,22,normal,normal
60,20,40,0,1,0,0,128,6,1724,normal,normal
60,20,40,0,1,0,0,128,6,1027,attack,attack
1514,20,1500,0,1,0,0,43,6,80,normal,normal
1434,20,1420,0,1,0,0,241,6,80,normal,normal
1434,20,1420,0,1,0,0,241,6,80,normal,normal
1514,20,1500,0,1,0,0,64,6,22,normal,normal
1514,20,1500,0,1,0,0,64,6,22,normal,normal
1502,20,1488,0,1,0,0,56,6,80,normal,normal
1514,20,1500,0,1,0,0,63,6,22,normal,normal
1514,20,1500,0,1,0,0,63,6,22,normal,normal
110,20,96,0,1,0,0,63,6,22,normal,normal
1514,20,1500,0,1,0,0,63,6,22,attack,attack
60,20,40,0,1,0,0,128,6,2115,attack,attack
86,20,72,0,1,0,0,64,6,22,normal,normal
662,20,648,0,0,0,0,111,17,0,attack,attack
60,20,40,0,1,0,0,128,6,4501,normal,normal
362,20,348,0,0,0,0,111,17,0,attack,attack
60,20,40,0,1,0,0,128,6,1225,normal,normal
110,20,96,0,1,0,0,63,6,22,normal,normal
60,20,40,0,1,0,0,128,6,4512,normal,normal
1514,20,1500,0,1,0,0,63,6,22,normal,normal
1514,20,1500,0,1,0,0,46,6,80,normal,normal
60,20,40,0,1,0,0,128,6,2491,normal,normal
60,20,40,0,1,0,0,41,6,9090,attack,attack
1480,20,1466,0,0,0,0,115,17,0,attack,attack
212,20,198,0,0,0,0,105,17,0,attack,attack
1480,20,1466,0,0,0,0,45,17,0,attack,attack
1434,20,1420,0,1,0,0,241,6,80,normal,normal
60,20,40,0,1,0,0,89,6,80,normal,normal
1514,20,1500,0,1,0,0,52,6,80,normal,normal
212,20,198,0,0,0,0,112,17,0,attack,attack
62,20,48,0,0,0,0,128,17,0,attack,attack
60,20,40,0,1,0,0,128,6,4498,normal,normal
1514,20,1500,0,1,0,0,63,6,22,attack,attack
110,20,96,0,1,0,0,63,6,22,normal,normal
418,20,404,0,1,0,0,63,6,22,attack,attack
212,20,198,0,0,0,0,105,17,0,attack,attack
167,20,153,0,0,0,0,128,17,0,attack,attack
110,20,96,0,1,0,0,64,6,22,attack,attack
1434,20,1420,0,1,0,0,241,6,80,normal,normal
827,20,813,0,1,0,0,52,6,51413,attack,attack
126,20,112,0,1,0,0,64,6,22,normal,normal
1506,20,1492,0,1,0,0,109,6,26076,attack,attack
1434,20,1420,0,1,0,0,241,6,80,normal,normal
62,20,48,0,0,0,0,128,17,0,attack,attack
62,20,48,0,0,0,0,128,17,0,attack,attack
60,20,40,0,1,0,0,128,6,1722,normal,normal
60,20,40,0,1,0,0,64,6,22,normal,normal
1514,20,1500,0,1,0,0,64,6,22,normal,normal
1514,20,1500,0,1,0,0,107,6,48412,attack,attack
1480,20,1466,0,0,0,0,109,17,0,attack,attack
1514,20,1500,0,1,0,0,64,6,22,normal,normal
1514,20,1500,0,1,0,0,64,6,22,attack,attack
1514,20,1500,0,1,0,0,63,6,22,normal,normal
774,20,760,0,1,0,0,63,6,22,normal,normal
60,20,40,0,1,0,0,128,6,1715,normal,normal
60,20,40,0,1,0,0,128,6,4512,normal,normal
566,20,552,0,0,0,0,47,6,51413,attack,attack
66,20,52,0,1,0,0,128,6,2115,attack,attack
1434,20,1420,0,1,0,0,52,6,64277,attack,attack
60,20,40,0,1,0,0,128,6,4960,attack,attack
60,20,40,0,1,0,0,41,6,80,normal,normal
396,20,382,0,1,0,0,109,6,26076,attack,attack
60,20,40,0,1,0,0,63,6,22,attack,attack
1078,20,1064,0,1,0,0,47,6,51413,attack,attack
1514,20,1500,0,1,0,0,47,6,6969,attack,attack
60,20,40,0,1,0,0,63,6,22,normal,normal
1434,20,1420,0,1,0,0,241,6,80,normal,normal
1514,20,1500,0,1,0,0,43,6,80,normal,attack
142,20,128,0,1,0,0,128,6,3930,normal,normal
60,20,40,0,1,0,0,128,6,2090,attack,attack
60,20,40,0,1,0,0,128,6,1735,normal,normal
60,20,40,0,1,0,0,128,6,1058,attack,attack
362,20,348,0,0,0,0,108,17,0,attack,attack
60,20,40,0,1,0,0,63,6,22,normal,normal
1434,20,1420,0,1,0,0,240,6,80,normal,normal
662,20,648,0,0,0,0,112,17,0,attack,attack
60,20,40,0,1,0,0,128,6,15865,normal,normal
1434,20,1420,0,1,0,0,241,6,80,normal,normal
88,20,74,0,0,0,0,64,17,0,normal,normal
62,20,48,0,1,0,0,63,6,22,normal,normal
60,20,40,0,1,0,0,128,6,1724,normal,normal
272,20,258,0,1,0,0,43,6,80,normal,normal
60,20,40,0,1,0,0,128,6,2367,attack,attack
1514,20,1500,0,1,0,0,56,6,80,normal,normal
60,20,40,0,1,0,0,63,6,22,attack,attack
60,20,40,0,1,0,0,128,6,4501,normal,normal
1514,20,1500,0,1,0,0,50,6,80,normal,normal
60,20,40,0,1,0,0,128,6,2985,normal,normal
838,20,824,0,1,0,0,64,6,22,normal,normal
611,20,597,0,1,0,0,109,6,22,attack,attack
190,20,176,0,1,0,0,63,6,22,normal,normal
60,20,40,0,1,0,0,128,6,2985,normal,normal
1434,20,1420,0,1,0,0,48,6,80,normal,normal
1514,20,1500,0,1,0,0,63,6,22,normal,normal
1514,20,1500,0,1,0,0,41,6,80,normal,normal
102,20,88,0,1,0,0,63,6,22,normal,normal
1494,20,1480,0,1,0,0,109,6,22,attack,attack
60,20,40,0,1,0,0,128,6,51063,normal,normal
62,20,48,0,0,0,0,128,17,0,attack,attack
1480,20,1466,0,0,0,0,113,17,0,attack,attack
1434,20,1420,0,1,0,0,241,6,80,normal,normal
1484,20,1470,0,0,0,0,55,6,80,normal,normal
60,20,40,0,1,0,0,128,6,3115,normal,normal
60,20,40,0,1,0,0,128,6,1729,normal,normal
94,20,80,0,1,0,0,128,6,3937,normal,normal
110,20,96,0,1,0,0,128,6,4865,attack,attack
62,20,48,0,1,0,0,128,6,4778,attack,attack
1434,20,1420,0,1,0,0,48,6,80,normal,normal
62,20,48,0,0,0,0,128,17,0,attack,attack
86,20,72,0,1,0,0,64,6,22,attack,attack
1514,20,1500,0,1,0,0,52,6,51413,attack,attack
1514,20,1500,0,1,0,0,63,6,22,normal,normal
1514,20,1500,0,1,0,0,64,6,22,attack,attack
62,20,48,0,0,0,0,107,17,0,attack,attack
1434,20,1420,0,1,0,0,241,6,80,normal,normal
60,20,40,0,1,0,0,128,6,2490,normal,normal
134,20,120,0,1,0,0,52,6,64277,attack,attack
126,20,112,0,1,0,0,128,6,1229,normal,normal
206,20,192,0,1,0,0,128,6,4005,normal,normal
94,20,80,0,1,0,0,64,6,22,normal,attack
102,20,88,0,1,0,0,128,6,2493,normal,normal
60,20,40,0,1,0,0,64,6,22,normal,normal
60,20,40,0,1,0,0,128,6,1728,normal,normal
60,20,40,0,1,0,0,128,6,4489,normal,normal
60,20,40,0,1,0,0,128,6,3937,normal,normal
1514,20,1500,0,1,0,0,64,6,22,normal,normal
546,20,532,0,1,0,0,49,6,80,normal,normal
60,20,40,0,1,0,0,128,6,4186,normal,normal
142,20,128,0,1,0,0,128,6,58992,attack,attack
1480,20,1466,0,0,0,0,107,17,0,attack,attack
126,20,112,0,1,0,0,128,6,3933,normal,normal
60,20,40,0,1,0,0,128,6,4509,normal,normal
60,20,40,0,1,0,0,128,6,51063,normal,normal
1434,20,1420,0,1,0,0,241,6,80,normal,normal
418,20,404,0,1,0,0,64,6,22,normal,normal
1012,20,998,0,1,0,0,52,6,80,normal,normal
1514,20,1500,0,1,0,0,63,6,22,normal,attack
60,20,40,0,1,0,0,128,6,1729,normal,normal
1514,20,1500,0,1,0,0,63,6,22,normal,attack
62,20,48,0,1,0,0,63,6,22,normal,normal
1434,20,1420,0,1,0,0,241,6,80,normal,normal
141,20,127,0,0,0,0,64,17,0,normal,normal
60,20,40,0,1,0,0,128,6,4538,normal,normal
60,20,40,0,1,0,0,63,6,22,normal,normal
62,20,48,0,1,0,0,56,6,80,normal,normal
461,20,447,0,1,0,0,43,6,80,attack,attack
774,20,760,0,1,0,0,63,6,22,normal,normal
1514,20,1500,0,1,0,0,51,6,80,normal,normal
62,20,48,0,1,0,0,128,6,3824,normal,normal
590,20,576,0,0,0,0,113,6,6880,attack,attack
62,20,48,0,0,0,0,128,17,0,attack,attack
1262,20,1248,0,0,0,0,110,17,0,attack,attack
60,20,40,0,1,0,0,128,6,2115,attack,attack
66,20,52,0,1,0,0,128,6,2374,attack,attack
62,20,48,0,0,0,0,128,17,0,attack,attack
62,20,48,0,0,0,0,128,17,0,attack,attack
1434,20,1420,0,1,0,0,241,6,80,normal,normal
1514,20,1500,0,1,0,0,63,6,22,normal,attack
212,20,198,0,0,0,0,112,17,0,attack,attack
212,20,198,0,0,0,0,105,17,0,attack,attack
86,20,72,0,1,0,0,64,6,22,normal,normal
62,20,48,0,0,0,0,128,17,0,attack,attack
1514,20,1500,0,1,0,0,63,6,22,normal,normal
212,20,198,0,0,0,0,112,17,0,attack,attack
1514,20,1500,0,1,0,0,41,6,80,normal,normal
1434,20,1420,0,1,0,0,241,6,80,normal,normal
110,20,96,0,1,0,0,64,6,22,normal,normal
120,20,106,0,1,0,0,128,6,15873,normal,normal
1514,20,1500,0,1,0,0,63,6,22,normal,normal
62,20,48,0,0,0,0,111,17,0,attack,attack
62,20,48,0,1,0,0,109,6,26076,attack,attack
60,20,40,0,1,0,0,128,6,2985,normal,normal
60,20,40,0,1,0,0,128,6,2110,attack,attack
1514,20,1500,0,1,0,0,64,6,22,normal,normal
60,20,40,0,0,0,0,128,6,2141,attack,attack
60,20,40,0,1,0,0,128,6,2318,attack,attack
1514,20,1500,0,1,0,0,64,6,22,normal,normal
118,20,104,0,1,0,0,64,6,22,attack,attack
1414,20,1400,0,1,0,0,112,6,48544,attack,attack
110,20,96,0,1,0,0,128,6,4007,normal,normal
418,20,404,0,1,0,0,64,6,22,normal,normal
60,20,40,0,1,0,0,128,6,1231,normal,normal
1480,20,1466,0,0,0,0,111,17,0,attack,attack
60,20,40,0,1,0,0,63,6,22,normal,normal
1480,20,1466,0,0,0,0,107,17,0,attack,attack
1514,20,1500,0,1,0,0,64,6,22,normal,normal
1514,20,1500,0,1,0,0,64,6,22,attack,attack
62,20,48,0,0,0,0,128,17,0,attack,attack
60,20,40,0,1,0,0,128,6,4015,normal,normal
449,20,435,0,1,0,0,128,6,2479,normal,normal
1514,20,1500,0,1,0,0,63,6,22,normal,normal
1514,20,1500,0,1,0,0,64,6,22,normal,attack
1514,20,1500,0,1,0,0,64,6,22,normal,normal
1434,20,1420,0,1,0,0,241,6,80,normal,normal
212,20,198,0,0,0,0,112,17,0,attack,attack
62,20,48,0,1,0,0,64,6,22,attack,normal
1480,20,1466,0,0,0,0,115,17,0,attack,attack
60,20,40,0,1,0,0,128,6,2328,attack,attack
60,20,40,0,1,0,0,128,6,1989,attack,attack
143,20,129,0,1,0,0,128,6,1033,attack,attack
60,20,40,0,1,0,0,128,6,3818,normal,normal
1514,20,1500,0,1,0,0,107,6,48412,attack,attack
782,20,768,0,1,0,0,63,6,22,attack,attack
566,20,552,0,0,0,0,47,6,51413,attack,attack
60,20,40,0,1,0,0,128,6,4901,normal,normal
60,20,40,0,1,0,0,128,6,59000,attack,attack
1414,20,1400,0,1,0,0,112,6,48544,attack,attack
60,20,40,0,1,0,0,128,6,1724,normal,normal
1514,20,1500,0,1,0,0,64,6,22,attack,attack
62,20,48,0,0,0,0,128,17,0,attack,attack
102,20,88,0,1,0,0,64,6,22,normal,normal
1514,20,1500,0,1,0,0,64,6,22,normal,attack
1514,20,1500,0,1,0,0,63,6,22,normal,normal
1514,20,1500,0,1,0,0,63,6,22,normal,normal
60,20,40,0,1,0,0,64,6,22,normal,normal
1514,20,1500,0,1,0,0,64,6,22,normal,normal
68,20,54,0,0,0,0,128,17,0,attack,attack
60,20,40,0,1,0,0,128,6,1055,attack,attack
782,20,768,0,1,0,0,63,6,22,normal,normal
134,20,120,0,1,0,0,52,6,64277,attack,attack
1514,20,1500,0,1,0,0,117,6,80,normal,normal
1514,20,1500,0,1,0,0,64,6,22,attack,attack
1514,20,1500,0,1,0,0,46,6,80,normal,normal
1514,20,1500,0,1,0,0,63,6,22,normal,normal
1480,20,1466,0,0,0,0,113,17,0,attack,attack
86,20,72,0,1,0,0,63,6,22,normal,normal
1434,20,1420,0,1,0,0,241,6,80,normal,normal
60,20,40,0,1,0,0,128,6,1729,normal,normal
909,20,895,0,1,0,0,64,6,80,normal,normal
1514,20,1500,0,1,0,0,106,6,27571,attack,attack
60,20,40,0,1,0,0,128,6,3940,normal,normal
1514,20,1500,0,1,0,0,63,6,22,normal,normal
1434,20,1420,0,1,0,0,241,6,80,normal,normal
1480,20,1466,0,0,0,0,45,17,0,attack,attack
60,20,40,0,1,0,0,128,6,4874,attack,attack
662,20,648,0,0,0,0,108,17,0,attack,attack
62,20,48,0,1,0,0,109,6,26076,attack,attack
1514,20,1500,0,1,0,0,64,6,22,normal,normal
827,20,813,0,1,0,0,52,6,51413,attack,attack
1514,20,1500,0,1,0,0,64,6,22,normal,normal
141,20,127,0,1,0,0,128,6,4488,normal,normal
1514,20,1500,0,1,0,0,63,6,22,normal,normal
1514,20,1500,0,1,0,0,63,6,22,normal,normal
60,20,40,0,1,0,0,64,6,22,normal,attack
212,20,198,0,0,0,0,105,17,0,attack,attack
212,20,198,0,0,0,0,112,17,0,attack,attack
62,20,48,0,0,0,0,128,17,0,attack,attack
60,20,40,0,1,0,0,128,6,3019,normal,normal
60,20,40,0,1,0,0,128,6,4533,normal,normal
1012,20,998,0,1,0,0,41,6,80,normal,normal
60,20,40,0,1,0,0,128,6,1715,normal,normal
62,20,48,0,0,0,0,128,17,0,attack,attack
1514,20,1500,0,1,0,0,63,6,22,attack,attack
62,20,48,0,0,0,0,128,17,0,attack,attack
1514,20,1500,0,1,0,0,64,6,22,normal,normal
79,20,65,0,0,0,0,128,17,0,attack,attack
68,20,54,0,0,0,0,128,17,0,attack,attack
1514,20,1500,0,1,0,0,64,6,22,normal,normal
71,20,57,0,0,0,0,128,6,2109,attack,attack
1514,20,1500,0,1,0,0,54,6,80,normal,normal
212,20,198,0,0,0,0,112,17,0,attack,attack
1480,20,1466,0,1,0,0,111,17,0,attack,attack
1514,20,1500,0,1,0,0,43,6,80,normal,normal
1514,20,1500,0,1,0,0,63,6,22,normal,normal
1514,20,1500,0,1,0,0,63,6,22,attack,attack
60,20,40,0,1,0,0,128,6,2115,attack,attack
102,20,88,0,1,0,0,63,6,22,attack,attack
100,20,86,0,1,0,0,128,6,3019,normal,normal
62,20,48,0,0,0,0,128,17,0,attack,attack
62,20,48,0,0,0,0,128,17,0,attack,attack
60,20,40,0,1,0,0,64,6,22,normal,normal
1262,20,1248,0,0,0,0,110,17,0,attack,attack
1514,20,1500,0,1,0,0,64,6,22,attack,attack
62,20,48,0,1,0,0,128,6,3939,normal,normal
838,20,824,0,1,0,0,64,6,22,normal,normal
62,20,48,0,1,0,0,128,6,2379,attack,attack
212,20,198,0,1,0,0,111,17,0,attack,attack
60,20,40,0,1,0,0,128,6,1732,normal,normal
1434,20,1420,0,1,0,0,241,6,80,normal,normal
1514,20,1500,0,1,0,0,51,6,80,normal,normal
1480,20,1466,0,0,0,0,111,17,0,attack,attack
212,20,198,0,0,0,0,45,17,0,attack,attack
60,20,40,0,1,0,0,63,6,22,attack,attack
60,20,40,0,1,0,0,41,6,80,attack,attack
838,20,824,0,1,0,0,63,6,22,attack,attack
212,20,198,0,0,0,0,112,17,0,attack,attack
62,20,48,0,1,0,0,110,17,0,attack,attack
1514,20,1500,0,1,0,0,64,6,22,normal,normal
116,20,102,0,1,0,0,128,6,4516,normal,normal
60,20,40,0,1,0,0,128,6,3019,normal,normal
1434,20,1420,0,1,0,0,241,6,80,normal,normal
1514,20,1500,0,1,0,0,64,6,22,normal,normal
774,20,760,0,1,0,0,63,6,22,attack,attack
1514,20,1500,0,1,0,0,64,6,22,attack,attack
60,20,40,0,1,0,0,128,6,4501,normal,normal
60,20,40,0,1,0,0,128,6,4860,attack,attack
60,20,40,0,1,0,0,128,6,2114,attack,attack
1514,20,1500,0,1,0,0,41,6,80,normal,normal
154,20,140,0,1,0,0,112,6,48544,attack,attack
134,20,120,0,1,0,0,63,6,22,normal,attack
1514,20,1500,0,1,0,0,63,6,80,normal,normal
1514,20,1500,0,1,0,0,64,6,22,normal,normal
1262,20,1248,0,0,0,0,110,17,0,attack,attack
1514,20,1500,0,1,0,0,41,6,80,normal,normal
60,20,40,0,1,0,0,63,6,22,normal,normal
60,20,40,0,1,0,0,128,6,2367,attack,attack
1514,20,1500,0,1,0,0,41,6,80,normal,normal
212,20,198,0,0,0,0,108,17,0,attack,attack
1514,20,1500,0,1,0,0,64,6,22,normal,normal
60,20,40,0,1,0,0,128,6,2296,attack,attack
126,20,112,0,1,0,0,128,6,4182,normal,normal
1514,20,1500,0,1,0,0,64,6,22,attack,attack
60,20,40,0,1,0,0,41,6,80,attack,attack
1514,20,1500,0,1,0,0,63,6,22,normal,normal
60,20,40,0,1,0,0,41,6,80,attack,attack
62,20,48,0,0,0,0,128,17,0,attack,attack
62,20,48,0,1,0,0,128,6,1033,attack,attack
1514,20,1500,0,1,0,0,64,6,22,normal,normal
62,20,48,0,0,0,0,128,17,0,attack,attack
60,20,40,0,1,0,0,128,6,2296,attack,attack
102,20,88,0,1,0,0,128,6,16812,normal,normal
1514,20,1500,0,1,0,0,108,6,57421,attack,attack
1480,20,1466,0,0,0,0,107,17,0,attack,attack
1514,20,1500,0,1,0,0,107,6,48412,attack,attack
126,20,112,0,1,0,0,63,6,22,normal,normal
1514,20,1500,0,1,0,0,47,6,80,normal,normal
62,20,48,0,0,0,0,128,17,0,attack,attack
1480,20,1466,0,0,0,0,113,17,0,attack,attack
1514,20,1500,0,1,0,0,64,6,22,normal,normal
212,20,198,0,0,0,0,112,17,0,attack,attack
1514,20,1500,0,1,0,0,64,6,22,normal,normal
62,20,48,0,0,0,0,128,17,0,attack,attack
1514,20,1500,0,1,0,0,52,6,80,normal,normal
62,20,48,0,1,0,0,128,6,3030,normal,normal
80,20,66,0,0,0,0,128,6,2109,attack,attack
1514,20,1500,0,1,0,0,63,6,22,normal,normal
1480,20,1466,0,0,0,0,113,17,0,attack,attack
62,20,48,0,0,0,0,112,17,0,attack,attack
126,20,112,0,1,0,0,128,6,2923,attack,attack
418,20,404,0,1,0,0,63,6,22,normal,normal
126,20,112,0,1,0,0,63,6,22,normal,normal
1480,20,1466,0,1,0,0,111,17,0,attack,attack
126,20,112,0,1,0,0,64,6,22,normal,normal
92,20,78,0,1,0,0,128,6,4179,normal,normal
126,20,112,0,1,0,0,64,6,22,normal,normal
102,20,88,0,1,0,0,128,6,4181,normal,normal
94,20,80,0,1,0,0,128,6,4499,normal,normal
755,20,741,0,1,0,0,64,6,80,normal,normal
60,20,40,0,1,0,0,128,6,3020,normal,normal
60,20,40,0,1,0,0,128,6,4915,normal,normal
214,20,200,0,1,0,0,52,6,64277,attack,attack
1514,20,1500,0,1,0,0,63,6,22,normal,normal
1480,20,1466,0,1,0,0,118,17,0,attack,attack
118,20,104,0,1,0,0,64,6,22,normal,normal
118,20,104,0,1,0,0,64,6,22,attack,attack
1434,20,1420,0,1,0,0,52,6,64277,attack,attack
1434,20,1420,0,1,0,0,241,6,80,normal,normal
1514,20,1500,0,1,0,0,63,6,22,attack,attack
1514,20,1500,0,1,0,0,41,6,80,normal,normal
172,20,158,0,0,0,0,63,17,0,normal,normal
662,20,648,0,0,0,0,111,17,0,attack,attack
60,20,40,0,1,0,0,128,6,2106,attack,attack
93,20,79,0,1,0,0,64,6,22,normal,normal
1514,20,1500,0,1,0,0,47,6,80,normal,normal
1514,20,1500,0,1,0,0,41,6,80,normal,normal
118,20,104,0,1,0,0,64,6,22,normal,normal
1434,20,1420,0,1,0,0,241,6,80,normal,normal
1434,20,1420,0,1,0,0,241,6,80,normal,normal
60,20,40,0,1,0,0,128,6,4895,normal,normal
1434,20,1420,0,1,0,0,241,6,80,normal,normal
1506,20,1492,0,1,0,0,109,6,26076,attack,attack
1484,20,1470,0,0,0,0,55,6,80,normal,normal
60,20,40,0,1,0,0,128,6,2115,attack,attack
126,20,112,0,1,0,0,64,6,22,normal,normal
60,20,40,0,1,0,0,128,6,2985,normal,normal
212,20,198,0,0,0,0,112,17,0,attack,attack
68,20,54,0,0,0,0,128,17,0,attack,attack
1514,20,1500,0,1,0,0,64,6,22,normal,normal
1434,20,1420,0,1,0,0,241,6,80,normal,normal
243,20,229,0,0,0,0,128,17,0,attack,attack
1514,20,1500,0,1,0,0,64,6,22,normal,normal
1514,20,1500,0,1,0,0,63,6,22,normal,normal
1434,20,1420,0,1,0,0,241,6,80,normal,normal
142,20,128,0,1,0,0,128,6,2928,attack,attack
1480,20,1466,0,0,0,0,111,17,0,attack,attack
60,20,40,0,1,0,0,56,6,80,normal,normal
60,20,40,0,1,0,0,128,6,4521,normal,normal
67,20,53,0,0,0,0,45,17,0,attack,attack
1514,20,1500,0,1,0,0,64,6,22,normal,normal
1514,20,1500,0,1,0,0,64,6,22,normal,normal
62,20,48,0,0,0,0,128,17,0,attack,attack
126,20,112,0,1,0,0,63,6,22,normal,normal
142,20,128,0,1,0,0,63,6,22,normal,normal
590,20,576,0,0,0,0,108,6,51884,attack,attack
362,20,348,0,0,0,0,112,17,0,attack,attack
125,20,111,0,1,0,0,128,6,2985,normal,normal
909,20,895,0,1,0,0,64,6,80,normal,normal
212,20,198,0,0,0,0,112,17,0,attack,attack
1514,20,1500,0,1,0,0,41,6,80,normal,normal
838,20,824,0,1,0,0,63,6,22,normal,normal
861,20,847,0,0,0,0,113,17,0,attack,attack
1514,20,1500,0,1,0,0,63,6,22,normal,normal
60,20,40,0,1,0,0,128,6,2987,normal,normal
62,20,48,0,0,0,0,128,17,0,attack,attack
1514,20,1500,0,1,0,0,63,6,22,normal,normal
1514,20,1500,0,1,0,0,63,6,22,normal,normal
190,20,176,0,1,0,0,64,6,22,normal,normal
662,20,648,0,0,0,0,109,17,0,attack,attack
154,20,140,0,1,0,0,112,6,48544,attack,attack
94,20,80,0,1,0,0,128,6,2489,normal,normal
86,20,72,0,1,0,0,64,6,22,normal,normal
1514,20,1500,0,1,0,0,63,6,22,normal,normal
418,20,404,0,1,0,0,63,6,22,normal,normal
212,20,198,0,0,0,0,106,17,0,attack,attack
62,20,48,0,0,0,0,128,17,0,attack,attack
1514,20,1500,0,1,0,0,45,6,80,normal,normal
60,20,40,0,1,0,0,128,6,1729,normal,normal
1514,20,1500,0,1,0,0,43,6,80,normal,normal
60,20,40,0,1,0,0,128,6,1728,normal,normal
1514,20,1500,0,1,0,0,64,6,22,attack,attack
590,20,576,0,0,0,0,108,6,51884,attack,attack
1262,20,1248,0,0,0,0,45,17,0,attack,attack
86,20,72,0,1,0,0,255,17,0,normal,normal
1480,20,1466,0,0,0,0,106,17,0,attack,attack
1480,20,1466,0,0,0,0,107,17,0,attack,attack
1480,20,1466,0,0,0,0,113,17,0,attack,attack
1434,20,1420,0,1,0,0,241,6,80,normal,normal
1514,20,1500,0,1,0,0,63,6,22,attack,attack
60,20,40,0,1,0,0,128,6,4025,normal,normal
62,20,48,0,0,0,0,128,17,0,attack,attack
212,20,198,0,0,0,0,112,17,0,attack,attack
110,20,96,0,1,0,0,128,6,4894,normal,normal
62,20,48,0,0,0,0,128,17,0,attack,attack
1434,20,1420,0,1,0,0,241,6,80,normal,normal
60,20,40,0,1,0,0,64,6,22,attack,attack
1514,20,1500,0,1,0,0,63,6,22,attack,attack
566,20,552,0,0,0,0,47,6,51413,attack,attack
1480,20,1466,0,0,0,0,110,17,0,attack,attack
60,20,40,0,1,0,0,64,6,22,normal,normal
62,20,48,0,0,0,0,128,17,0,attack,attack
60,20,40,0,1,0,0,128,6,4532,normal,normal
1514,20,1500,0,1,0,0,41,6,80,normal,normal
212,20,198,0,0,0,0,112,17,0,attack,attack
1480,20,1466,0,0,0,0,110,17,0,attack,attack
755,20,741,0,1,0,0,64,6,80,normal,normal
62,20,48,0,0,0,0,128,17,0,attack,attack
70,20,56,0,1,0,0,128,6,2920,attack,attack
1514,20,1500,0,1,0,0,64,6,22,normal,attack
1514,20,1500,0,1,0,0,41,6,80,normal,normal
1514,20,1500,0,1,0,0,59,6,80,normal,normal
126,20,112,0,1,0,0,64,6,22,normal,normal
60,20,40,0,1,0,0,128,6,4901,normal,normal
62,20,48,0,0,0,0,128,17,0,attack,attack
62,20,48,0,0,0,0,128,17,0,attack,attack
1434,20,1420,0,1,0,0,241,6,80,normal,normal
62,20,48,0,1,0,0,43,6,80,normal,normal
1514,20,1500,0,1,0,0,52,6,51413,attack,attack
62,20,48,0,0,0,0,128,17,0,attack,attack
1514,20,1500,0,1,0,0,52,6,80,normal,normal
1514,20,1500,0,1,0,0,53,6,80,normal,normal
94,20,80,0,1,0,0,128,6,15854,normal,normal
1414,20,1400,0,1,0,0,112,6,48544,attack,attack
86,20,72,0,1,0,0,64,6,22,normal,normal
1480,20,1466,0,0,0,0,107,17,0,attack,attack
1514,20,1500,0,1,0,0,64,6,22,normal,normal
362,20,348,0,0,0,0,110,17,0,attack,attack
782,20,768,0,1,0,0,48,6,80,normal,normal
60,20,40,0,1,0,0,128,6,4886,normal,attack
1514,20,1500,0,1,0,0,43,6,80,normal,normal
662,20,648,0,0,0,0,111,17,0,attack,attack
1514,20,1500,0,1,0,0,64,6,22,attack,attack
1494,20,1480,0,1,0,0,109,6,22,attack,attack
1514,20,1500,0,1,0,0,41,6,80,normal,normal
60,20,40,0,1,0,0,128,6,3866,normal,attack
1480,20,1466,0,0,0,0,112,17,0,attack,attack
1514,20,1500,0,1,0,0,41,6,80,normal,normal
86,20,72,0,1,0,0,64,6,22,normal,normal
1480,20,1466,0,0,0,0,106,17,0,attack,attack
640,20,626,0,1,0,0,56,6,80,normal,normal
1514,20,1500,0,1,0,0,64,6,22,attack,attack
60,20,40,0,1,0,0,128,6,1229,normal,normal
638,20,624,0,1,0,0,64,6,22,normal,normal
60,20,40,0,1,0,0,64,6,22,attack,attack
1077,20,1063,0,1,0,0,52,6,80,normal,normal
861,20,847,0,0,0,0,111,17,0,attack,attack
60,20,40,0,1,0,0,63,6,22,attack,attack
60,20,40,0,1,0,0,63,6,22,normal,normal
1434,20,1420,0,1,0,0,52,6,64277,attack,attack
1434,20,1420,0,1,0,0,241,6,80,normal,normal
1314,20,1300,0,1,0,0,48,6,55123,attack,attack
1514,20,1500,0,1,0,0,45,6,80,normal,normal
362,20,348,0,0,0,0,105,17,0,attack,attack
60,20,40,0,1,0,0,64,6,22,attack,attack
1514,20,1500,0,1,0,0,63,6,22,normal,normal
566,20,552,0,0,0,0,47,6,51413,attack,attack
62,20,48,0,0,0,0,128,17,0,attack,attack
177,20,163,0,0,0,0,128,17,0,attack,attack
60,20,40,0,1,0,0,128,6,2401,normal,normal
60,20,40,0,1,0,0,128,6,2928,attack,attack
1506,20,1492,0,1,0,0,112,6,35691,attack,attack
1480,20,1466,0,0,0,0,110,17,0,attack,attack
1514,20,1500,0,1,0,0,64,6,22,attack,attack
60,20,46,0,1,0,0,128,6,2165,attack,attack
110,20,96,0,1,0,0,128,6,3936,normal,normal
1514,20,1500,0,1,0,0,63,6,22,normal,attack
1480,20,1466,0,0,0,0,45,17,0,attack,attack
134,20,120,0,1,0,0,63,6,22,normal,normal
418,20,404,0,1,0,0,63,6,22,normal,normal
86,20,72,0,1,0,0,63,6,22,normal,normal
588,20,574,0,1,0,0,56,6,80,normal,normal
142,20,128,0,1,0,0,128,6,2394,normal,normal
1506,20,1492,0,1,0,0,109,6,26076,attack,attack
362,20,348,0,0,0,0,45,17,0,attack,attack
662,20,648,0,0,0,0,108,17,0,attack,attack
102,20,88,0,1,0,0,128,6,4501,normal,normal
1514,20,1500,0,1,0,0,63,6,22,attack,attack
70,20,56,0,1,0,0,109,6,26076,attack,attack
362,20,348,0,0,0,0,112,17,0,attack,attack
60,20,40,0,1,0,0,128,6,2928,attack,attack
362,20,348,0,0,0,0,112,17,0,attack,attack
100,20,86,0,0,0,0,111,17,0,attack,attack
1514,20,1500,0,1,0,0,41,6,80,normal,normal
212,20,198,0,0,0,0,112,17,0,attack,attack
212,20,198,0,0,0,0,106,17,0,attack,attack
62,20,48,0,0,0,0,128,17,0,attack,attack
60,20,40,0,0,0,0,128,6,2141,attack,attack
66,20,52,0,0,0,0,128,6,2141,attack,attack
1506,20,1492,0,1,0,0,109,6,26076,attack,attack
60,20,40,0,1,0,0,128,6,4515,normal,normal
1514,20,1500,0,1,0,0,106,6,27571,attack,attack
62,20,48,0,1,0,0,56,6,80,normal,normal
1514,20,1500,0,1,0,0,63,6,22,attack,attack
62,20,48,0,0,0,0,128,17,0,attack,attack
62,20,48,0,0,0,0,128,17,0,attack,attack
418,20,404,0,1,0,0,63,6,22,normal,normal
1432,20,1418,0,1,0,0,56,6,80,normal,normal
110,20,96,0,1,0,0,128,6,4779,normal,attack
60,20,40,0,1,0,0,64,6,22,normal,normal
60,20,40,0,1,0,0,128,6,3123,normal,normal
1514,20,1500,0,1,0,0,64,6,22,normal,normal
60,20,40,0,1,0,0,63,6,22,normal,normal
62,20,48,0,0,0,0,128,17,0,normal,attack
838,20,824,0,1,0,0,63,6,22,normal,normal
1514,20,1500,0,1,0,0,43,6,80,normal,normal
1514,20,1500,0,1,0,0,107,6,48412,attack,attack
1514,20,1500,0,1,0,0,63,6,22,normal,normal
126,20,112,0,1,0,0,64,6,22,normal,normal
1480,20,1466,0,0,0,0,108,17,0,attack,attack
650,20,636,0,1,0,0,45,6,51413,attack,attack
1514,20,1500,0,1,0,0,64,6,22,normal,normal
827,20,813,0,1,0,0,52,6,51413,attack,attack
60,20,40,0,1,0,0,241,6,80,normal,normal
62,20,48,0,0,0,0,128,17,0,attack,attack
60,20,40,0,1,0,0,128,6,4015,normal,normal
212,20,198,0,0,0,0,105,17,0,attack,attack
1480,20,1466,0,0,0,0,115,17,0,attack,attack
60,20,40,0,1,0,0,128,6,1701,normal,normal
1514,20,1500,0,1,0,0,63,6,22,attack,attack
1514,20,1500,0,1,0,0,64,6,22,attack,attack
1514,20,1500,0,1,0,0,43,6,80,normal,normal
1514,20,1500,0,1,0,0,54,6,80,normal,normal
60,20,40,0,1,0,0,128,6,4188,normal,normal
60,20,40,0,1,0,0,128,6,2367,attack,attack
102,20,88,0,1,0,0,128,6,4860,attack,attack
62,20,48,0,0,0,0,128,17,0,attack,attack
60,20,40,0,1,0,0,63,6,22,normal,normal
1514,20,1500,0,1,0,0,63,6,22,normal,normal
60,20,40,0,1,0,0,128,6,3858,attack,attack
1514,20,1500,0,1,0,0,63,6,22,attack,attack
895,20,881,0,1,0,0,63,6,80,normal,normal
93,20,79,0,1,0,0,64,6,22,attack,attack
212,20,198,0,0,0,0,112,17,0,attack,attack
60,0,0,0,0,0,0,0,0,0,normal,normal
1514,20,1500,0,1,0,0,41,6,80,normal,normal
418,20,404,0,1,0,0,64,6,22,attack,attack
60,20,40,0,1,0,0,41,6,80,normal,normal
60,20,40,0,1,0,0,128,6,2110,attack,attack
1514,20,1500,0,1,0,0,64,6,22,normal,normal
212,20,198,0,0,0,0,112,17,0,attack,attack
1514,20,1500,0,1,0,0,64,6,22,attack,attack
126,20,112,0,1,0,0,63,6,22,normal,normal
60,20,40,0,1,0,0,128,6,4501,normal,normal
1514,20,1500,0,1,0,0,64,6,22,normal,normal
60,20,40,0,1,0,0,128,6,59000,attack,attack
1165,20,1151,0,1,0,0,56,6,80,normal,normal
1514,20,1500,0,1,0,0,63,6,22,attack,attack
62,20,48,0,0,0,0,128,17,0,attack,attack
212,20,198,0,0,0,0,112,17,0,attack,attack
1514,20,1500,0,1,0,0,63,6,22,attack,attack
1514,20,1500,0,1,0,0,63,6,22,normal,normal
86,20,72,0,1,0,0,64,6,22,attack,attack
60,20,40,0,0,0,0,128,6,2214,attack,attack
60,20,40,0,1,0,0,64,6,22,normal,normal
62,20,48,0,0,0,0,128,17,0,attack,attack
1514,20,1500,0,1,0,0,64,6,22,attack,attack
60,20,40,0,1,0,0,128,6,2401,normal,normal
60,20,40,0,1,0,0,128,6,3173,normal,normal
1514,20,1500,0,1,0,0,63,6,22,normal,normal
110,20,96,0,1,0,0,63,6,22,normal,normal
1514,20,1500,0,1,0,0,45,6,80,normal,normal
212,20,198,0,0,0,0,112,17,0,attack,attack
1514,20,1500,0,1,0,0,51,6,80,normal,normal
60,20,40,0,1,0,0,41,6,80,normal,normal
60,20,40,0,1,0,0,128,6,2985,normal,normal
212,20,198,0,0,0,0,112,17,0,attack,attack
1480,20,1466,0,0,0,0,115,17,0,attack,attack
1514,20,1500,0,1,0,0,64,6,22,normal,normal
62,20,48,0,0,0,0,128,17,0,attack,attack
1514,20,1500,0,1,0,0,41,6,80,normal,normal
86,20,72,0,1,0,0,64,6,22,normal,normal
362,20,348,0,0,0,0,105,17,0,attack,attack
1514,20,1500,0,1,0,0,63,6,22,normal,normal
86,20,72,0,1,0,0,64,6,22,attack,attack
60,20,40,0,1,0,0,128,6,2985,normal,normal
1514,20,1500,0,1,0,0,64,6,22,attack,attack
60,20,40,0,1,0,0,46,6,80,normal,normal
60,20,40,0,1,0,0,128,6,1729,normal,normal
418,20,404,0,1,0,0,64,6,22,normal,normal
1514,20,1500,0,1,0,0,63,6,22,normal,normal
212,20,198,0,0,0,0,108,17,0,attack,attack
126,20,112,0,1,0,0,128,6,1707,normal,normal
60,20,40,0,1,0,0,128,6,1028,normal,attack
1480,20,1466,0,0,0,0,115,17,0,attack,attack
1480,20,1466,0,1,0,0,110,17,0,attack,attack
126,20,112,0,1,0,0,128,6,4492,normal,normal
62,20,48,0,0,0,0,128,17,0,attack,attack
212,20,198,0,0,0,0,112,17,0,attack,attack
126,20,112,0,1,0,0,64,6,22,normal,attack
60,20,40,0,1,0,0,128,6,2106,normal,attack
212,20,198,0,0,0,0,112,17,0,attack,attack
126,20,112,0,1,0,0,128,6,4498,normal,normal
60,20,40,0,1,0,0,128,6,59000,attack,attack
902,20,888,0,1,0,0,56,6,80,normal,normal
1514,20,1500,0,1,0,0,63,6,22,normal,normal
110,20,96,0,1,0,0,128,6,51063,normal,normal
62,20,48,0,0,0,0,128,17,0,attack,attack
1514,20,1500,0,1,0,0,41,6,80,normal,normal
102,20,88,0,1,0,0,63,6,22,normal,normal
60,20,40,0,1,0,0,128,6,2490,normal,normal
62,20,48,0,0,0,0,128,17,0,attack,attack
110,20,96,0,1,0,0,63,6,22,normal,normal
838,20,824,0,1,0,0,64,6,22,normal,attack
362,20,348,0,0,0,0,111,17,0,attack,attack
1480,20,1466,0,0,0,0,111,17,0,attack,attack
1514,20,1500,0,1,0,0,64,6,22,normal,normal
60,20,40,0,1,0,0,128,6,4521,normal,normal
1514,20,1500,0,1,0,0,64,6,80,normal,normal
1506,20,1492,0,1,0,0,45,6,51413,attack,attack
909,20,895,0,1,0,0,63,6,80,normal,normal
212,20,198,0,0,0,0,112,17,0,attack,attack
1434,20,1420,0,1,0,0,50,6,80,normal,normal
60,20,40,0,1,0,0,128,6,4565,normal,normal
126,20,112,0,1,0,0,128,6,4501,normal,normal
120,20,106,0,0,0,0,47,6,80,normal,normal
1514,20,1500,0,1,0,0,41,6,80,normal,normal
60,20,40,0,1,0,0,48,6,80,normal,normal
135,20,121,0,1,0,0,52,6,51413,attack,attack
1460,20,1446,0,1,0,0,45,6,80,normal,normal
341,20,327,0,1,0,0,41,6,80,attack,attack
142,20,128,0,1,0,0,128,6,4008,normal,normal
60,20,40,0,1,0,0,128,6,4500,normal,normal
206,20,192,0,1,0,0,128,6,15838,normal,normal
71,20,57,0,0,0,0,128,6,2214,attack,attack
62,20,48,0,0,0,0,128,17,0,attack,attack
60,20,40,0,1,0,0,64,6,22,normal,normal
60,20,40,0,1,0,0,41,6,80,attack,attack
60,20,40,0,1,0,0,63,6,22,attack,attack
60,20,40,0,1,0,0,64,6,22,normal,normal
1514,20,1500,0,1,0,0,63,6,22,attack,attack
60,20,40,0,1,0,0,64,6,22,attack,attack
1434,20,1420,0,1,0,0,241,6,80,normal,normal
1514,20,1500,0,1,0,0,63,6,22,normal,normal
190,20,176,0,1,0,0,63,6,22,attack,attack
1514,20,1500,0,1,0,0,63,6,22,normal,normal
60,20,40,0,1,0,0,128,6,4500,normal,normal
1514,20,1500,0,1,0,0,41,6,80,normal,normal
60,20,40,0,1,0,0,128,6,3019,normal,normal
68,20,54,0,0,0,0,128,17,0,attack,attack
1514,20,1500,0,1,0,0,64,6,22,attack,attack
1514,20,1500,0,1,0,0,43,6,80,normal,normal
1514,20,1500,0,1,0,0,63,6,80,normal,normal
60,20,40,0,1,0,0,63,6,22,normal,normal
60,20,40,0,1,0,0,128,6,2296,attack,attack
1514,20,1500,0,1,0,0,64,6,22,attack,attack
60,0,0,0,0,0,0,0,0,0,normal,normal
1434,20,1420,0,1,0,0,241,6,80,normal,normal
254,20,240,0,1,0,0,48,6,55123,attack,attack
212,20,198,0,0,0,0,105,17,0,attack,attack
68,20,54,0,0,0,0,128,17,0,attack,attack
1514,20,1500,0,1,0,0,63,6,22,normal,normal
60,20,44,0,1,0,0,49,6,80,normal,normal
62,20,48,0,0,0,0,128,17,0,attack,attack
110,20,96,0,1,0,0,128,6,2482,normal,normal
154,20,140,0,1,0,0,112,6,48544,attack,attack
60,20,40,0,1,0,0,128,6,4528,normal,normal
1514,20,1500,0,1,0,0,64,6,22,normal,normal
1480,20,1466,0,0,0,0,105,17,0,attack,attack
60,20,40,0,1,0,0,128,6,3937,normal,normal
1514,20,1500,0,1,0,0,63,6,22,normal,attack
214,20,200,0,1,0,0,52,6,64277,attack,attack
1434,20,1420,0,1,0,0,241,6,80,normal,normal
1434,20,1420,0,1,0,0,241,6,80,normal,normal
212,20,198,0,0,0,0,112,17,0,attack,attack
1514,20,1500,0,1,0,0,52,6,80,normal,normal
60,20,40,0,1,0,0,128,6,16816,normal,normal
1434,20,1420,0,1,0,0,241,6,80,normal,normal
62,20,48,0,0,0,0,128,17,0,attack,attack
662,20,648,0,0,0,0,108,17,0,attack,attack
126,20,112,0,1,0,0,128,6,15850,normal,normal
142,20,128,0,1,0,0,64,6,22,attack,attack
62,20,48,0,1,0,0,41,6,80,normal,normal
1514,20,1500,0,1,0,0,64,6,22,normal,normal
1514,20,1500,0,1,0,0,63,6,22,normal,normal
86,20,72,0,1,0,0,64,6,22,attack,attack
212,20,198,0,0,0,0,105,17,0,attack,attack
1434,20,1420,0,1,0,0,241,6,80,normal,normal
1514,20,1500,0,1,0,0,64,6,22,normal,normal
1514,20,1500,0,1,0,0,52,6,80,normal,normal
566,20,552,0,0,0,0,47,6,51413,attack,attack
1514,20,1500,0,1,0,0,64,6,22,normal,normal
60,20,40,0,0,0,0,128,6,2120,attack,attack
60,20,40,0,1,0,0,128,6,3019,normal,normal
60,20,40,0,1,0,0,128,6,2367,attack,attack
60,20,40,0,1,0,0,128,6,4901,normal,normal
1434,20,1420,0,1,0,0,241,6,80,normal,normal
142,20,128,0,1,0,0,63,6,22,attack,attack
1484,20,1470,0,0,0,0,55,6,80,normal,normal
146,20,132,0,1,0,0,128,6,1027,attack,attack
1502,20,1488,0,1,0,0,50,6,80,normal,normal
1514,20,1500,0,1,0,0,63,6,22,attack,attack
152,20,138,0,1,0,0,128,6,4020,normal,normal
1514,20,1500,0,1,0,0,106,6,27571,attack,attack
110,20,96,0,1,0,0,128,6,1720,normal,normal
60,20,40,0,1,0,0,128,6,3108,normal,normal
62,20,48,0,1,0,0,128,6,3855,normal,normal
60,20,40,0,1,0,0,128,6,2110,attack,attack
1514,20,1500,0,1,0,0,63,6,22,normal,normal
1514,20,1500,0,1,0,0,64,6,22,normal,normal
152,20,138,0,0,0,0,58,17,0,normal,normal
1434,20,1420,0,1,0,0,241,6,80,normal,normal
60,20,40,0,1,0,0,128,6,51090,normal,normal
60,20,40,0,1,0,0,128,6,3866,normal,attack
62,20,48,0,0,0,0,128,17,0,attack,attack
1159,20,1145,0,1,0,0,41,6,80,normal,normal
1480,20,1466,0,0,0,0,115,17,0,attack,attack
60,20,40,0,1,0,0,63,6,22,normal,normal
1434,20,1420,0,1,0,0,241,6,80,normal,normal
60,20,40,0,1,0,0,128,6,15852,normal,normal
611,20,597,0,1,0,0,109,6,22,attack,attack
1514,20,1500,0,1,0,0,41,6,80,normal,normal
60,20,40,0,1,0,0,128,6,3818,normal,normal
1514,20,1500,0,1,0,0,64,6,22,normal,normal
1480,20,1466,0,0,0,0,107,17,0,attack,attack
60,20,40,0,1,0,0,63,6,22,normal,normal
1514,20,1500,0,1,0,0,47,6,6969,attack,attack
62,20,48,0,0,0,0,128,17,0,attack,attack
72,20,58,0,0,0,0,128,17,0,attack,attack
212,20,198,0,0,0,0,106,17,0,attack,attack
662,20,648,0,0,0,0,108,17,0,attack,attack
1514,20,1500,0,1,0,0,64,6,22,attack,attack
86,20,72,0,1,0,0,63,6,22,attack,attack
62,20,48,0,0,0,0,128,17,0,attack,attack
1514,20,1500,0,1,0,0,64,6,22,normal,attack
1514,20,1500,0,1,0,0,63,6,22,normal,normal
1514,20,1500,0,1,0,0,64,6,22,normal,normal
110,20,96,0,1,0,0,128,6,4186,normal,attack
60,20,40,0,0,0,0,128,6,2141,attack,attack
126,20,112,0,1,0,0,128,6,2396,normal,normal
60,20,40,0,1,0,0,128,6,3160,normal,normal
60,20,40,0,1,0,0,52,6,51413,attack,attack
102,20,88,0,1,0,0,128,6,3931,normal,normal
1480,20,1466,0,1,0,0,111,17,0,attack,attack
118,20,104,0,1,0,0,64,6,22,normal,attack
782,20,768,0,1,0,0,64,6,22,normal,attack
1262,20,1248,0,0,0,0,110,17,0,attack,attack
62,20,48,0,0,0,0,128,17,0,attack,attack
62,20,48,0,0,0,0,128,17,0,attack,attack
1480,20,1466,0,0,0,0,113,17,0,attack,attack
1434,20,1420,0,1,0,0,241,6,80,normal,normal
1514,20,1500,0,1,0,0,63,6,22,attack,attack
60,20,40,0,1,0,0,128,6,1739,normal,normal
126,20,112,0,1,0,0,128,6,51063,normal,normal
500,20,486,0,1,0,0,56,6,80,normal,normal
1434,20,1420,0,1,0,0,241,6,80,normal,normal
110,20,96,0,1,0,0,128,6,1711,normal,normal
62,20,48,0,1,0,0,128,6,4187,normal,attack
60,20,45,0,1,0,0,63,6,110,attack,attack
60,20,40,0,1,0,0,128,6,3019,normal,normal
62,20,48,0,0,0,0,128,17,0,attack,attack
1514,20,1500,0,1,0,0,63,6,22,normal,normal
60,20,40,0,1,0,0,128,6,16816,normal,normal
60,20,40,0,1,0,0,128,6,3024,normal,normal
1514,20,1500,0,1,0,0,52,6,80,normal,normal
62,20,48,0,0,0,0,128,17,0,attack,attack
60,20,40,0,1,0,0,128,6,4015,normal,normal
151,0,0,0,0,0,0,0,0,0,attack,attack
362,20,348,0,0,0,0,111,17,0,attack,attack
212,20,198,0,0,0,0,105,17,0,attack,attack
662,20,648,0,0,0,0,109,17,0,attack,attack
1514,20,1500,0,1,0,0,64,6,22,normal,normal
212,20,198,0,0,0,0,107,17,0,attack,attack
60,20,40,0,1,0,0,128,6,4026,normal,normal
94,20,80,0,1,0,0,128,6,2488,normal,normal
60,20,40,0,1,0,0,128,6,1724,normal,normal
60,20,40,0,1,0,0,128,6,4181,normal,normal
110,20,96,0,1,0,0,63,6,22,attack,attack
62,20,48,0,0,0,0,128,17,0,attack,attack
1514,20,1500,0,1,0,0,52,6,80,normal,normal
426,20,412,0,1,0,0,241,6,80,normal,normal
1514,20,1500,0,1,0,0,63,6,22,normal,normal
60,20,40,0,1,0,0,128,6,3863,attack,attack
62,20,48,0,0,0,0,128,17,0,attack,attack
60,20,40,0,1,0,0,128,6,4913,normal,normal
838,20,824,0,1,0,0,63,6,22,normal,normal
154,20,140,0,1,0,0,128,6,15871,normal,normal
662,20,648,0,0,0,0,108,17,0,attack,attack
1514,20,1500,0,1,0,0,63,6,22,attack,attack
60,20,40,0,1,0,0,128,6,2296,attack,attack
118,20,104,0,1,0,0,64,6,22,normal,normal
1514,20,1500,0,1,0,0,64,6,22,normal,normal
1514,20,1500,0,1,0,0,64,6,22,normal,normal
60,20,40,0,1,0,0,63,6,22,normal,normal
62,20,48,0,1,0,0,128,6,3859,attack,attack
60,20,40,0,1,0,0,64,6,22,normal,normal
60,20,40,0,1,0,0,128,6,3048,normal,normal
60,20,40,0,1,0,0,128,6,3160,normal,normal
1514,20,1500,0,1,0,0,64,6,22,normal,normal
1514,20,1500,0,1,0,0,64,6,22,normal,attack
1078,20,1064,0,1,0,0,52,6,51413,attack,attack
142,20,128,0,1,0,0,128,6,4872,attack,attack
60,20,40,0,1,0,0,128,6,3066,normal,normal
1514,20,1500,0,1,0,0,64,6,22,normal,normal
1514,20,1500,0,1,0,0,64,6,22,normal,normal
1514,20,1500,0,1,0,0,63,6,22,normal,normal
1434,20,1420,0,1,0,0,241,6,80,normal,normal
1480,20,1466,0,0,0,0,111,17,0,attack,attack
1434,20,1420,0,1,0,0,241,6,80,normal,normal
1514,20,1500,0,1,0,0,64,6,22,normal,normal
1514,20,1500,0,1,0,0,64,6,22,normal,normal
1514,20,1500,0,1,0,0,63,6,22,normal,normal
1514,20,1500,0,1,0,0,63,6,22,normal,normal
60,20,40,0,1,0,0,128,6,3816,normal,normal
1514,20,1500,0,1,0,0,51,6,80,normal,normal
62,20,48,0,0,0,0,128,17,0,attack,attack
1514,20,1500,0,1,0,0,54,6,80,normal,normal
60,20,40,0,1,0,0,63,6,22,normal,normal
60,20,40,0,1,0,0,41,6,80,attack,attack
60,20,40,0,1,0,0,41,6,80,attack,attack
60,20,40,0,1,0,0,128,6,4972,attack,attack
859,20,845,0,0,0,0,112,17,0,attack,attack
1514,20,1500,0,1,0,0,41,6,80,attack,attack
774,20,760,0,1,0,0,64,6,22,normal,normal
1514,20,1500,0,1,0,0,64,6,22,normal,normal
60,20,40,0,1,0,0,128,6,4498,normal,normal
362,20,348,0,0,0,0,108,17,0,attack,attack
92,20,78,0,1,0,0,128,6,4784,attack,attack
566,20,552,0,0,0,0,47,6,51413,attack,attack
1480,20,1466,0,0,0,0,107,17,0,attack,attack
60,20,40,0,1,0,0,128,6,1724,normal,normal
1314,20,1300,0,1,0,0,48,6,55123,attack,attack
62,20,48,0,0,0,0,128,17,0,attack,attack
60,20,40,0,1,0,0,128,6,4529,normal,normal
88,20,74,0,0,0,0,128,17,0,attack,attack
294,20,280,0,1,0,0,128,6,1222,normal,normal
60,20,40,0,1,0,0,128,6,2115,attack,attack
60,20,40,0,1,0,0,128,6,1724,normal,normal
1514,20,1500,0,1,0,0,64,6,22,attack,attack
60,20,40,0,1,0,0,128,6,1735,normal,normal
1434,20,1420,0,1,0,0,241,6,80,normal,normal
102,20,88,0,1,0,0,128,6,4185,normal,attack
1514,20,1500,0,1,0,0,63,6,22,attack,attack
1434,20,1420,0,1,0,0,241,6,80,normal,normal
1434,20,1420,0,1,0,0,241,6,80,normal,normal
1514,20,1500,0,1,0,0,63,6,22,attack,attack
62,20,48,0,1,0,0,128,6,2372,attack,attack
60,20,40,0,1,0,0,63,6,22,normal,normal
60,20,40,0,1,0,0,64,6,22,normal,normal
212,20,198,0,0,0,0,112,17,0,attack,attack
1514,20,1500,0,1,0,0,54,6,80,normal,normal
110,20,96,0,1,0,0,128,6,4007,normal,normal
118,20,104,0,1,0,0,64,6,22,normal,normal
1506,20,1492,0,1,0,0,45,6,51413,attack,attack
1514,20,1500,0,1,0,0,56,6,80,normal,normal
1514,20,1500,0,1,0,0,43,6,80,normal,normal
590,20,576,0,0,0,0,113,6,6880,attack,attack
1514,20,1500,0,1,0,0,63,6,22,attack,attack
134,20,120,0,1,0,0,52,6,64277,attack,attack
102,20,88,0,1,0,0,64,6,22,normal,normal
92,20,78,0,1,0,0,128,6,3931,normal,normal
60,20,40,0,1,0,0,64,6,22,attack,attack
1414,20,1400,0,1,0,0,112,6,48544,attack,attack
62,20,48,0,1,0,0,64,6,22,normal,normal
566,20,552,0,0,0,0,47,6,51413,attack,attack
60,20,40,0,1,0,0,55,6,80,normal,normal
60,20,46,0,1,0,0,128,6,3926,normal,normal
60,20,40,0,1,0,0,128,6,4517,normal,normal
102,20,88,0,1,0,0,64,6,22,attack,attack
662,20,648,0,0,0,0,110,17,0,attack,attack
1514,20,1500,0,1,0,0,64,6,22,normal,normal
212,20,198,0,0,0,0,112,17,0,attack,attack
60,20,40,0,1,0,0,128,6,3866,attack,attack
142,20,128,0,1,0,0,128,6,2926,attack,attack
1514,20,1500,0,1,0,0,64,6,22,normal,normal
1434,20,1420,0,1,0,0,241,6,80,normal,normal
71,20,57,0,1,0,0,128,6,2110,attack,attack
662,20,648,0,0,0,0,109,17,0,attack,attack
93,20,79,0,1,0,0,64,6,22,normal,normal
1514,20,1500,0,1,0,0,64,6,22,normal,attack
755,20,741,0,1,0,0,64,6,80,normal,normal
774,20,760,0,1,0,0,64,6,22,attack,attack
60,20,40,0,0,0,0,128,6,2109,attack,attack
142,20,128,0,1,0,0,63,6,22,normal,attack
60,20,40,0,1,0,0,63,6,143,normal,normal
92,20,78,0,1,0,0,128,6,2489,normal,normal
62,20,48,0,1,0,0,128,6,3866,attack,attack
127,20,113,0,0,0,0,58,17,0,normal,normal
60,20,40,0,1,0,0,128,6,2115,attack,attack
62,20,48,0,1,0,0,128,6,1718,normal,normal
1514,20,1500,0,1,0,0,59,6,80,normal,normal
418,20,404,0,1,0,0,63,6,22,normal,normal
60,20,40,0,1,0,0,128,6,1039,attack,attack
212,20,198,0,0,0,0,112,17,0,attack,attack
60,20,40,0,1,0,0,241,6,80,normal,normal
60,20,40,0,1,0,0,128,6,15860,normal,normal
62,20,48,0,1,0,0,41,6,80,attack,attack
60,20,40,0,1,0,0,128,6,59000,attack,attack
60,20,40,0,1,0,0,128,6,2114,attack,attack
60,20,40,0,1,0,0,128,6,2367,attack,attack
838,20,824,0,1,0,0,64,6,22,normal,normal
60,20,40,0,1,0,0,48,6,80,normal,normal
212,20,198,0,0,0,0,112,17,0,attack,attack
60,20,40,0,1,0,0,128,6,1027,attack,attack
1514,20,1500,0,1,0,0,106,6,27571,attack,attack
62,20,48,0,1,0,0,64,6,110,attack,attack
566,20,552,0,0,0,0,47,6,51413,attack,attack
62,20,48,0,0,0,0,128,17,0,attack,attack
1514,20,1500,0,1,0,0,41,6,80,normal,normal
212,20,198,0,0,0,0,112,17,0,attack,attack
1514,20,1500,0,1,0,0,64,6,22,normal,normal
60,20,40,0,1,0,0,128,6,2985,normal,normal
1514,20,1500,0,1,0,0,64,6,22,normal,normal
70,20,56,0,1,0,0,128,6,2391,normal,normal
142,20,128,0,1,0,0,128,6,3927,attack,normal
1514,20,1500,0,1,0,0,45,6,80,normal,normal
1514,20,1500,0,1,0,0,63,6,22,normal,normal
60,20,40,0,1,0,0,63,6,22,normal,normal
1480,20,1466,0,1,0,0,117,17,0,attack,attack
1434,20,1420,0,1,0,0,241,6,80,normal,normal
62,20,48,0,0,0,0,113,6,80,attack,attack
157,20,143,0,0,0,0,105,17,0,attack,attack
62,20,48,0,0,0,0,128,17,0,attack,attack
62,20,48,0,0,0,0,128,17,0,attack,attack
1027,20,1013,0,1,0,0,43,6,80,normal,normal
362,20,348,0,0,0,0,45,17,0,attack,attack
60,20,40,0,1,0,0,128,6,1229,normal,normal
60,20,40,0,1,0,0,128,6,3866,normal,attack
102,20,88,0,1,0,0,128,6,2923,attack,attack
62,20,48,0,0,0,0,128,17,0,attack,attack
93,20,79,0,1,0,0,128,6,4019,normal,normal
60,20,40,0,1,0,0,128,6,15853,normal,normal
1514,20,1500,0,1,0,0,64,6,22,normal,normal
662,20,648,0,0,0,0,112,17,0,attack,attack
1514,20,1500,0,1,0,0,117,6,80,normal,normal
110,20,96,0,1,0,0,128,6,4190,normal,attack
94,20,80,0,1,0,0,64,6,22,attack,attack
62,20,48,0,1,0,0,54,6,80,normal,normal
62,20,48,0,1,0,0,128,6,3165,normal,normal
62,20,48,0,0,0,0,128,17,0,attack,attack
60,20,40,0,1,0,0,63,6,22,normal,normal
60,20,40,0,1,0,0,128,6,3937,normal,normal
60,20,40,0,1,0,0,64,6,22,attack,attack
212,20,198,0,0,0,0,112,17,0,attack,attack
1434,20,1420,0,1,0,0,52,6,64277,attack,attack
62,20,48,0,0,0,0,128,17,0,attack,attack
60,20,40,0,1,0,0,128,6,4020,normal,normal
86,20,72,0,1,0,0,64,6,22,normal,normal
62,20,48,0,0,0,0,128,17,0,attack,attack
60,20,40,0,1,0,0,128,6,1034,attack,attack
1514,20,1500,0,1,0,0,41,6,80,normal,normal
1514,20,1500,0,1,0,0,47,6,51413,attack,attack
1514,20,1500,0,1,0,0,63,6,22,normal,normal
1514,20,1500,0,1,0,0,41,6,80,normal,normal
68,20,54,0,0,0,0,128,17,0,attack,attack
62,20,48,0,1,0,0,41,6,80,normal,normal
1514,20,1500,0,1,0,0,52,6,80,normal,normal
425,20,411,0,1,0,0,241,6,80,normal,normal
1514,20,1500,0,1,0,0,59,6,80,normal,normal
212,20,198,0,0,0,0,112,17,0,attack,attack
62,20,48,0,0,0,0,128,17,0,attack,attack
62,20,48,0,0,0,0,128,17,0,attack,attack
88,20,74,0,0,0,0,128,17,0,attack,attack
662,20,648,0,0,0,0,109,17,0,attack,attack
212,20,198,0,0,0,0,112,17,0,attack,attack
1480,20,1466,0,0,0,0,110,17,0,attack,attack
1514,20,1500,0,1,0,0,63,6,22,normal,normal
60,20,40,0,1,0,0,128,6,2367,attack,attack
1514,20,1500,0,1,0,0,64,6,22,attack,attack
1262,20,1248,0,0,0,0,110,17,0,attack,attack
1434,20,1420,0,1,0,0,241,6,80,normal,normal
142,20,128,0,1,0,0,64,6,22,normal,normal
60,20,40,0,1,0,0,63,6,22,normal,normal
60,20,40,0,1,0,0,128,6,51063,normal,normal
590,20,576,0,0,0,0,108,6,51884,attack,attack
1514,20,1500,0,1,0,0,64,6,22,attack,attack
60,20,40,0,1,0,0,128,6,59000,attack,attack
1434,20,1420,0,1,0,0,241,6,80,normal,normal
115,20,101,0,1,0,0,128,6,1730,normal,normal
1514,20,1500,0,1,0,0,64,6,22,normal,normal
1514,20,1500,0,1,0,0,64,6,22,normal,normal
60,20,40,0,1,0,0,128,6,15841,normal,normal
1514,20,1500,0,1,0,0,49,6,80,normal,normal
60,20,40,0,1,0,0,241,6,80,normal,normal
1514,20,1500,0,1,0,0,45,6,80,normal,normal
212,20,198,0,0,0,0,112,17,0,attack,attack
190,20,176,0,1,0,0,64,6,22,normal,attack
1514,20,1500,0,1,0,0,64,6,22,normal,normal
1514,20,1500,0,1,0,0,64,6,22,normal,normal
62,20,48,0,1,0,0,128,6,3040,normal,normal
1514,20,1500,0,1,0,0,64,6,22,normal,normal
122,20,108,0,1,0,0,128,6,4020,normal,normal
782,20,768,0,1,0,0,64,6,22,attack,attack
1514,20,1500,0,1,0,0,64,6,22,normal,normal
62,20,48,0,0,0,0,128,17,0,attack,attack
1514,20,1500,0,1,0,0,41,6,80,normal,normal
62,20,48,0,1,0,0,128,6,4783,attack,attack
94,20,80,0,1,0,0,128,6,2487,normal,normal
1480,20,1466,0,0,0,0,113,17,0,attack,attack
1514,20,1500,0,1,0,0,52,6,80,normal,normal
62,20,48,0,0,0,0,128,17,0,attack,attack
60,20,40,0,1,0,0,47,6,80,normal,normal
838,20,824,0,1,0,0,64,6,22,normal,normal
110,20,96,0,1,0,0,63,6,22,normal,attack
1506,20,1492,0,1,0,0,112,6,35691,attack,attack
60,20,40,0,1,0,0,128,6,15863,normal,normal
62,20,48,0,0,0,0,128,17,0,attack,attack
1514,20,1500,0,1,0,0,64,6,22,attack,attack
299,20,285,0,1,0,0,48,6,80,normal,normal
94,20,80,0,1,0,0,63,6,22,normal,normal
1514,20,1500,0,1,0,0,64,6,22,attack,normal
774,20,760,0,1,0,0,63,6,22,attack,attack
566,20,552,0,0,0,0,47,6,51413,attack,attack
1514,20,1500,0,1,0,0,64,6,22,normal,normal
212,20,198,0,0,0,0,112,17,0,attack,attack
60,20,40,0,1,0,0,128,6,1734,normal,normal
86,20,72,0,1,0,0,64,6,22,normal,normal
662,20,648,0,0,0,0,108,17,0,attack,attack
1514,20,1500,0,1,0,0,63,6,22,normal,attack
62,20,48,0,1,0,0,128,6,3039,normal,normal
1514,20,1500,0,1,0,0,64,6,22,attack,attack
60,20,40,0,1,0,0,128,6,4494,normal,normal
60,20,40,0,1,0,0,128,6,2367,attack,attack
1262,20,1248,0,0,0,0,45,17,0,attack,attack
1514,20,1500,0,1,0,0,59,6,80,normal,normal
62,20,48,0,1,0,0,128,6,3837,normal,normal
60,20,40,0,1,0,0,63,6,22,normal,normal
60,20,40,0,1,0,0,128,6,4932,attack,attack
60,20,40,0,1,0,0,128,6,4495,normal,normal
1506,20,1492,0,1,0,0,109,6,26076,attack,attack
1514,20,1500,0,1,0,0,63,6,22,normal,normal
1514,20,1500,0,1,0,0,63,6,22,normal,normal
1514,20,1500,0,1,0,0,63,6,22,normal,normal
60,20,40,0,1,0,0,128,6,4485,normal,normal
1514,20,1500,0,1,0,0,63,6,22,normal,normal
212,20,198,0,0,0,0,105,17,0,attack,attack
92,20,78,0,1,0,0,128,6,4903,normal,normal
212,20,198,0,0,0,0,112,17,0,attack,attack
1514,20,1500,0,1,0,0,64,6,22,normal,normal
60,20,40,0,1,0,0,128,6,1724,normal,normal
1514,20,1500,0,1,0,0,64,6,22,normal,attack
62,20,48,0,0,0,0,128,17,0,attack,attack
60,20,40,0,1,0,0,64,6,22,normal,normal
1514,20,1500,0,1,0,0,63,6,22,attack,attack
60,20,40,0,1,0,0,41,6,80,attack,attack
60,20,40,0,1,0,0,128,6,2115,attack,attack
62,20,48,0,0,0,0,128,17,0,attack,attack
126,20,112,0,1,0,0,128,6,4779,attack,attack
60,20,40,0,1,0,0,128,6,1724,normal,normal
1514,20,1500,0,1,0,0,41,6,80,normal,normal
1514,20,1500,0,1,0,0,64,6,22,normal,normal
212,20,198,0,0,0,0,112,17,0,attack,attack
62,20,48,0,0,0,0,128,17,0,attack,attack
1514,20,1500,0,1,0,0,63,6,22,normal,normal
110,20,96,0,1,0,0,64,6,22,normal,normal
60,20,40,0,1,0,0,64,6,22,normal,normal
62,20,48,0,0,0,0,128,17,0,attack,attack
294,20,280,0,1,0,0,128,6,3940,normal,normal
662,20,648,0,0,0,0,108,17,0,attack,attack
62,20,48,0,0,0,0,128,17,0,attack,attack
1514,20,1500,0,1,0,0,64,6,22,normal,normal
1514,20,1500,0,1,0,0,41,6,80,normal,normal
1514,20,1500,0,1,0,0,64,6,22,normal,normal
60,20,40,0,1,0,0,128,6,3019,normal,normal
60,20,40,0,1,0,0,128,6,2114,attack,attack
237,20,223,0,1,0,0,47,6,80,normal,normal
60,20,40,0,1,0,0,128,6,2110,attack,attack
62,20,48,0,1,0,0,109,6,26076,attack,attack
92,20,78,0,1,0,0,128,6,15852,normal,normal
838,20,824,0,1,0,0,64,6,22,normal,normal
418,20,404,0,1,0,0,63,6,22,normal,normal
1434,20,1420,0,1,0,0,102,6,80,attack,attack
1480,20,1466,0,0,0,0,45,17,0,attack,attack
60,20,40,0,1,0,0,241,6,80,normal,normal
60,20,40,0,1,0,0,41,6,80,normal,normal
1434,20,1420,0,1,0,0,241,6,80,normal,normal
60,20,40,0,1,0,0,128,6,3937,normal,normal
62,20,48,0,0,0,0,128,17,0,attack,attack
273,20,259,0,1,0,0,50,6,80,normal,normal
1434,20,1420,0,1,0,0,241,6,80,normal,normal
134,20,120,0,1,0,0,63,6,22,normal,attack
212,20,198,0,0,0,0,111,17,0,attack,attack
212,20,198,0,1,0,0,111,17,0,attack,attack
1514,20,1500,0,1,0,0,64,6,22,normal,normal
86,20,72,0,1,0,0,64,6,22,normal,normal
1514,20,1500,0,1,0,0,63,6,22,normal,normal
1480,20,1466,0,0,0,0,109,17,0,attack,attack
1514,20,1500,0,1,0,0,63,6,22,normal,normal
60,20,40,0,1,0,0,128,6,2114,attack,attack
60,20,40,0,1,0,0,128,6,1027,normal,attack
1514,20,1500,0,1,0,0,64,6,22,normal,attack
142,20,128,0,1,0,0,128,6,2488,normal,normal
60,20,40,0,1,0,0,128,6,1729,normal,normal
1514,20,1500,0,1,0,0,45,6,80,normal,normal
362,20,348,0,0,0,0,45,17,0,attack,attack
1514,20,1500,0,1,0,0,108,6,57421,attack,attack
1514,20,1500,0,1,0,0,63,6,22,normal,normal
1514,20,1500,0,1,0,0,108,6,57421,attack,attack
62,20,48,0,0,0,0,45,17,0,attack,attack
1514,20,1500,0,1,0,0,41,6,80,normal,normal
60,20,40,0,1,0,0,51,6,443,normal,normal
60,20,40,0,1,0,0,128,6,4874,attack,attack
60,20,40,0,1,0,0,128,6,1729,normal,normal
1434,20,1420,0,1,0,0,241,6,80,normal,normal
60,20,40,0,1,0,0,128,6,3937,normal,normal
154,20,140,0,1,0,0,112,6,48544,attack,attack
62,20,48,0,0,0,0,128,17,0,attack,attack
1514,20,1500,0,1,0,0,63,6,22,attack,attack
566,20,552,0,0,0,0,47,6,51413,attack,attack
60,20,40,0,1,0,0,128,6,3019,normal,normal
1514,20,1500,0,1,0,0,63,6,80,normal,normal
60,20,40,0,1,0,0,43,6,80,normal,normal
212,20,198,0,0,0,0,112,17,0,attack,attack
1514,20,1500,0,1,0,0,106,6,27571,attack,attack
126,20,112,0,1,0,0,128,6,4006,normal,normal
60,20,40,0,1,0,0,63,6,22,normal,normal
1514,20,1500,0,1,0,0,64,6,22,normal,normal
71,20,57,0,1,0,0,128,6,2367,attack,attack
1514,20,1500,0,1,0,0,41,6,80,normal,normal
1414,20,1400,0,1,0,0,112,6,48544,attack,attack
418,20,404,0,1,0,0,63,6,22,attack,attack
60,20,40,0,1,0,0,128,6,3171,normal,normal
1514,20,1500,0,1,0,0,63,6,22,attack,attack
1514,20,1500,0,1,0,0,49,6,80,normal,normal
154,20,140,0,1,0,0,112,6,48544,attack,attack
86,20,72,0,1,0,0,63,6,22,attack,attack
60,20,40,0,1,0,0,128,6,4493,normal,normal
212,20,198,0,0,0,0,112,17,0,attack,attack
212,20,198,0,0,0,0,112,17,0,attack,attack
60,20,40,0,0,0,0,128,6,2214,attack,attack
60,20,40,0,0,0,0,128,6,2141,attack,attack
1514,20,1500,0,1,0,0,63,6,22,normal,normal
1514,20,1500,0,1,0,0,107,6,48412,attack,attack
110,20,96,0,1,0,0,63,6,22,normal,normal
302,20,288,0,1,0,0,102,6,80,attack,attack
60,20,40,0,1,0,0,128,6,4530,normal,normal
60,20,40,0,1,0,0,128,6,2328,attack,attack
126,20,112,0,1,0,0,63,6,22,attack,attack
212,20,198,0,0,0,0,105,17,0,attack,attack
60,20,40,0,1,0,0,128,6,16816,normal,normal
1514,20,1500,0,1,0,0,64,6,22,attack,attack
212,20,198,0,0,0,0,106,17,0,attack,attack
362,20,348,0,0,0,0,111,17,0,attack,attack
1434,20,1420,0,1,0,0,102,6,80,attack,attack
60,20,40,0,1,0,0,64,6,22,normal,normal
110,20,96,0,1,0,0,128,6,2919,attack,attack
60,20,40,0,1,0,0,128,6,15841,normal,normal
126,20,112,0,1,0,0,128,6,4900,normal,normal
1514,20,1500,0,1,0,0,64,6,22,attack,attack
60,20,40,0,1,0,0,128,6,15852,normal,normal
86,20,72,0,1,0,0,63,6,22,attack,attack
60,20,40,0,1,0,0,63,6,22,normal,normal
60,20,40,0,1,0,0,64,6,22,attack,attack
774,20,760,0,1,0,0,64,6,22,normal,normal
1514,20,1500,0,1,0,0,64,6,22,normal,normal
110,20,96,0,1,0,0,128,6,4494,normal,normal
60,20,40,0,1,0,0,64,6,22,normal,normal
1514,20,1500,0,1,0,0,63,6,22,normal,normal
60,20,40,0,1,0,0,128,6,2328,attack,attack
1434,20,1420,0,1,0,0,241,6,80,normal,normal
62,20,48,0,0,0,0,128,17,0,attack,attack
60,20,40,0,1,0,0,128,6,4488,normal,normal
60,20,40,0,1,0,0,128,6,3053,normal,normal
62,20,48,0,0,0,0,128,17,0,attack,attack
1514,20,1500,0,1,0,0,63,6,22,normal,normal
60,20,40,0,1,0,0,128,6,4028,normal,normal
62,20,48,0,0,0,0,128,17,0,attack,attack
1514,20,1500,0,1,0,0,41,6,80,normal,normal
294,20,280,0,1,0,0,128,6,16813,normal,normal
1514,20,1500,0,1,0,0,41,6,80,normal,normal
1514,20,1500,0,1,0,0,64,6,22,normal,normal
134,20,120,0,1,0,0,64,6,22,normal,normal
60,20,40,0,1,0,0,64,6,22,normal,normal
1514,20,1500,0,1,0,0,48,6,80,normal,normal
212,20,198,0,0,0,0,112,17,0,attack,attack
1514,20,1500,0,1,0,0,45,6,80,normal,normal
60,20,40,0,1,0,0,128,6,2110,attack,attack
1262,20,1248,0,1,0,0,110,17,0,attack,attack
110,20,96,0,1,0,0,64,6,22,normal,normal
1514,20,1500,0,1,0,0,41,6,80,normal,normal
442,20,428,0,0,0,0,108,6,51884,attack,attack
62,20,48,0,0,0,0,128,17,0,attack,attack
1514,20,1500,0,1,0,0,52,6,80,normal,normal
60,20,40,0,1,0,0,128,6,3937,normal,normal
60,20,40,0,1,0,0,128,6,4901,normal,normal
60,20,40,0,0,0,0,47,6,51413,attack,attack
1514,20,1500,0,1,0,0,63,6,22,normal,normal
1434,20,1420,0,1,0,0,102,6,80,attack,attack
1514,20,1500,0,1,0,0,54,6,80,normal,normal
212,20,198,0,0,0,0,112,17,0,attack,attack
1514,20,1500,0,1,0,0,64,6,22,normal,normal
71,20,57,0,1,0,0,63,6,143,normal,normal
1434,20,1420,0,1,0,0,241,6,80,normal,normal
62,20,48,0,0,0,0,128,17,0,attack,attack
1514,20,1500,0,1,0,0,64,6,22,normal,normal
294,20,280,0,1,0,0,128,6,4001,attack,attack
86,20,72,0,1,0,0,63,6,22,normal,normal
60,20,40,0,1,0,0,128,6,2328,attack,attack
60,20,40,0,1,0,0,128,6,51063,normal,normal
1514,20,1500,0,1,0,0,64,6,22,normal,normal
1514,20,1500,0,1,0,0,63,6,22,attack,attack
60,20,40,0,1,0,0,128,6,4516,normal,normal
638,20,624,0,1,0,0,63,6,22,attack,attack
60,20,40,0,1,0,0,128,6,4554,normal,normal
60,20,40,0,1,0,0,128,6,4520,normal,normal
67,20,53,0,1,0,0,42,6,6881,attack,attack
1514,20,1500,0,1,0,0,63,6,22,normal,normal
1514,20,1500,0,1,0,0,41,6,80,normal,normal
1434,20,1420,0,1,0,0,241,6,80,normal,normal
60,20,40,0,1,0,0,128,6,2115,attack,attack
60,20,40,0,1,0,0,128,6,4501,normal,normal
66,20,52,0,1,0,0,128,6,2115,attack,attack
60,20,40,0,1,0,0,64,6,22,attack,attack
62,20,48,0,0,0,0,128,17,0,attack,attack
1480,20,1466,0,0,0,0,111,17,0,attack,attack
66,20,52,0,1,0,0,48,6,80,attack,attack
60,20,40,0,1,0,0,128,6,4913,normal,normal
60,20,40,0,1,0,0,64,6,22,attack,attack
1314,20,1300,0,1,0,0,48,6,55123,attack,attack
145,20,131,0,1,0,0,128,6,1073,attack,attack
60,20,40,0,1,0,0,41,6,80,normal,normal
1514,20,1500,0,1,0,0,63,6,22,normal,normal
60,20,40,0,1,0,0,56,6,80,normal,normal
88,20,74,0,0,0,0,128,17,0,attack,attack
60,20,40,0,1,0,0,128,6,2985,normal,normal
1514,20,1500,0,1,0,0,64,6,22,attack,attack
60,20,40,0,1,0,0,128,6,4501,normal,normal
1087,20,1073,0,1,0,0,56,6,80,normal,normal
60,20,40,0,1,0,0,128,6,3171,normal,normal
1514,20,1500,0,1,0,0,63,6,22,normal,normal
1514,20,1500,0,1,0,0,64,6,22,attack,attack
60,20,40,0,1,0,0,128,6,15871,normal,normal
1514,20,1500,0,1,0,0,64,6,22,normal,normal
1514,20,1500,0,1,0,0,64,6,22,normal,normal
212,20,198,0,0,0,0,108,17,0,attack,attack
1434,20,1420,0,1,0,0,102,6,80,attack,attack
60,20,40,0,1,0,0,64,6,22,normal,normal
1514,20,1500,0,1,0,0,63,6,22,attack,attack
62,20,48,0,0,0,0,128,17,0,attack,attack
212,20,198,0,0,0,0,105,17,0,attack,attack
391,20,377,0,1,0,0,48,6,55123,attack,attack
362,20,348,0,0,0,0,112,17,0,attack,attack
190,20,176,0,1,0,0,63,6,22,normal,normal
212,20,198,0,0,0,0,112,17,0,attack,attack
86,20,72,0,1,0,0,255,17,0,normal,normal
101,20,87,0,0,0,0,64,17,0,normal,normal
60,20,40,0,1,0,0,128,6,1234,normal,normal
1514,20,1500,0,1,0,0,47,6,51413,attack,attack
60,20,40,0,1,0,0,128,6,51063,normal,normal
254,20,240,0,1,0,0,48,6,55123,attack,attack
1514,20,1500,0,1,0,0,51,6,80,normal,normal
60,20,40,0,1,0,0,128,6,4025,normal,normal
60,20,40,0,1,0,0,128,6,4025,normal,normal
60,20,40,0,1,0,0,41,6,80,normal,normal
66,20,52,0,1,0,0,128,6,4498,normal,normal
60,20,40,0,1,0,0,64,6,22,normal,normal
1514,20,1500,0,1,0,0,41,6,80,normal,normal
60,20,40,0,1,0,0,128,6,4869,normal,attack
1514,20,1500,0,1,0,0,52,6,80,normal,normal
212,20,198,0,0,0,0,105,17,0,attack,attack
212,20,198,0,0,0,0,112,17,0,attack,attack
62,20,48,0,0,0,0,128,17,0,attack,attack
102,20,88,0,1,0,0,64,6,22,attack,attack
126,20,112,0,0,0,0,63,17,0,normal,normal
130,20,116,0,1,0,0,128,6,1032,attack,attack
1514,20,1500,0,1,0,0,41,6,80,normal,normal
60,20,40,0,1,0,0,64,6,22,attack,attack
212,20,198,0,0,0,0,112,17,0,attack,attack
60,20,40,0,1,0,0,128,6,1229,normal,normal
60,20,40,0,1,0,0,128,6,2131,attack,attack
109,20,95,0,0,0,0,128,17,0,attack,attack
60,20,40,0,1,0,0,63,6,22,normal,attack
86,20,72,0,1,0,0,64,6,22,normal,normal
212,20,198,0,0,0,0,112,17,0,attack,attack
1262,20,1248,0,0,0,0,110,17,0,attack,attack
662,20,648,0,0,0,0,108,17,0,attack,attack
142,20,128,0,1,0,0,128,6,58990,attack,attack
1514,20,1500,0,1,0,0,45,6,80,normal,normal
1514,20,1500,0,1,0,0,64,6,22,normal,normal
126,20,112,0,1,0,0,128,6,3937,normal,normal
1514,20,1500,0,1,0,0,63,6,22,normal,normal
1434,20,1420,0,1,0,0,241,6,80,normal,normal
1514,20,1500,0,1,0,0,52,6,80,normal,normal
60,20,40,0,1,0,0,128,6,2328,attack,attack
212,20,198,0,0,0,0,105,17,0,attack,attack
110,20,96,0,1,0,0,128,6,4018,normal,normal
1434,20,1420,0,1,0,0,102,6,80,attack,attack
60,20,40,0,1,0,0,63,6,22,normal,normal
1480,20,1466,0,0,0,0,113,17,0,attack,attack
62,20,48,0,1,0,0,64,6,22,normal,normal
662,20,648,0,0,0,0,108,17,0,attack,attack
60,20,40,0,1,0,0,128,6,51070,normal,normal
60,20,40,0,1,0,0,64,6,22,attack,attack
662,20,648,0,0,0,0,109,17,0,attack,attack
60,20,40,0,1,0,0,128,6,3818,normal,normal
1514,20,1500,0,1,0,0,64,6,22,normal,normal
60,20,40,0,1,0,0,128,6,15852,normal,normal
1514,20,1500,0,1,0,0,63,6,22,normal,normal
94,20,80,0,1,0,0,64,6,22,normal,normal
60,20,40,0,1,0,0,63,6,22,attack,attack
71,20,57,0,1,0,0,128,6,2354,attack,attack
62,20,48,0,0,0,0,128,17,0,attack,attack
774,20,760,0,1,0,0,64,6,22,attack,attack
60,20,40,0,0,0,0,128,6,2120,attack,attack
62,20,48,0,0,0,0,128,17,0,attack,attack
62,20,48,0,0,0,0,128,17,0,attack,attack
146,20,132,0,1,0,0,128,6,4950,attack,attack
1514,20,1500,0,1,0,0,46,6,80,normal,normal
662,20,648,0,0,0,0,109,17,0,attack,attack
60,20,40,0,1,0,0,63,6,22,attack,attack
92,20,78,0,0,0,0,64,17,0,attack,attack
62,20,48,0,1,0,0,128,6,4915,normal,normal
1514,20,1500,0,1,0,0,63,6,22,normal,normal
1434,20,1420,0,1,0,0,102,6,80,attack,attack
60,20,40,0,1,0,0,64,6,22,normal,normal
1514,20,1500,0,1,0,0,41,6,80,normal,normal
60,20,40,0,1,0,0,128,6,3822,normal,normal
1480,20,1466,0,0,0,0,111,17,0,attack,attack
1480,20,1466,0,0,0,0,107,17,0,attack,attack
70,20,56,0,1,0,0,128,6,4006,normal,normal
1514,20,1500,0,1,0,0,64,6,22,attack,attack
1434,20,1420,0,1,0,0,240,6,80,normal,normal
60,20,40,0,1,0,0,128,6,4513,normal,normal
134,20,120,0,1,0,0,128,6,1027,attack,attack
662,20,648,0,0,0,0,108,17,0,attack,attack
362,20,348,0,0,0,0,45,17,0,attack,attack
62,20,48,0,0,0,0,128,17,0,attack,attack
1514,20,1500,0,1,0,0,64,6,22,normal,normal
60,20,40,0,1,0,0,128,6,2988,normal,normal
1514,20,1500,0,1,0,0,64,6,22,normal,normal
60,20,40,0,1,0,0,112,6,35691,attack,attack
60,20,40,0,1,0,0,64,6,22,normal,normal
62,20,48,0,1,0,0,128,6,4788,attack,attack
212,20,198,0,0,0,0,108,17,0,attack,attack
60,20,40,0,1,0,0,56,6,80,normal,normal
180,20,166,0,1,0,0,128,6,15864,normal,normal
1434,20,1420,0,1,0,0,46,6,80,normal,normal
60,20,40,0,1,0,0,128,6,2110,attack,attack
362,20,348,0,0,0,0,45,17,0,attack,attack
1514,20,1500,0,1,0,0,47,6,80,normal,normal
60,20,40,0,0,0,0,128,6,2141,attack,attack
1514,20,1500,0,1,0,0,108,6,57421,attack,attack
212,20,198,0,0,0,0,109,17,0,attack,attack
60,20,40,0,1,0,0,128,6,3019,normal,normal
62,20,48,0,0,0,0,128,17,0,attack,attack
60,20,40,0,1,0,0,128,6,4499,normal,normal
60,20,40,0,1,0,0,128,6,1028,attack,attack
110,20,96,0,1,0,0,63,6,22,attack,attack
1514,20,1500,0,1,0,0,63,6,22,normal,normal
60,20,40,0,1,0,0,128,6,15852,normal,normal
60,20,40,0,1,0,0,128,6,1728,normal,normal
60,20,40,0,1,0,0,128,6,139,normal,normal
1514,20,1500,0,1,0,0,45,6,80,normal,normal
62,20,48,0,0,0,0,128,17,0,attack,attack
1434,20,1420,0,1,0,0,241,6,80,normal,normal
1480,20,1466,0,0,0,0,113,17,0,attack,attack
1506,20,1492,0,1,0,0,109,6,26076,attack,attack
212,20,198,0,0,0,0,112,17,0,attack,attack
1514,20,1500,0,1,0,0,106,6,27571,attack,attack
212,20,198,0,0,0,0,112,17,0,attack,attack
80,20,66,0,0,0,0,128,6,2141,attack,attack
79,20,65,0,0,0,0,128,17,0,attack,attack
1514,20,1500,0,1,0,0,64,6,22,normal,normal
1514,20,1500,0,1,0,0,63,6,22,normal,normal
212,20,198,0,0,0,0,112,17,0,attack,attack
1514,20,1500,0,1,0,0,63,6,22,normal,attack
62,20,48,0,1,0,0,63,6,22,normal,normal
212,20,198,0,0,0,0,112,17,0,attack,attack
154,20,140,0,1,0,0,112,6,48544,attack,attack
498,20,484,0,1,0,0,241,6,80,normal,normal
407,20,393,0,1,0,0,109,6,26076,attack,attack
1434,20,1420,0,1,0,0,102,6,80,attack,attack
1034,20,1020,0,1,0,0,240,6,80,normal,normal
662,20,648,0,0,0,0,111,17,0,attack,attack
362,20,348,0,0,0,0,105,17,0,attack,attack
1434,20,1420,0,1,0,0,241,6,80,normal,normal
62,20,48,0,0,0,0,128,17,0,attack,attack
60,20,40,0,1,0,0,128,6,1729,normal,normal
1514,20,1500,0,1,0,0,52,6,80,normal,normal
60,20,40,0,0,0,0,128,6,2141,attack,attack
1514,20,1500,0,1,0,0,64,6,22,attack,attack
1514,20,1500,0,1,0,0,64,6,22,normal,normal
1480,20,1466,0,0,0,0,109,17,0,attack,attack
1514,20,1500,0,1,0,0,63,6,22,normal,normal
1514,20,1500,0,1,0,0,63,6,22,normal,normal
62,20,48,0,0,0,0,128,17,0,attack,attack
60,20,40,0,1,0,0,56,6,80,normal,normal
60,20,40,0,1,0,0,128,6,4529,normal,normal
274,20,260,0,1,0,0,50,6,80,normal,normal
62,20,48,0,0,0,0,128,17,0,attack,attack
1514,20,1500,0,1,0,0,41,6,80,normal,normal
362,20,348,0,0,0,0,112,17,0,attack,attack
60,20,40,0,1,0,0,128,6,2401,normal,normal
1514,20,1500,0,1,0,0,54,6,80,normal,normal
1514,20,1500,0,1,0,0,48,6,80,normal,normal
60,20,40,0,1,0,0,128,6,2401,normal,normal
94,20,80,0,1,0,0,64,6,22,normal,normal
566,20,552,0,0,0,0,47,6,51413,attack,attack
1514,20,1500,0,1,0,0,63,6,22,normal,attack
1514,20,1500,0,1,0,0,63,6,22,normal,normal
60,20,40,0,1,0,0,128,6,4181,normal,normal
1514,20,1500,0,1,0,0,41,6,80,normal,normal
362,20,348,0,0,0,0,108,17,0,attack,attack
212,20,198,0,0,0,0,108,17,0,attack,attack
1480,20,1466,0,1,0,0,118,17,0,attack,attack
1514,20,1500,0,1,0,0,64,6,22,normal,normal
1514,20,1500,0,1,0,0,63,6,22,normal,normal
126,20,112,0,1,0,0,128,6,2401,normal,normal
62,20,48,0,0,0,0,128,17,0,attack,attack
60,20,40,0,1,0,0,64,6,22,normal,normal
1480,20,1466,0,0,0,0,113,17,0,attack,attack
1514,20,1500,0,1,0,0,45,6,80,normal,normal
62,20,48,0,0,0,0,117,17,0,attack,attack
80,20,66,0,0,0,0,128,17,0,attack,attack
1514,20,1500,0,1,0,0,64,6,22,attack,attack
362,20,348,0,0,0,0,112,17,0,attack,attack
134,20,120,0,1,0,0,63,6,22,normal,normal
126,20,112,0,0,0,0,63,17,0,attack,attack
60,20,40,0,1,0,0,63,6,22,normal,normal
1514,20,1500,0,1,0,0,52,6,80,normal,normal
1514,20,1500,0,1,0,0,63,6,22,attack,attack
110,20,96,0,1,0,0,128,6,4187,normal,attack
1514,20,1500,0,1,0,0,64,6,22,normal,normal
1514,20,1500,0,1,0,0,45,6,80,normal,normal
1514,20,1500,0,1,0,0,45,6,80,attack,attack
62,20,48,0,0,0,0,128,17,0,attack,attack
60,20,40,0,1,0,0,128,6,1229,normal,normal
60,20,40,0,1,0,0,128,6,3170,normal,normal
66,20,52,0,1,0,0,128,6,2110,attack,attack
62,20,48,0,0,0,0,128,17,0,attack,attack
1514,20,1500,0,1,0,0,52,6,80,normal,normal
126,20,112,0,1,0,0,128,6,2099,normal,attack
1514,20,1500,0,1,0,0,64,6,22,normal,normal
62,20,48,0,0,0,0,128,17,0,attack,attack
60,20,40,0,1,0,0,128,6,4499,normal,normal
212,20,198,0,0,0,0,112,17,0,attack,attack
450,20,436,0,1,0,0,241,6,80,normal,normal
1514,20,1500,0,1,0,0,64,6,22,attack,attack
60,20,40,0,1,0,0,59,6,80,normal,normal
774,20,760,0,1,0,0,64,6,22,normal,normal
861,20,847,0,0,0,0,106,17,0,attack,attack
70,20,56,0,1,0,0,128,6,4783,attack,attack
60,20,40,0,1,0,0,128,6,2318,attack,attack
60,20,40,0,1,0,0,128,6,4901,normal,normal
1480,20,1466,0,0,0,0,113,17,0,attack,attack
60,20,40,0,1,0,0,128,6,1729,normal,normal
60,20,40,0,1,0,0,128,6,1734,normal,normal
1514,20,1500,0,1,0,0,41,6,80,attack,attack
1514,20,1500,0,1,0,0,64,6,22,attack,attack
109,20,95,0,0,0,0,112,17,0,attack,attack
62,20,48,0,0,0,0,128,17,0,attack,attack
1514,20,1500,0,1,0,0,63,6,22,attack,attack
126,20,112,0,1,0,0,128,6,16817,normal,normal
1434,20,1420,0,1,0,0,241,6,80,normal,normal
1514,20,1500,0,1,0,0,47,6,6969,attack,attack
212,20,198,0,0,0,0,112,17,0,attack,attack
102,20,88,0,1,0,0,63,6,22,normal,normal
1262,20,1248,0,0,0,0,110,17,0,attack,attack
1514,20,1500,0,1,0,0,63,6,22,normal,normal
1502,20,1488,0,1,0,0,50,6,80,normal,normal
212,20,198,0,0,0,0,112,17,0,attack,attack
1514,20,1500,0,1,0,0,64,6,22,normal,normal
60,20,40,0,1,0,0,128,6,1729,normal,normal
1480,20,1466,0,0,0,0,105,17,0,attack,attack
1514,20,1500,0,1,0,0,47,6,80,normal,normal
60,20,40,0,1,0,0,128,6,15841,normal,normal
1514,20,1500,0,1,0,0,64,6,22,normal,normal
418,20,404,0,1,0,0,64,6,22,normal,normal
102,20,88,0,1,0,0,63,6,22,normal,normal
110,20,96,0,1,0,0,63,6,22,attack,attack
60,20,40,0,1,0,0,128,6,4563,normal,normal
126,20,112,0,1,0,0,63,6,22,normal,normal
60,20,40,0,0,0,0,128,6,2141,attack,attack
1434,20,1420,0,1,0,0,241,6,80,normal,normal
62,20,48,0,0,0,0,128,17,0,attack,attack
206,20,192,0,1,0,0,128,6,4867,attack,attack
110,20,96,0,1,0,0,128,6,2918,attack,attack
60,20,40,0,1,0,0,128,6,15841,normal,normal
60,20,40,0,1,0,0,128,6,3171,normal,normal
62,20,48,0,0,0,0,128,17,0,attack,attack
60,20,40,0,1,0,0,128,6,4528,normal,normal
1434,20,1420,0,1,0,0,241,6,80,normal,normal
1480,20,1466,0,1,0,0,110,17,0,attack,attack
391,20,377,0,1,0,0,107,6,48412,attack,attack
126,20,112,0,1,0,0,64,6,22,normal,normal
86,20,72,0,0,0,0,64,17,0,normal,normal
662,20,648,0,0,0,0,108,17,0,attack,attack
1514,20,1500,0,1,0,0,63,6,22,normal,normal
60,20,40,0,1,0,0,128,6,2115,attack,attack
60,20,40,0,0,0,0,128,6,2109,attack,attack
590,20,576,0,0,0,0,113,6,6880,attack,attack
212,20,198,0,0,0,0,105,17,0,attack,attack
1480,20,1466,0,0,0,0,106,17,0,attack,attack
62,20,48,0,1,0,0,54,6,80,normal,normal
1434,20,1420,0,1,0,0,241,6,80,normal,normal
60,20,40,0,1,0,0,47,6,80,normal,normal
362,20,348,0,0,0,0,110,17,0,attack,attack
212,20,198,0,0,0,0,108,17,0,attack,attack
838,20,824,0,1,0,0,64,6,22,normal,normal
1514,20,1500,0,1,0,0,63,6,22,normal,attack
60,20,40,0,1,0,0,112,6,44817,attack,attack
60,20,40,0,1,0,0,128,6,4521,normal,normal
110,20,96,0,1,0,0,64,6,22,normal,normal
60,20,40,0,1,0,0,128,6,1714,normal,normal
142,20,128,0,1,0,0,63,6,22,attack,attack
1514,20,1500,0,1,0,0,64,6,22,normal,normal
154,20,140,0,1,0,0,112,6,48544,attack,attack
60,20,40,0,1,0,0,128,6,4015,normal,normal
60,20,40,0,1,0,0,64,6,22,attack,attack
212,20,198,0,0,0,0,112,17,0,attack,attack
97,20,83,0,0,0,0,128,17,0,attack,attack
1514,20,1500,0,1,0,0,45,6,80,normal,normal
1514,20,1500,0,1,0,0,63,6,22,normal,normal
60,20,40,0,1,0,0,128,6,1725,normal,normal
755,20,741,0,1,0,0,63,6,80,normal,normal
62,20,48,0,0,0,0,128,17,0,attack,attack
362,20,348,0,0,0,0,111,17,0,attack,attack
60,20,40,0,1,0,0,128,6,4563,normal,normal
102,20,88,0,1,0,0,128,6,1711,normal,normal
1514,20,1500,0,1,0,0,63,6,22,normal,normal
1514,20,1500,0,1,0,0,63,6,22,normal,normal
662,20,648,0,0,0,0,111,17,0,attack,attack
124,20,110,0,0,0,0,63,17,0,attack,attack
60,20,40,0,1,0,0,128,6,4186,normal,normal
362,20,348,0,0,0,0,111,17,0,attack,attack
102,20,88,0,1,0,0,63,6,22,normal,normal
838,20,824,0,1,0,0,63,6,22,attack,attack
60,20,40,0,1,0,0,128,6,2115,attack,attack
60,20,40,0,1,0,0,128,6,4181,normal,normal
62,20,48,0,0,0,0,128,17,0,attack,attack
118,20,104,0,1,0,0,63,6,22,attack,attack
60,20,40,0,0,0,0,128,6,2214,attack,attack
60,20,40,0,1,0,0,41,6,80,attack,attack
60,20,40,0,1,0,0,128,6,1730,normal,normal
1434,20,1420,0,1,0,0,49,6,80,normal,normal
60,20,40,0,1,0,0,128,6,4529,normal,normal
1434,20,1420,0,1,0,0,241,6,80,normal,normal
1480,20,1466,0,1,0,0,117,17,0,attack,attack
1514,20,1500,0,1,0,0,64,6,22,normal,normal
1514,20,1500,0,1,0,0,64,6,22,normal,normal
1514,20,1500,0,1,0,0,63,6,22,normal,attack
60,20,40,0,1,0,0,128,6,1730,normal,normal
1514,20,1500,0,1,0,0,63,6,22,attack,attack
1480,20,1466,0,0,0,0,107,17,0,attack,attack
190,20,176,0,1,0,0,64,6,22,normal,attack
1480,20,1466,0,0,0,0,109,17,0,attack,attack
1514,20,1500,0,1,0,0,41,6,80,normal,normal
662,20,648,0,0,0,0,108,17,0,attack,attack
62,20,48,0,0,0,0,105,17,0,attack,attack
60,20,40,0,1,0,0,128,6,3070,normal,normal
1514,20,1500,0,1,0,0,43,6,80,normal,normal
1434,20,1420,0,1,0,0,241,6,80,normal,normal
60,20,40,0,1,0,0,128,6,2985,normal,normal
212,20,198,0,0,0,0,109,17,0,attack,attack
60,20,40,0,1,0,0,64,6,22,attack,attack
86,20,72,0,1,0,0,64,6,22,normal,normal
62,20,48,0,0,0,0,128,17,0,attack,attack
60,20,40,0,1,0,0,128,6,59000,attack,attack
1514,20,1500,0,1,0,0,64,6,22,normal,normal
60,20,40,0,1,0,0,128,6,16816,normal,normal
60,20,40,0,1,0,0,128,6,3818,normal,normal
299,20,285,0,1,0,0,48,6,80,normal,normal
60,20,40,0,1,0,0,41,6,80,attack,attack
212,20,198,0,0,0,0,112,17,0,attack,attack
60,20,40,0,1,0,0,128,6,2367,attack,attack
100,20,86,0,0,0,0,115,17,0,attack,attack
148,20,134,0,1,0,0,128,6,4887,normal,attack
1480,20,1466,0,0,0,0,110,17,0,attack,attack
1514,20,1500,0,1,0,0,41,6,80,attack,attack
1514,20,1500,0,1,0,0,64,6,22,normal,attack
60,20,40,0,1,0,0,128,6,2110,attack,attack
62,20,48,0,0,0,0,128,17,0,attack,attack
60,20,40,0,1,0,0,128,6,4504,normal,normal
1514,20,1500,0,1,0,0,64,6,22,normal,normal
60,20,40,0,1,0,0,64,6,22,normal,normal
62,20,48,0,0,0,0,128,17,0,attack,attack
149,20,135,0,1,0,0,128,6,4567,normal,normal
126,20,112,0,1,0,0,63,6,22,normal,attack
1514,20,1500,0,1,0,0,41,6,80,normal,normal
62,20,48,0,0,0,0,128,17,0,attack,attack
1514,20,1500,0,1,0,0,63,6,22,attack,attack
60,20,40,0,1,0,0,64,6,22,normal,normal
62,20,48,0,0,0,0,128,17,0,attack,attack
68,20,54,0,0,0,0,128,17,0,attack,attack
535,20,521,0,1,0,0,45,6,80,normal,normal
391,20,377,0,1,0,0,108,6,57421,attack,attack
126,20,112,0,1,0,0,128,6,4869,attack,attack
1514,20,1500,0,1,0,0,49,6,80,normal,normal
60,20,40,0,1,0,0,63,6,22,normal,normal
1480,20,1466,0,0,0,0,111,17,0,attack,attack
1514,20,1500,0,1,0,0,52,6,51413,attack,attack
1514,20,1500,0,1,0,0,52,6,51413,attack,attack
1480,20,1466,0,0,0,0,109,17,0,attack,attack
60,20,40,0,1,0,0,128,6,1729,normal,normal
60,20,40,0,0,0,0,128,6,2141,attack,attack
62,20,48,0,1,0,0,63,6,22,attack,attack
62,20,48,0,1,0,0,128,6,15846,normal,normal
60,20,40,0,1,0,0,241,6,80,normal,normal
60,20,40,0,1,0,0,64,6,22,normal,normal
60,20,40,0,1,0,0,63,6,22,attack,attack
1514,20,1500,0,1,0,0,64,6,22,normal,normal
60,20,40,0,1,0,0,63,6,22,normal,normal
418,20,404,0,1,0,0,64,6,22,attack,attack
1514,20,1500,0,1,0,0,45,6,80,normal,normal
62,20,48,0,0,0,0,128,17,0,attack,attack
1434,20,1420,0,1,0,0,241,6,80,normal,normal
60,20,40,0,1,0,0,128,6,4493,normal,normal
62,20,48,0,0,0,0,128,17,0,attack,attack
62,20,48,0,0,0,0,128,17,0,attack,attack
60,20,40,0,1,0,0,128,6,1739,normal,normal
60,20,40,0,1,0,0,128,6,3160,normal,normal
62,20,48,0,0,0,0,128,17,0,attack,attack
1514,20,1500,0,1,0,0,64,6,22,normal,normal
60,20,40,0,1,0,0,128,6,15871,normal,normal
62,20,48,0,1,0,0,63,6,22,normal,normal
755,20,741,0,1,0,0,63,6,80,normal,normal
1434,20,1420,0,1,0,0,241,6,80,normal,normal
1514,20,1500,0,1,0,0,47,6,51413,attack,attack
1434,20,1420,0,1,0,0,241,6,80,normal,normal
838,20,824,0,1,0,0,63,6,22,normal,normal
418,20,404,0,1,0,0,63,6,22,attack,attack
1514,20,1500,0,1,0,0,43,6,80,normal,normal
662,20,648,0,0,0,0,108,17,0,attack,attack
1514,20,1500,0,1,0,0,63,6,22,normal,normal
1480,20,1466,0,0,0,0,106,17,0,attack,attack
1514,20,1500,0,1,0,0,64,6,22,normal,normal
1514,20,1500,0,1,0,0,59,6,80,normal,normal
102,20,88,0,1,0,0,64,6,22,normal,normal
607,20,593,0,1,0,0,59,6,80,normal,normal
62,20,48,0,1,0,0,109,6,26076,attack,attack
62,20,48,0,0,0,0,112,17,0,attack,attack
60,20,40,0,1,0,0,128,6,1706,normal,normal
60,20,40,0,1,0,0,63,6,22,normal,normal
1514,20,1500,0,1,0,0,63,6,22,normal,normal
102,20,88,0,1,0,0,64,6,22,normal,normal
1514,20,1500,0,1,0,0,64,6,22,attack,attack
62,20,48,0,0,0,0,128,17,0,attack,attack
70,20,56,0,1,0,0,63,6,110,normal,normal
62,20,48,0,0,0,0,128,17,0,attack,attack
1514,20,1500,0,1,0,0,63,6,22,normal,normal
1514,20,1500,0,1,0,0,64,6,22,normal,normal
60,20,45,0,1,0,0,64,6,110,normal,normal
110,20,96,0,1,0,0,64,6,22,normal,normal
1514,20,1500,0,1,0,0,64,6,22,normal,normal
60,20,40,0,1,0,0,63,6,22,normal,normal
1514,20,1500,0,1,0,0,41,6,80,normal,normal
118,20,104,0,1,0,0,63,6,22,attack,attack
60,20,40,0,1,0,0,128,6,51066,normal,normal
190,20,176,0,1,0,0,64,6,22,normal,normal
1514,20,1500,0,1,0,0,63,6,22,normal,normal
774,20,760,0,1,0,0,63,6,22,normal,normal
1514,20,1500,0,1,0,0,63,6,22,normal,normal
254,20,240,0,1,0,0,48,6,55123,attack,attack
62,20,48,0,1,0,0,63,6,22,normal,normal
1514,20,1500,0,1,0,0,52,6,80,normal,normal
60,20,40,0,1,0,0,64,6,22,normal,normal
62,20,48,0,0,0,0,128,17,0,attack,attack
60,20,40,0,1,0,0,128,6,4531,normal,normal
62,20,48,0,0,0,0,128,17,0,attack,attack
212,20,198,0,0,0,0,105,17,0,attack,attack
362,20,348,0,0,0,0,45,17,0,attack,attack
1502,20,1488,0,1,0,0,50,6,80,normal,normal
1514,20,1500,0,1,0,0,64,6,22,normal,normal
110,20,96,0,1,0,0,128,6,4893,normal,normal
1480,20,1466,0,0,0,0,109,17,0,attack,attack
60,20,40,0,1,0,0,56,6,80,normal,normal
60,20,40,0,1,0,0,128,6,4488,normal,normal
1434,20,1420,0,1,0,0,241,6,80,normal,normal
110,20,96,0,1,0,0,128,6,3928,normal,normal
122,20,108,0,1,0,0,128,6,139,normal,normal
1506,20,1492,0,1,0,0,109,6,26076,attack,attack
158,20,144,0,1,0,0,53,6,80,normal,normal
212,20,198,0,0,0,0,105,17,0,attack,attack
102,20,88,0,1,0,0,63,6,22,normal,normal
362,20,348,0,0,0,0,108,17,0,attack,attack
212,20,198,0,0,0,0,112,17,0,attack,attack
1453,20,1439,0,1,0,0,41,6,80,attack,attack
362,20,348,0,0,0,0,112,17,0,attack,attack
60,20,40,0,1,0,0,63,6,22,normal,normal
1514,20,1500,0,1,0,0,47,6,51413,attack,attack
80,20,66,0,1,0,0,128,6,2328,attack,attack
134,20,120,0,1,0,0,63,6,22,normal,normal
1514,20,1500,0,1,0,0,45,6,80,attack,attack
60,20,40,0,1,0,0,63,6,22,attack,attack
662,20,648,0,0,0,0,111,17,0,attack,attack
60,20,40,0,1,0,0,128,6,4787,attack,attack
118,20,104,0,1,0,0,63,6,22,normal,normal
1514,20,1500,0,1,0,0,64,6,22,normal,normal
60,20,40,0,1,0,0,41,6,80,attack,attack
62,20,48,0,0,0,0,128,17,0,attack,attack
1514,20,1500,0,1,0,0,108,6,57421,attack,attack
1506,20,1492,0,1,0,0,45,6,51413,attack,attack
1514,20,1500,0,1,0,0,64,6,22,attack,attack
1494,20,1480,0,1,0,0,109,6,22,attack,attack
212,20,198,0,0,0,0,111,17,0,attack,attack
60,20,40,0,1,0,0,64,6,22,attack,attack
60,20,40,0,1,0,0,128,6,2328,attack,attack
62,20,48,0,0,0,0,128,17,0,attack,attack
60,20,40,0,1,0,0,128,6,3019,normal,normal
1514,20,1500,0,1,0,0,63,6,22,normal,normal
362,20,348,0,0,0,0,109,17,0,attack,attack
60,20,45,0,1,0,0,64,6,110,attack,attack
1514,20,1500,0,1,0,0,45,6,80,normal,normal
60,20,40,0,0,0,0,128,6,2141,attack,attack
79,20,65,0,0,0,0,128,17,0,attack,attack
774,20,760,0,1,0,0,63,6,22,attack,attack
62,20,48,0,1,0,0,41,6,80,normal,attack
1514,20,1500,0,1,0,0,52,6,51413,attack,attack
60,20,40,0,1,0,0,128,6,4788,normal,attack
60,20,40,0,1,0,0,63,6,22,normal,normal
1514,20,1500,0,1,0,0,64,6,22,normal,normal
60,20,40,0,1,0,0,63,6,22,normal,normal
100,20,86,0,0,0,0,64,17,0,normal,normal
362,20,348,0,0,0,0,108,17,0,attack,attack
133,20,119,0,1,0,0,128,6,4025,normal,normal
1514,20,1500,0,1,0,0,63,6,22,normal,normal
60,20,40,0,1,0,0,41,6,80,normal,normal
102,20,88,0,1,0,0,63,6,22,normal,normal
60,20,40,0,1,0,0,128,6,1725,normal,normal
1514,20,1500,0,1,0,0,63,6,22,attack,attack
1514,20,1500,0,1,0,0,48,6,80,normal,normal
60,20,40,0,1,0,0,48,6,80,normal,normal
62,20,48,0,0,0,0,128,17,0,attack,attack
60,20,40,0,1,0,0,128,6,3850,normal,normal
1514,20,1500,0,1,0,0,47,6,80,normal,normal
1514,20,1500,0,1,0,0,64,6,22,normal,normal
62,20,48,0,0,0,0,128,17,0,attack,attack
1434,20,1420,0,1,0,0,241,6,80,normal,normal
1514,20,1500,0,1,0,0,63,6,22,normal,attack
94,20,80,0,1,0,0,63,6,22,normal,normal
93,20,79,0,1,0,0,64,6,22,attack,attack
60,20,40,0,1,0,0,112,6,44817,attack,attack
418,20,404,0,1,0,0,64,6,22,normal,normal
1514,20,1500,0,1,0,0,63,6,22,normal,normal
206,20,192,0,1,0,0,128,6,2488,normal,normal
62,20,48,0,0,0,0,128,17,0,attack,attack
62,20,48,0,0,0,0,128,17,0,attack,attack
60,20,40,0,1,0,0,128,6,1724,normal,normal
1480,20,1466,0,0,0,0,108,17,0,attack,attack
60,20,40,0,1,0,0,128,6,2401,normal,normal
1514,20,1500,0,1,0,0,64,6,22,normal,normal
212,20,198,0,1,0,0,111,17,0,attack,attack
60,20,40,0,1,0,0,128,6,3171,normal,normal
1514,20,1500,0,1,0,0,63,6,22,attack,attack
1434,20,1420,0,1,0,0,241,6,80,normal,normal
1514,20,1500,0,1,0,0,64,6,22,normal,normal
1434,20,1420,0,1,0,0,52,6,64277,attack,attack
60,20,40,0,1,0,0,128,6,2115,attack,attack
362,20,348,0,0,0,0,112,17,0,attack,attack
60,20,40,0,1,0,0,128,6,1745,normal,normal
1506,20,1492,0,1,0,0,109,6,26076,attack,attack
1494,20,1480,0,1,0,0,109,6,22,attack,attack
60,20,40,0,1,0,0,128,6,3019,normal,normal
60,20,40,0,1,0,0,128,6,15841,normal,normal
212,20,198,0,0,0,0,112,17,0,attack,attack
212,20,198,0,0,0,0,108,17,0,attack,attack
1514,20,1500,0,1,0,0,63,6,22,normal,normal
60,20,40,0,1,0,0,56,6,80,normal,normal
60,20,40,0,1,0,0,128,6,2392,normal,normal
212,20,198,0,0,0,0,108,17,0,attack,attack
212,20,198,0,0,0,0,106,17,0,attack,attack
1514,20,1500,0,1,0,0,63,6,22,normal,normal
60,20,40,0,1,0,0,63,6,22,attack,attack
1514,20,1500,0,1,0,0,64,6,22,attack,attack
102,20,88,0,1,0,0,63,6,22,normal,normal
60,20,40,0,1,0,0,128,6,2328,attack,attack
60,20,40,0,1,0,0,128,6,4788,normal,attack
662,20,648,0,0,0,0,112,17,0,attack,attack
142,20,128,0,1,0,0,63,6,22,attack,attack
110,20,96,0,1,0,0,64,6,22,normal,normal
102,20,88,0,1,0,0,64,6,22,normal,normal
1514,20,1500,0,1,0,0,63,6,22,normal,normal
60,20,40,0,1,0,0,128,6,4528,normal,normal
141,20,127,0,0,0,0,128,17,0,attack,attack
1514,20,1500,0,1,0,0,64,6,22,normal,normal
93,20,79,0,0,0,0,64,17,0,normal,normal
212,20,198,0,0,0,0,106,17,0,attack,attack
60,20,40,0,1,0,0,64,6,22,attack,attack
110,20,96,0,1,0,0,64,6,22,normal,normal
1480,20,1466,0,0,0,0,108,17,0,attack,attack
60,20,40,0,1,0,0,128,6,2131,attack,attack
1434,20,1420,0,1,0,0,102,6,80,attack,attack
62,20,48,0,0,0,0,128,17,0,attack,attack
1514,20,1500,0,1,0,0,64,6,22,normal,normal
1514,20,1500,0,1,0,0,63,6,22,normal,attack
1514,20,1500,0,1,0,0,41,6,80,normal,normal
154,20,140,0,1,0,0,112,6,48544,attack,attack
1434,20,1420,0,1,0,0,241,6,80,normal,normal
94,20,80,0,1,0,0,63,6,22,normal,normal
1502,20,1488,0,1,0,0,50,6,80,normal,normal
60,20,40,0,1,0,0,128,6,3937,normal,normal
60,20,40,0,1,0,0,128,6,4511,normal,normal
362,20,348,0,0,0,0,112,17,0,attack,attack
60,20,40,0,1,0,0,63,6,22,normal,normal
60,20,40,0,1,0,0,128,6,15871,normal,normal
62,20,48,0,1,0,0,128,6,3031,normal,normal
1434,20,1420,0,1,0,0,241,6,80,normal,normal
102,20,88,0,1,0,0,64,6,22,normal,normal
418,20,404,0,1,0,0,64,6,22,attack,attack
1434,20,1420,0,1,0,0,241,6,80,normal,normal
60,20,40,0,1,0,0,128,6,3019,normal,normal
1434,20,1420,0,1,0,0,241,6,80,normal,normal
60,20,40,0,1,0,0,128,6,51063,normal,normal
60,20,40,0,1,0,0,128,6,1027,attack,attack
60,20,45,0,1,0,0,64,6,80,normal,normal
784,20,770,0,1,0,0,112,6,48544,attack,attack
60,20,40,0,1,0,0,128,6,2354,attack,attack
1514,20,1500,0,1,0,0,63,6,22,normal,normal
60,20,40,0,1,0,0,128,6,3019,normal,normal
62,20,48,0,1,0,0,59,6,80,normal,normal
60,20,40,0,1,0,0,64,6,22,attack,attack
1434,20,1420,0,1,0,0,241,6,80,normal,normal
1514,20,1500,0,1,0,0,56,6,80,normal,normal
1514,20,1500,0,1,0,0,49,6,80,normal,normal
1514,20,1500,0,1,0,0,41,6,80,normal,normal
362,20,348,0,0,0,0,112,17,0,attack,attack
126,20,112,0,1,0,0,64,6,22,attack,attack
60,20,40,0,1,0,0,128,6,1217,normal,normal
774,20,760,0,1,0,0,63,6,22,normal,normal
254,20,240,0,1,0,0,48,6,55123,attack,attack
60,20,40,0,1,0,0,128,6,4024,normal,normal
1434,20,1420,0,1,0,0,241,6,80,normal,normal
566,20,552,0,0,0,0,47,6,51413,attack,attack
212,20,198,0,0,0,0,112,17,0,attack,attack
66,20,52,0,1,0,0,128,6,2090,attack,attack
60,20,40,0,0,0,0,128,6,2120,attack,attack
110,20,96,0,1,0,0,63,6,22,attack,attack
130,20,116,0,1,0,0,128,6,3098,normal,normal
304,20,290,0,1,0,0,240,6,80,normal,normal
60,20,40,0,1,0,0,128,6,51063,normal,normal
60,20,40,0,1,0,0,63,6,22,attack,attack
1514,20,1500,0,1,0,0,64,6,22,normal,normal
60,20,40,0,1,0,0,128,6,4901,normal,normal
1480,20,1466,0,1,0,0,118,17,0,attack,attack
62,20,48,0,0,0,0,128,17,0,attack,attack
62,20,48,0,1,0,0,109,6,26076,attack,attack
212,20,198,0,0,0,0,106,17,0,attack,attack
1514,20,1500,0,1,0,0,108,6,57421,attack,attack
154,20,140,0,1,0,0,128,6,2993,normal,normal
126,20,112,0,1,0,0,128,6,51063,normal,normal
1514,20,1500,0,1,0,0,64,6,22,attack,attack
62,20,48,0,0,0,0,128,17,0,attack,attack
60,20,40,0,1,0,0,64,6,22,normal,normal
1506,20,1492,0,1,0,0,45,6,51413,attack,attack
134,20,120,0,1,0,0,128,6,4892,normal,normal
662,20,648,0,0,0,0,105,17,0,attack,attack
60,20,40,0,0,0,0,128,6,2120,attack,attack
1514,20,1500,0,1,0,0,63,6,22,attack,attack
212,20,198,0,0,0,0,112,17,0,attack,attack
60,20,40,0,1,0,0,128,6,51063,normal,normal
60,20,40,0,1,0,0,128,6,4501,normal,normal
1514,20,1500,0,1,0,0,63,6,22,normal,normal
416,20,402,0,1,0,0,241,6,80,normal,normal
60,20,40,0,1,0,0,128,6,4901,normal,normal
1514,20,1500,0,1,0,0,63,6,22,normal,normal
1434,20,1420,0,1,0,0,241,6,80,normal,normal
212,20,198,0,0,0,0,112,17,0,attack,attack
126,20,112,0,1,0,0,64,6,22,normal,normal
62,20,48,0,0,0,0,128,17,0,attack,attack
62,20,48,0,0,0,0,128,17,0,attack,attack
1514,20,1500,0,1,0,0,63,6,22,normal,normal
1514,20,1500,0,1,0,0,63,6,22,normal,normal
662,20,648,0,0,0,0,108,17,0,attack,attack
1514,20,1500,0,1,0,0,64,6,22,normal,normal
86,20,72,0,1,0,0,63,6,22,normal,normal
212,20,198,0,0,0,0,112,17,0,attack,attack
60,20,40,0,1,0,0,128,6,4889,attack,attack
1514,20,1500,0,1,0,0,63,6,22,normal,normal
60,20,40,0,1,0,0,128,6,2131,attack,attack
1514,20,1500,0,1,0,0,63,6,22,normal,normal
1514,20,1500,0,1,0,0,63,6,22,normal,normal
212,20,198,0,0,0,0,112,17,0,attack,attack
859,20,845,0,0,0,0,112,17,0,attack,attack
1514,20,1500,0,1,0,0,108,6,57421,attack,attack
1254,20,1240,0,1,0,0,50,6,80,normal,normal
1434,20,1420,0,1,0,0,241,6,80,normal,normal
62,20,48,0,0,0,0,128,17,0,attack,attack
1514,20,1500,0,1,0,0,52,6,80,normal,normal
60,20,40,0,1,0,0,128,6,4501,normal,normal
1514,20,1500,0,1,0,0,54,6,80,normal,normal
1506,20,1492,0,1,0,0,45,6,51413,attack,attack
1514,20,1500,0,1,0,0,63,6,22,normal,attack
1514,20,1500,0,1,0,0,64,6,22,normal,normal
1514,20,1500,0,1,0,0,63,6,22,normal,normal
134,20,120,0,1,0,0,64,6,22,normal,normal
1434,20,1420,0,1,0,0,241,6,80,normal,normal
62,20,48,0,0,0,0,128,17,0,attack,attack
60,20,40,0,1,0,0,128,6,2114,attack,attack
1514,20,1500,0,1,0,0,64,6,22,attack,attack
1514,20,1500,0,1,0,0,53,6,80,normal,normal
662,20,648,0,0,0,0,45,17,0,attack,attack
60,20,40,0,1,0,0,128,6,4530,normal,normal
62,20,48,0,0,0,0,128,17,0,attack,attack
62,20,48,0,0,0,0,128,17,0,attack,attack
190,20,176,0,1,0,0,64,6,22,normal,normal
60,20,40,0,1,0,0,128,6,1989,attack,attack
1514,20,1500,0,1,0,0,54,6,80,normal,normal
1514,20,1500,0,1,0,0,47,6,80,normal,normal
1514,20,1500,0,1,0,0,63,6,22,normal,normal
60,20,40,0,1,0,0,241,6,80,normal,normal
126,20,112,0,1,0,0,128,6,1231,normal,normal
132,20,118,0,1,0,0,128,6,3831,normal,normal
362,20,348,0,0,0,0,111,17,0,attack,attack
60,20,40,0,1,0,0,128,6,4903,attack,attack
212,20,198,0,0,0,0,112,17,0,attack,attack
60,20,40,0,1,0,0,128,6,2367,attack,attack
1514,20,1500,0,1,0,0,64,6,22,normal,normal
60,20,40,0,1,0,0,128,6,2090,attack,attack
1514,20,1500,0,1,0,0,41,6,80,normal,normal
1514,20,1500,0,1,0,0,63,6,22,normal,normal
1514,20,1500,0,1,0,0,64,6,22,normal,normal
609,20,595,0,1,0,0,54,6,80,normal,normal
60,20,40,0,1,0,0,128,6,4492,normal,normal
1514,20,1500,0,1,0,0,64,6,22,attack,attack
1514,20,1500,0,1,0,0,63,6,22,attack,attack
62,20,48,0,0,0,0,128,17,0,attack,attack
60,20,40,0,1,0,0,128,6,4495,normal,normal
1514,20,1500,0,1,0,0,117,6,80,normal,normal
126,20,112,0,1,0,0,64,6,22,normal,normal
362,20,348,0,0,0,0,112,17,0,attack,attack
1480,20,1466,0,1,0,0,110,17,0,attack,attack
362,20,348,0,0,0,0,112,17,0,attack,attack
60,20,40,0,1,0,0,128,6,1093,attack,attack
62,20,48,0,0,0,0,128,17,0,attack,attack
60,20,40,0,1,0,0,128,6,2401,normal,normal
60,20,40,0,1,0,0,128,6,3019,normal,normal
1514,20,1500,0,1,0,0,64,6,22,normal,normal
60,20,40,0,1,0,0,64,6,22,normal,normal
1514,20,1500,0,1,0,0,63,6,22,normal,normal
60,20,40,0,1,0,0,128,6,2984,normal,normal
60,20,40,0,1,0,0,128,6,15852,normal,normal
206,20,192,0,1,0,0,128,6,2482,normal,normal
1514,20,1500,0,1,0,0,63,6,22,normal,normal
150,20,136,0,1,0,0,128,6,4015,normal,normal
1514,20,1500,0,1,0,0,64,6,22,normal,normal
102,20,88,0,1,0,0,128,6,58991,attack,attack
60,20,40,0,1,0,0,50,6,80,normal,normal
126,20,112,0,1,0,0,128,6,4006,normal,normal
134,20,120,0,1,0,0,64,6,22,normal,attack
1514,20,1500,0,1,0,0,64,6,80,normal,normal
1514,20,1500,0,1,0,0,63,6,22,normal,normal
60,20,40,0,1,0,0,128,6,1737,normal,normal
1434,20,1420,0,1,0,0,241,6,80,normal,normal
1514,20,1500,0,1,0,0,45,6,80,normal,normal
62,20,48,0,0,0,0,128,17,0,attack,attack
62,20,48,0,0,0,0,128,17,0,attack,attack
62,20,48,0,0,0,0,128,17,0,attack,attack
92,20,78,0,1,0,0,128,6,4866,attack,attack
60,20,40,0,1,0,0,128,6,2195,attack,attack
1514,20,1500,0,1,0,0,63,6,22,normal,normal
62,20,48,0,1,0,0,109,6,26076,attack,attack
60,20,40,0,0,0,0,128,6,2120,attack,attack
418,20,404,0,1,0,0,64,6,22,attack,attack
1514,20,1500,0,1,0,0,63,6,22,normal,normal
1514,20,1500,0,1,0,0,64,6,22,attack,attack
134,20,120,0,1,0,0,52,6,64277,attack,attack
1514,20,1500,0,1,0,0,63,6,22,normal,normal
1514,20,1500,0,1,0,0,43,6,80,normal,normal
1514,20,1500,0,1,0,0,63,6,22,attack,attack
190,20,176,0,1,0,0,64,6,22,normal,normal
1514,20,1500,0,1,0,0,54,6,443,normal,normal
362,20,348,0,0,0,0,45,17,0,attack,attack
212,20,198,0,0,0,0,112,17,0,attack,attack
1434,20,1420,0,1,0,0,241,6,80,normal,normal
1434,20,1420,0,1,0,0,241,6,80,normal,normal
1484,20,1470,0,0,0,0,55,6,80,normal,normal
1314,20,1300,0,1,0,0,48,6,55123,attack,attack
62,20,48,0,0,0,0,128,17,0,attack,attack
1514,20,1500,0,1,0,0,63,6,22,normal,normal
566,20,552,0,0,0,0,47,6,51413,attack,attack
60,20,40,0,0,0,0,128,6,2214,attack,attack
134,20,120,0,1,0,0,63,6,22,normal,normal
62,20,48,0,1,0,0,64,6,22,normal,normal
60,20,40,0,1,0,0,128,6,4489,normal,normal
1514,20,1500,0,1,0,0,64,6,22,normal,normal
391,20,377,0,1,0,0,48,6,55123,attack,attack
1514,20,1500,0,1,0,0,64,6,22,normal,normal
62,20,48,0,1,0,0,45,6,80,normal,normal
1434,20,1420,0,1,0,0,241,6,80,normal,normal
1480,20,1466,0,0,0,0,110,17,0,attack,attack
60,20,40,0,1,0,0,128,6,3866,attack,attack
1514,20,1500,0,1,0,0,64,6,22,normal,normal
1514,20,1500,0,1,0,0,64,6,22,normal,normal
1480,20,1466,0,0,0,0,112,17,0,attack,attack
1434,20,1420,0,1,0,0,241,6,80,normal,normal
74,20,60,0,1,0,0,128,6,1729,normal,normal
212,20,198,0,0,0,0,108,17,0,attack,attack
1514,20,1500,0,1,0,0,52,6,51413,attack,attack
1480,20,1466,0,0,0,0,118,17,0,attack,attack
1480,20,1466,0,1,0,0,110,17,0,attack,attack
1514,20,1500,0,1,0,0,63,6,22,normal,normal
1514,20,1500,0,1,0,0,63,6,22,normal,attack
1514,20,1500,0,1,0,0,47,6,51413,attack,attack
110,20,96,0,1,0,0,128,6,16809,normal,normal
62,20,48,0,0,0,0,128,17,0,attack,attack
1514,20,1500,0,1,0,0,63,6,22,normal,normal
1506,20,1492,0,1,0,0,109,6,26076,attack,attack
1480,20,1466,0,1,0,0,118,17,0,attack,attack
60,20,40,0,0,0,0,128,6,2120,attack,attack
1514,20,1500,0,1,0,0,64,6,22,normal,normal
60,20,40,0,1,0,0,128,6,51063,normal,normal
60,20,40,0,1,0,0,128,6,4501,normal,normal
1514,20,1500,0,1,0,0,108,6,57421,attack,attack
1514,20,1500,0,1,0,0,64,6,22,normal,normal
60,20,40,0,1,0,0,128,6,1724,normal,normal
1514,20,1500,0,1,0,0,64,6,22,normal,normal
118,20,104,0,1,0,0,64,6,22,attack,attack
1106,20,1092,0,1,0,0,63,6,22,normal,attack
1480,20,1466,0,0,0,0,111,17,0,attack,attack
838,20,824,0,1,0,0,64,6,22,normal,normal
1514,20,1500,0,1,0,0,63,6,22,normal,normal
60,20,40,0,1,0,0,128,6,15864,normal,normal
1514,20,1500,0,1,0,0,52,6,80,normal,normal
742,20,728,0,0,0,0,55,6,80,normal,normal
1434,20,1420,0,1,0,0,241,6,80,normal,normal
60,20,40,0,1,0,0,128,6,4520,normal,normal
1180,20,1166,0,0,0,0,55,6,80,normal,normal
895,20,881,0,1,0,0,63,6,80,normal,normal
60,20,40,0,1,0,0,128,6,2379,attack,attack
774,20,760,0,1,0,0,64,6,22,normal,normal
60,20,40,0,1,0,0,128,6,4788,attack,attack
60,20,40,0,1,0,0,63,6,22,normal,normal
62,20,48,0,0,0,0,128,17,0,attack,attack
1434,20,1420,0,1,0,0,52,6,64277,attack,attack
662,20,648,0,0,0,0,110,17,0,attack,attack
590,20,576,0,0,0,0,108,6,51884,attack,attack
60,20,40,0,1,0,0,63,6,22,attack,attack
60,20,40,0,1,0,0,128,6,3019,normal,normal
142,20,128,0,1,0,0,128,6,1217,normal,normal
1514,20,1500,0,1,0,0,63,6,80,normal,normal
1514,20,1500,0,1,0,0,63,6,22,normal,normal
62,20,48,0,0,0,0,128,17,0,attack,attack
134,20,120,0,1,0,0,63,6,22,attack,attack
391,20,377,0,1,0,0,107,6,48412,attack,attack
1514,20,1500,0,1,0,0,64,6,22,normal,normal
110,20,96,0,1,0,0,128,6,58996,attack,attack
1514,20,1500,0,1,0,0,64,6,22,normal,attack
60,20,45,0,1,0,0,128,6,51723,normal,normal
60,20,40,0,1,0,0,128,6,4864,attack,attack
60,20,40,0,1,0,0,128,6,3019,normal,normal
62,20,48,0,0,0,0,128,17,0,attack,attack
60,20,40,0,1,0,0,128,6,51063,normal,normal
1434,20,1420,0,1,0,0,241,6,80,normal,normal
142,20,128,0,1,0,0,128,6,2482,normal,normal
362,20,348,0,0,0,0,45,17,0,attack,attack
1514,20,1500,0,1,0,0,41,6,80,attack,attack
86,20,72,0,1,0,0,63,6,22,normal,normal
60,20,40,0,1,0,0,128,6,4544,normal,normal
60,20,40,0,1,0,0,128,6,1731,normal,normal
60,20,40,0,0,0,0,128,6,2141,attack,attack
150,20,136,0,0,0,0,128,17,0,attack,attack
62,20,48,0,0,0,0,128,17,0,attack,attack
60,20,40,0,1,0,0,128,6,4528,normal,normal
838,20,824,0,1,0,0,64,6,22,normal,normal
221,20,207,0,1,0,0,55,6,80,normal,normal
60,20,40,0,1,0,0,128,6,2486,normal,normal
1480,20,1466,0,1,0,0,111,17,0,attack,attack
60,20,40,0,1,0,0,128,6,4499,normal,normal
102,20,88,0,1,0,0,63,6,22,attack,attack
60,20,40,0,1,0,0,63,6,22,attack,attack
1514,20,1500,0,1,0,0,47,6,80,normal,normal
197,20,183,0,0,0,0,58,17,0,normal,normal
1480,20,1466,0,0,0,0,115,17,0,attack,attack
60,20,40,0,1,0,0,128,6,4023,normal,normal
1514,20,1500,0,1,0,0,64,6,22,attack,attack
60,20,40,0,1,0,0,128,6,4503,normal,normal
1514,20,1500,0,1,0,0,64,6,22,normal,normal
60,20,40,0,1,0,0,128,6,1729,normal,normal
110,20,96,0,1,0,0,128,6,3937,normal,normal
62,20,48,0,0,0,0,128,17,0,attack,attack
1514,20,1500,0,1,0,0,63,6,22,normal,normal
60,20,40,0,1,0,0,128,6,1724,normal,normal
60,20,40,0,1,0,0,128,6,2296,attack,attack
60,20,40,0,1,0,0,64,6,22,normal,normal
1434,20,1420,0,1,0,0,102,6,80,attack,attack
110,20,96,0,1,0,0,128,6,1227,normal,normal
102,20,88,0,1,0,0,63,6,22,normal,normal
60,20,40,0,1,0,0,128,6,4544,normal,normal
62,20,48,0,0,0,0,128,17,0,attack,attack
1514,20,1500,0,1,0,0,54,6,80,normal,normal
1514,20,1500,0,1,0,0,63,6,22,attack,attack
134,20,120,0,1,0,0,64,6,22,normal,normal
62,20,48,0,0,0,0,128,17,0,attack,attack
212,20,198,0,0,0,0,112,17,0,attack,attack
62,20,48,0,0,0,0,128,17,0,attack,attack
294,20,280,0,1,0,0,128,6,2101,attack,attack
1514,20,1500,0,1,0,0,64,6,22,normal,normal
60,20,40,0,1,0,0,128,6,3171,normal,normal
1514,20,1500,0,1,0,0,64,6,22,normal,normal
60,20,40,0,1,0,0,128,6,1730,normal,normal
909,20,895,0,1,0,0,64,6,80,normal,normal
1514,20,1500,0,1,0,0,64,6,22,normal,attack
60,20,40,0,1,0,0,128,6,3171,normal,normal
1514,20,1500,0,1,0,0,64,6,22,normal,normal
1480,20,1466,0,0,0,0,118,17,0,attack,attack
60,20,40,0,1,0,0,128,6,2985,normal,normal
60,20,40,0,1,0,0,128,6,1729,normal,normal
62,20,48,0,0,0,0,128,17,0,attack,attack
1480,20,1466,0,0,0,0,111,17,0,attack,attack
126,20,112,0,1,0,0,64,6,22,normal,normal
1514,20,1500,0,1,0,0,64,6,22,normal,normal
1514,20,1500,0,1,0,0,63,6,22,normal,normal
1514,20,1500,0,1,0,0,63,6,22,attack,attack
1434,20,1420,0,1,0,0,241,6,80,normal,normal
79,20,65,0,0,0,0,128,17,0,attack,attack
1514,20,1500,0,1,0,0,47,6,6969,attack,attack
1514,20,1500,0,1,0,0,64,6,22,normal,normal
362,20,348,0,0,0,0,111,17,0,attack,attack
1514,20,1500,0,1,0,0,41,6,80,normal,normal
60,20,40,0,1,0,0,128,6,3860,attack,attack
1514,20,1500,0,1,0,0,63,6,22,normal,normal
60,20,40,0,1,0,0,64,6,22,attack,attack
212,20,198,0,0,0,0,45,17,0,attack,attack
143,20,129,0,1,0,0,128,6,139,attack,normal
60,20,40,0,1,0,0,128,6,4901,normal,normal
1434,20,1420,0,1,0,0,241,6,80,normal,normal
70,20,56,0,1,0,0,128,6,2927,attack,attack
60,20,40,0,1,0,0,63,6,22,normal,normal
838,20,824,0,1,0,0,63,6,22,attack,attack
662,20,648,0,0,0,0,112,17,0,attack,attack
60,20,40,0,1,0,0,128,6,4875,attack,attack
436,20,422,0,1,0,0,48,6,80,normal,normal
1514,20,1500,0,1,0,0,64,6,22,normal,normal
1514,20,1500,0,1,0,0,63,6,22,normal,normal
62,20,48,0,0,0,0,128,17,0,attack,attack
1514,20,1500,0,1,0,0,64,6,22,normal,normal
60,20,40,0,1,0,0,45,6,80,normal,normal
60,20,40,0,1,0,0,47,6,80,normal,normal
60,20,40,0,1,0,0,128,6,4501,normal,normal
60,20,40,0,1,0,0,128,6,3139,normal,normal
1514,20,1500,0,1,0,0,64,6,22,normal,normal
212,20,198,0,0,0,0,108,17,0,attack,attack
62,20,48,0,0,0,0,128,17,0,attack,attack
1514,20,1500,0,1,0,0,64,6,22,normal,normal
1414,20,1400,0,1,0,0,112,6,48544,attack,attack
60,20,40,0,1,0,0,64,6,22,normal,normal
1514,20,1500,0,1,0,0,64,6,22,normal,normal
60,20,40,0,1,0,0,128,6,1725,normal,normal
142,20,128,0,1,0,0,63,6,22,normal,normal
60,20,40,0,1,0,0,128,6,4781,attack,attack
1514,20,1500,0,1,0,0,63,6,22,normal,normal
212,20,198,0,0,0,0,106,17,0,attack,attack
142,20,128,0,1,0,0,128,6,4870,normal,attack
62,20,48,0,0,0,0,128,17,0,attack,attack
60,20,40,0,1,0,0,128,6,2131,attack,attack
60,20,40,0,1,0,0,63,6,22,normal,normal
1514,20,1500,0,1,0,0,41,6,80,attack,attack
1484,20,1470,0,0,0,0,55,6,80,normal,normal
1514,20,1500,0,1,0,0,64,6,22,normal,attack
60,20,40,0,1,0,0,64,6,22,normal,normal
662,20,648,0,0,0,0,108,17,0,attack,attack
1514,20,1500,0,1,0,0,64,6,22,normal,normal
190,20,176,0,1,0,0,63,6,22,normal,normal
1434,20,1420,0,1,0,0,241,6,80,normal,normal
1514,20,1500,0,1,0,0,63,6,22,normal,normal
110,20,96,0,1,0,0,128,6,4899,normal,normal
86,20,72,0,1,0,0,255,17,0,normal,normal
1502,20,1488,0,1,0,0,50,6,80,normal,normal
1480,20,1466,0,0,0,0,115,17,0,attack,attack
60,20,40,0,1,0,0,128,6,4497,normal,normal
60,20,40,0,1,0,0,128,6,2401,normal,normal
62,20,48,0,0,0,0,128,17,0,attack,attack
60,20,40,0,1,0,0,128,6,51091,normal,normal
60,20,40,0,0,0,0,128,6,2109,attack,attack
1514,20,1500,0,1,0,0,51,6,80,normal,normal
1506,20,1492,0,1,0,0,109,6,26076,attack,attack
1514,20,1500,0,1,0,0,41,6,80,normal,normal
1502,20,1488,0,1,0,0,56,6,80,normal,normal
93,20,79,0,1,0,0,63,6,22,normal,normal
212,20,198,0,0,0,0,105,17,0,attack,attack
212,20,198,0,0,0,0,112,17,0,attack,attack
1434,20,1420,0,1,0,0,241,6,80,normal,normal
212,20,198,0,0,0,0,112,17,0,attack,attack
60,20,40,0,1,0,0,128,6,1715,normal,normal
62,20,48,0,0,0,0,128,17,0,attack,attack
1480,20,1466,0,0,0,0,113,17,0,attack,attack
1514,20,1500,0,1,0,0,47,6,51413,attack,attack
62,20,48,0,0,0,0,128,17,0,attack,attack
1514,20,1500,0,1,0,0,63,6,22,normal,normal
1514,20,1500,0,1,0,0,63,6,22,normal,normal
1514,20,1500,0,1,0,0,64,6,80,normal,normal
1434,20,1420,0,0,0,0,46,6,80,normal,normal
1434,20,1420,0,1,0,0,241,6,80,normal,normal
1434,20,1420,0,1,0,0,241,6,80,normal,normal
60,20,40,0,1,0,0,128,6,1729,normal,normal
60,20,40,0,1,0,0,128,6,2367,attack,attack
362,20,348,0,0,0,0,108,17,0,attack,attack
154,20,140,0,1,0,0,112,6,48544,attack,attack
1434,20,1420,0,1,0,0,241,6,80,normal,normal
1506,20,1492,0,1,0,0,109,6,26076,attack,attack
206,20,192,0,1,0,0,128,6,2107,attack,attack
774,20,760,0,1,0,0,63,6,22,normal,normal
1434,20,1420,0,1,0,0,241,6,80,normal,normal
362,20,348,0,0,0,0,108,17,0,attack,attack
1514,20,1500,0,1,0,0,64,6,22,attack,attack
60,20,40,0,1,0,0,64,6,22,normal,normal
1514,20,1500,0,1,0,0,63,6,22,attack,attack
71,20,57,0,1,0,0,63,6,143,normal,normal
774,20,760,0,1,0,0,64,6,22,attack,attack
1514,20,1500,0,1,0,0,63,6,22,normal,normal
1514,20,1500,0,1,0,0,63,6,22,normal,normal
62,20,48,0,0,0,0,128,17,0,attack,attack
62,20,48,0,0,0,0,128,17,0,attack,attack
126,20,112,0,1,0,0,64,6,22,normal,attack
221,20,207,0,1,0,0,47,6,80,normal,normal
62,20,48,0,0,0,0,128,17,0,attack,attack
1514,20,1500,0,1,0,0,64,6,22,normal,normal
60,20,40,0,1,0,0,64,6,22,normal,normal
60,20,40,0,0,0,0,128,6,2120,attack,attack
60,20,40,0,1,0,0,128,6,4501,normal,normal
212,20,198,0,0,0,0,112,17,0,attack,attack
1514,20,1500,0,1,0,0,41,6,80,normal,normal
60,20,40,0,1,0,0,56,6,80,normal,normal
60,20,40,0,1,0,0,128,6,4501,normal,normal
1514,20,1500,0,1,0,0,54,6,80,normal,normal
662,20,648,0,0,0,0,108,17,0,attack,attack
1414,20,1400,0,1,0,0,112,6,48544,attack,attack
1434,20,1420,0,1,0,0,102,6,80,attack,attack
60,20,40,0,1,0,0,64,6,22,normal,normal
1480,20,1466,0,0,0,0,109,17,0,attack,attack
60,20,40,0,1,0,0,64,6,22,normal,normal
60,20,40,0,1,0,0,128,6,4788,normal,attack
1078,20,1064,0,1,0,0,52,6,51413,attack,attack
1514,20,1500,0,1,0,0,64,6,22,normal,normal
60,20,40,0,1,0,0,128,6,1737,normal,normal
60,20,40,0,0,0,0,128,6,2109,attack,attack
86,20,72,0,1,0,0,64,6,22,attack,attack
1514,20,1500,0,1,0,0,63,6,22,attack,attack
418,20,404,0,1,0,0,64,6,22,attack,attack
60,20,40,0,1,0,0,128,6,2985,normal,normal
662,20,648,0,0,0,0,112,17,0,attack,attack
74,20,60,0,1,0,0,64,6,110,normal,normal
212,20,198,0,0,0,0,108,17,0,attack,attack
62,20,48,0,0,0,0,128,17,0,attack,attack
648,20,634,0,1,0,0,102,6,80,attack,attack
774,20,760,0,1,0,0,63,6,22,attack,attack
1514,20,1500,0,1,0,0,41,6,80,normal,normal
294,20,280,0,1,0,0,128,6,58993,attack,attack
362,20,348,0,0,0,0,112,17,0,attack,attack
60,20,40,0,1,0,0,63,6,22,normal,attack
62,20,48,0,0,0,0,128,17,0,attack,attack
212,20,198,0,0,0,0,106,17,0,attack,attack
1514,20,1500,0,1,0,0,63,6,22,normal,normal
1514,20,1500,0,1,0,0,63,6,22,normal,normal
60,20,40,0,1,0,0,128,6,3160,normal,normal
1514,20,1500,0,1,0,0,63,6,22,attack,attack
62,20,48,0,0,0,0,128,17,0,attack,attack
60,20,40,0,1,0,0,64,6,22,attack,attack
1514,20,1500,0,1,0,0,64,6,22,normal,normal
60,20,40,0,1,0,0,128,6,1739,normal,normal
60,20,40,0,1,0,0,128,6,51063,normal,normal
1514,20,1500,0,1,0,0,64,6,22,normal,normal
1514,20,1500,0,1,0,0,63,6,22,normal,normal
1514,20,1500,0,1,0,0,63,6,22,normal,normal
212,20,198,0,0,0,0,45,17,0,attack,attack
1514,20,1500,0,1,0,0,63,6,22,normal,normal
134,20,120,0,1,0,0,52,6,64277,attack,attack
362,20,348,0,0,0,0,111,17,0,attack,attack
1506,20,1492,0,1,0,0,109,6,26076,attack,attack
60,20,40,0,1,0,0,51,6,80,normal,normal
1514,20,1500,0,1,0,0,64,6,22,attack,attack
134,20,120,0,1,0,0,52,6,64277,attack,attack
294,20,280,0,1,0,0,128,6,2099,attack,attack
1514,20,1500,0,1,0,0,63,6,22,normal,normal
66,20,52,0,0,0,0,128,6,2109,attack,attack
1434,20,1420,0,1,0,0,241,6,80,normal,normal
60,20,40,0,1,0,0,56,6,80,normal,normal
66,20,52,0,1,0,0,55,6,80,normal,normal
62,20,48,0,0,0,0,128,17,0,attack,attack
1514,20,1500,0,1,0,0,64,6,22,attack,attack
60,20,40,0,1,0,0,128,6,4498,normal,normal
60,20,40,0,0,0,0,128,6,2214,attack,attack
1480,20,1466,0,0,0,0,115,17,0,attack,attack
1514,20,1500,0,1,0,0,64,6,22,normal,normal
212,20,198,0,0,0,0,112,17,0,attack,attack
93,20,79,0,1,0,0,63,6,22,normal,normal
126,20,112,0,1,0,0,128,6,4491,normal,normal
60,20,40,0,1,0,0,128,6,1715,normal,normal
60,20,40,0,1,0,0,128,6,15864,normal,normal
1314,20,1300,0,1,0,0,48,6,55123,attack,attack
1514,20,1500,0,1,0,0,41,6,80,normal,normal
154,20,140,0,1,0,0,112,6,48544,attack,attack
60,20,40,0,1,0,0,64,6,22,normal,normal
1514,20,1500,0,1,0,0,63,6,22,normal,normal
362,20,348,0,0,0,0,111,17,0,attack,attack
212,20,198,0,0,0,0,105,17,0,attack,attack
1480,20,1466,0,0,0,0,110,17,0,attack,attack
1262,20,1248,0,0,0,0,112,17,0,attack,attack
110,20,96,0,1,0,0,64,6,22,normal,normal
566,20,552,0,0,0,0,47,6,51413,attack,attack
62,20,48,0,1,0,0,63,6,22,normal,normal
1514,20,1500,0,1,0,0,63,6,22,normal,attack
62,20,48,0,1,0,0,109,6,26076,attack,attack
86,20,72,0,1,0,0,64,6,22,normal,normal
60,20,40,0,1,0,0,128,6,3171,normal,normal
126,20,112,0,1,0,0,64,6,22,normal,normal
1480,20,1466,0,1,0,0,111,17,0,attack,attack
1514,20,1500,0,1,0,0,63,6,22,attack,attack
907,20,893,0,1,0,0,45,6,80,normal,normal
662,20,648,0,0,0,0,108,17,0,attack,attack
362,20,348,0,0,0,0,108,17,0,attack,attack
60,20,40,0,1,0,0,128,6,3020,normal,normal
1514,20,1500,0,1,0,0,64,6,22,normal,normal
212,20,198,0,0,0,0,112,17,0,attack,attack
62,20,48,0,0,0,0,128,17,0,attack,attack
275,20,261,0,0,0,0,63,17,0,normal,normal
62,20,48,0,0,0,0,128,17,0,attack,attack
60,20,40,0,1,0,0,128,6,2354,attack,attack
60,20,40,0,1,0,0,128,6,2985,normal,normal
212,20,198,0,0,0,0,105,17,0,attack,attack
774,20,760,0,1,0,0,63,6,22,normal,normal
60,20,40,0,1,0,0,128,6,4563,normal,normal
60,20,40,0,0,0,0,128,6,2109,attack,attack
1480,20,1466,0,0,0,0,111,17,0,attack,attack
1262,20,1248,0,0,0,0,108,17,0,attack,attack
1514,20,1500,0,1,0,0,63,6,22,normal,normal
110,20,96,0,1,0,0,64,6,22,normal,normal
212,20,198,0,0,0,0,105,17,0,attack,attack
60,20,40,0,1,0,0,128,6,2985,normal,normal
62,20,48,0,0,0,0,128,17,0,attack,attack
60,20,40,0,1,0,0,128,6,15863,normal,normal
60,20,40,0,1,0,0,128,6,4498,normal,normal
1514,20,1500,0,1,0,0,63,6,22,attack,attack
1514,20,1500,0,1,0,0,64,6,22,normal,normal
1514,20,1500,0,1,0,0,64,6,22,normal,normal
66,20,52,0,1,0,0,128,6,2110,attack,attack
822,20,808,0,1,0,0,64,6,22,normal,normal
1514,20,1500,0,1,0,0,45,6,80,attack,attack
60,20,40,0,1,0,0,63,6,22,attack,attack
216,20,202,0,0,0,0,58,17,0,normal,normal
142,20,128,0,1,0,0,128,6,2328,attack,attack
110,20,96,0,1,0,0,128,6,2403,normal,normal
60,0,0,0,0,0,0,0,0,0,normal,normal
60,20,40,0,1,0,0,64,6,22,normal,normal
94,20,80,0,1,0,0,63,6,22,normal,normal
60,20,40,0,1,0,0,56,6,80,normal,normal
1514,20,1500,0,1,0,0,52,6,80,normal,normal
1514,20,1500,0,1,0,0,52,6,80,normal,normal
60,20,40,0,1,0,0,128,6,2195,attack,attack
1514,20,1500,0,1,0,0,64,6,22,normal,attack
60,20,40,0,1,0,0,64,6,22,attack,attack
146,20,132,0,1,0,0,128,6,1027,attack,attack
172,20,158,0,0,0,0,63,17,0,normal,normal
62,20,48,0,0,0,0,128,17,0,attack,attack
102,20,88,0,1,0,0,128,6,1706,normal,normal
62,20,48,0,0,0,0,128,17,0,attack,attack
281,20,267,0,0,0,0,110,17,0,attack,attack
60,20,40,0,1,0,0,128,6,1715,normal,normal
60,20,40,0,1,0,0,128,6,2110,attack,attack
212,20,198,0,0,0,0,45,17,0,attack,attack
60,20,40,0,1,0,0,41,6,80,attack,attack
60,20,40,0,1,0,0,128,6,2115,attack,attack
93,20,79,0,1,0,0,63,6,22,normal,normal
1058,20,1044,0,1,0,0,63,6,22,normal,normal
1434,20,1420,0,1,0,0,241,6,80,normal,normal
1434,20,1420,0,1,0,0,241,6,80,normal,normal
62,20,48,0,1,0,0,41,6,80,attack,attack
62,20,48,0,1,0,0,128,6,16805,normal,normal
62,20,48,0,1,0,0,63,6,22,attack,attack
1514,20,1500,0,1,0,0,63,6,22,normal,normal
126,20,112,0,1,0,0,128,6,4787,attack,attack
60,20,40,0,1,0,0,56,6,80,normal,normal
1514,20,1500,0,1,0,0,52,6,51413,attack,attack
60,20,40,0,1,0,0,128,6,1028,attack,attack
1514,20,1500,0,1,0,0,64,6,22,normal,normal
1514,20,1500,0,1,0,0,64,6,22,attack,attack
88,20,74,0,0,0,0,128,17,0,attack,attack
60,20,40,0,1,0,0,128,6,2398,normal,normal
1514,20,1500,0,1,0,0,64,6,22,normal,normal
60,20,40,0,1,0,0,128,6,2115,attack,attack
1434,20,1420,0,1,0,0,241,6,80,normal,normal
60,20,40,0,1,0,0,128,6,2985,normal,normal
126,20,112,0,1,0,0,128,6,3171,normal,normal
1514,20,1500,0,1,0,0,63,6,22,normal,normal
60,20,40,0,1,0,0,128,6,1727,normal,normal
1434,20,1420,0,1,0,0,48,6,80,normal,normal
212,20,198,0,0,0,0,112,17,0,attack,attack
590,20,576,0,0,0,0,113,6,6880,attack,attack
60,20,40,0,1,0,0,128,6,1027,attack,attack
62,20,48,0,0,0,0,128,17,0,attack,attack
142,20,128,0,1,0,0,128,6,4892,normal,normal
1514,20,1500,0,1,0,0,63,6,22,attack,attack
60,20,40,0,1,0,0,128,6,2367,attack,attack
60,20,40,0,1,0,0,128,6,3060,normal,normal
60,20,40,0,1,0,0,128,6,2367,attack,attack
1514,20,1500,0,1,0,0,64,6,22,normal,normal
60,20,40,0,1,0,0,128,6,4875,attack,attack
1434,20,1420,0,1,0,0,241,6,80,normal,normal
66,20,52,0,1,0,0,55,6,80,normal,normal
164,20,150,0,1,0,0,48,6,80,normal,normal
60,20,40,0,1,0,0,128,6,51063,normal,normal
662,20,648,0,0,0,0,112,17,0,attack,attack
418,20,404,0,1,0,0,63,6,22,attack,attack
1514,20,1500,0,1,0,0,48,6,80,normal,normal
1314,20,1300,0,1,0,0,48,6,55123,attack,attack
150,20,136,0,0,0,0,128,17,0,attack,attack
60,20,40,0,1,0,0,128,6,4877,attack,attack
118,20,104,0,1,0,0,63,6,22,normal,normal
62,20,48,0,1,0,0,63,6,22,normal,normal
212,20,198,0,0,0,0,112,17,0,attack,attack
62,20,48,0,1,0,0,128,6,4016,normal,normal
212,20,198,0,0,0,0,106,17,0,attack,attack
135,20,121,0,1,0,0,128,6,2985,normal,normal
60,20,40,0,0,0,0,47,6,51413,attack,attack
1514,20,1500,0,1,0,0,63,6,22,normal,normal
62,20,48,0,0,0,0,128,17,0,attack,attack
1434,20,1420,0,1,0,0,241,6,80,normal,normal
62,20,48,0,0,0,0,128,17,0,attack,attack
60,20,40,0,1,0,0,128,6,2985,normal,normal
1514,20,1500,0,1,0,0,41,6,80,attack,attack
60,20,40,0,1,0,0,128,6,4495,normal,normal
1514,20,1500,0,1,0,0,63,6,22,normal,normal
66,20,52,0,1,0,0,64,6,50997,attack,attack
60,20,40,0,1,0,0,64,6,22,normal,normal
60,20,40,0,1,0,0,128,6,3818,normal,normal
60,20,40,0,1,0,0,128,6,2296,attack,attack
60,20,40,0,1,0,0,128,6,4025,normal,normal
1514,20,1500,0,1,0,0,59,6,80,normal,normal
71,20,57,0,0,0,0,128,6,2120,attack,attack
1514,20,1500,0,1,0,0,52,6,51413,attack,attack
212,20,198,0,0,0,0,105,17,0,attack,attack
100,20,86,0,1,0,0,128,6,2985,normal,normal
1434,20,1420,0,1,0,0,241,6,80,normal,normal
1514,20,1500,0,1,0,0,52,6,80,normal,normal
60,20,40,0,1,0,0,128,6,4529,normal,normal
102,20,88,0,1,0,0,63,6,22,normal,normal
418,20,404,0,1,0,0,63,6,22,attack,attack
774,20,760,0,1,0,0,63,6,22,normal,normal
1480,20,1466,0,0,0,0,117,17,0,attack,attack
68,20,54,0,0,0,0,128,17,0,attack,attack
62,20,48,0,0,0,0,128,17,0,attack,attack
62,20,48,0,0,0,0,128,17,0,attack,attack
80,20,66,0,1,0,0,128,6,2296,attack,attack
1514,20,1500,0,1,0,0,41,6,80,normal,normal
150,20,136,0,1,0,0,128,6,3930,normal,normal
212,20,198,0,0,0,0,105,17,0,attack,attack
1506,20,1492,0,1,0,0,109,6,26076,attack,attack
212,20,198,0,0,0,0,108,17,0,attack,attack
126,20,112,0,1,0,0,128,6,3937,normal,normal
60,20,40,0,1,0,0,128,6,2328,attack,attack
60,20,40,0,1,0,0,128,6,1729,normal,normal
212,20,198,0,0,0,0,112,17,0,attack,attack
60,20,40,0,1,0,0,128,6,2367,attack,attack
66,20,52,0,0,0,0,128,6,2120,attack,attack
1434,20,1420,0,1,0,0,241,6,80,normal,normal
60,20,40,0,1,0,0,241,6,80,normal,normal
60,20,40,0,1,0,0,63,6,22,normal,normal
1514,20,1500,0,1,0,0,56,6,80,normal,normal
62,20,48,0,0,0,0,128,17,0,attack,attack
1514,20,1500,0,0,0,0,242,6,80,normal,normal
60,20,40,0,1,0,0,128,6,4518,normal,normal
1514,20,1500,0,1,0,0,64,6,22,normal,normal
62,20,48,0,0,0,0,128,17,0,attack,attack
212,20,198,0,0,0,0,112,17,0,attack,attack
1434,20,1420,0,1,0,0,241,6,80,normal,normal
212,20,198,0,0,0,0,105,17,0,attack,attack
60,20,40,0,1,0,0,128,6,2110,attack,attack
60,20,40,0,1,0,0,128,6,2296,attack,attack
62,20,48,0,0,0,0,128,17,0,attack,attack
110,20,96,0,1,0,0,64,6,22,attack,attack
118,20,104,0,1,0,0,64,6,22,normal,normal
1434,20,1420,0,1,0,0,241,6,80,normal,normal
60,20,40,0,1,0,0,128,6,4025,normal,normal
1414,20,1400,0,1,0,0,112,6,48544,attack,attack
60,20,40,0,0,0,0,128,6,2214,attack,attack
60,20,40,0,1,0,0,128,6,3019,normal,normal
60,20,40,0,1,0,0,128,6,2115,attack,attack
1434,20,1420,0,1,0,0,241,6,80,normal,normal
60,20,40,0,1,0,0,56,6,80,normal,normal
1514,20,1500,0,1,0,0,63,6,22,normal,normal
126,20,112,0,1,0,0,64,6,22,attack,attack
1262,20,1248,0,0,0,0,108,17,0,attack,attack
1434,20,1420,0,1,0,0,241,6,80,normal,normal
1514,20,1500,0,1,0,0,63,6,22,normal,attack
62,20,48,0,0,0,0,128,17,0,attack,attack
60,20,40,0,1,0,0,63,6,110,normal,normal
110,20,96,0,1,0,0,63,6,22,attack,attack
1506,20,1492,0,1,0,0,45,6,51413,attack,attack
1514,20,1500,0,1,0,0,63,6,22,normal,normal
1434,20,1420,0,1,0,0,241,6,80,normal,normal
1514,20,1500,0,1,0,0,64,6,22,normal,normal
60,20,40,0,1,0,0,128,6,1729,normal,normal
299,20,285,0,1,0,0,48,6,80,normal,normal
62,20,48,0,0,0,0,128,17,0,attack,attack
60,20,40,0,1,0,0,64,6,22,normal,normal
1514,20,1500,0,1,0,0,51,6,80,normal,normal
60,20,40,0,1,0,0,128,6,2106,attack,attack
62,20,48,0,0,0,0,128,17,0,attack,attack
72,20,58,0,1,0,0,63,6,110,normal,normal
68,20,54,0,0,0,0,128,17,0,attack,attack
1314,20,1300,0,1,0,0,48,6,55123,attack,attack
212,20,198,0,0,0,0,108,17,0,attack,attack
102,20,88,0,1,0,0,64,6,22,normal,normal
89,20,75,0,0,0,0,128,6,2109,attack,attack
60,20,40,0,1,0,0,56,6,80,normal,normal
1514,20,1500,0,1,0,0,47,6,80,normal,normal
1314,20,1300,0,1,0,0,48,6,55123,attack,attack
60,20,40,0,1,0,0,128,6,1229,normal,normal
1514,20,1500,0,1,0,0,64,6,22,normal,attack
154,20,140,0,1,0,0,128,6,2988,normal,normal
1514,20,1500,0,1,0,0,63,6,22,attack,attack
1514,20,1500,0,1,0,0,64,6,22,normal,normal
110,20,96,0,1,0,0,128,6,16817,normal,normal
60,20,40,0,1,0,0,64,6,22,normal,normal
60,0,0,0,0,0,0,0,0,0,attack,attack
1514,20,1500,0,1,0,0,43,6,80,normal,normal
1514,20,1500,0,1,0,0,64,6,22,normal,normal
1514,20,1500,0,1,0,0,41,6,80,normal,normal
1514,20,1500,0,1,0,0,63,6,22,normal,normal
134,20,120,0,1,0,0,52,6,64277,attack,attack
60,20,40,0,0,0,0,128,6,2214,attack,attack
814,20,800,0,1,0,0,41,6,80,attack,attack
1514,20,1500,0,1,0,0,52,6,51413,attack,attack
1480,20,1466,0,0,0,0,111,17,0,attack,attack
62,20,48,0,0,0,0,128,17,0,attack,attack
1514,20,1500,0,1,0,0,63,6,22,normal,normal
1514,20,1500,0,1,0,0,43,6,80,normal,normal
1514,20,1500,0,1,0,0,63,6,22,attack,attack
97,20,83,0,1,0,0,54,6,80,normal,normal
1480,20,1466,0,1,0,0,110,17,0,attack,attack
62,20,48,0,0,0,0,128,17,0,attack,attack
1480,20,1466,0,0,0,0,107,17,0,attack,attack
110,20,96,0,1,0,0,63,6,22,normal,normal
1514,20,1500,0,1,0,0,41,6,80,normal,normal
206,20,192,0,1,0,0,128,6,4865,attack,attack
62,20,48,0,0,0,0,128,17,0,attack,attack
1514,20,1500,0,1,0,0,64,6,22,normal,normal
1514,20,1500,0,1,0,0,63,6,22,normal,normal
60,20,40,0,1,0,0,63,6,22,normal,normal
154,20,140,0,1,0,0,112,6,48544,attack,attack
60,20,40,0,1,0,0,128,6,2110,attack,attack
70,20,56,0,1,0,0,128,6,15844,normal,normal
1514,20,1500,0,1,0,0,63,6,22,attack,attack
106,20,92,0,0,0,0,128,17,0,attack,attack
102,20,88,0,1,0,0,64,6,22,attack,attack
1262,20,1248,0,0,0,0,112,17,0,attack,attack
362,20,348,0,0,0,0,111,17,0,attack,attack
441,20,427,0,1,0,0,54,6,80,normal,normal
60,20,40,0,1,0,0,128,6,3818,normal,normal
212,20,198,0,0,0,0,112,17,0,attack,attack
62,20,48,0,1,0,0,63,6,22,normal,normal
1514,20,1500,0,1,0,0,63,6,22,attack,normal
60,0,0,0,0,0,0,0,0,0,attack,attack
662,20,648,0,0,0,0,111,17,0,attack,attack
68,20,54,0,0,0,0,128,17,0,attack,attack
68,20,54,0,0,0,0,128,17,0,attack,attack
60,20,40,0,1,0,0,56,6,80,normal,normal
1506,20,1492,0,1,0,0,109,6,26076,attack,attack
1514,20,1500,0,1,0,0,63,6,22,attack,attack
1514,20,1500,0,1,0,0,63,6,22,attack,attack
861,20,847,0,0,0,0,45,17,0,attack,attack
1262,20,1248,0,0,0,0,112,17,0,attack,attack
66,20,52,0,1,0,0,128,6,4504,normal,normal
62,20,48,0,0,0,0,128,17,0,attack,attack
79,20,65,0,0,0,0,128,17,0,attack,attack
1480,20,1466,0,0,0,0,111,17,0,attack,attack
1223,20,1209,0,1,0,0,59,6,80,normal,normal
1434,20,1420,0,1,0,0,241,6,80,normal,normal
60,20,40,0,1,0,0,128,6,4788,normal,attack
212,20,198,0,0,0,0,105,17,0,attack,attack
169,20,155,0,1,0,0,128,6,15864,normal,normal
68,20,54,0,0,0,0,128,17,0,attack,attack
60,20,40,0,1,0,0,128,6,1089,attack,attack
1514,20,1500,0,1,0,0,41,6,80,normal,normal
1514,20,1500,0,1,0,0,63,6,22,normal,normal
1514,20,1500,0,1,0,0,63,6,22,attack,attack
60,20,40,0,1,0,0,56,6,80,normal,normal
60,20,40,0,1,0,0,128,6,4502,normal,normal
60,20,40,0,1,0,0,128,6,15852,normal,normal
102,20,88,0,1,0,0,64,6,22,normal,normal
62,20,48,0,0,0,0,128,17,0,attack,attack
62,20,48,0,0,0,0,128,17,0,attack,attack
62,20,48,0,0,0,0,128,17,0,attack,attack
1514,20,1500,0,1,0,0,52,6,80,normal,normal
60,20,40,0,1,0,0,64,6,22,normal,normal
662,20,648,0,0,0,0,45,17,0,attack,attack
1514,20,1500,0,1,0,0,59,6,80,normal,normal
1514,20,1500,0,1,0,0,63,6,22,attack,attack
93,20,79,0,1,0,0,63,6,22,normal,normal
60,20,40,0,1,0,0,128,6,1729,normal,normal
60,20,40,0,0,0,0,128,6,2120,attack,attack
60,20,40,0,1,0,0,128,6,2377,attack,attack
418,20,404,0,1,0,0,63,6,22,normal,normal
1434,20,1420,0,1,0,0,241,6,80,normal,normal
1502,20,1488,0,1,0,0,50,6,80,normal,normal
1434,20,1420,0,1,0,0,241,6,80,normal,normal
60,20,40,0,1,0,0,128,6,2985,normal,normal
60,20,40,0,1,0,0,64,6,22,attack,attack
60,20,40,0,1,0,0,128,6,4488,normal,normal
60,20,40,0,1,0,0,128,6,59000,attack,attack
60,20,40,0,1,0,0,128,6,4181,normal,normal
70,20,56,0,1,0,0,128,6,2923,attack,attack
62,20,48,0,0,0,0,128,17,0,attack,attack
60,20,40,0,1,0,0,128,6,15852,normal,normal
1514,20,1500,0,1,0,0,63,6,22,normal,normal
1514,20,1500,0,1,0,0,63,6,22,normal,normal
60,20,40,0,1,0,0,128,6,4945,attack,attack
60,20,40,0,1,0,0,128,6,2328,attack,attack
1514,20,1500,0,1,0,0,63,6,22,normal,attack
134,20,120,0,1,0,0,63,6,22,attack,attack
1434,20,1420,0,1,0,0,102,6,80,attack,attack
1514,20,1500,0,1,0,0,63,6,22,normal,attack
62,20,48,0,0,0,0,128,17,0,attack,attack
1514,20,1500,0,1,0,0,64,6,22,normal,normal
1514,20,1500,0,1,0,0,63,6,22,normal,normal
62,20,48,0,0,0,0,128,17,0,attack,attack
1514,20,1500,0,1,0,0,52,6,80,normal,normal
62,20,48,0,0,0,0,128,17,0,attack,attack
1514,20,1500,0,1,0,0,63,6,22,normal,normal
1514,20,1500,0,1,0,0,64,6,22,normal,normal
112,20,98,0,1,0,0,128,6,1240,normal,normal
60,20,40,0,1,0,0,128,6,2328,attack,attack
60,20,40,0,1,0,0,128,6,4501,normal,normal
62,20,48,0,0,0,0,128,17,0,attack,attack
60,20,40,0,1,0,0,64,6,22,normal,normal
60,20,40,0,1,0,0,128,6,3019,normal,normal
62,20,48,0,1,0,0,43,6,80,normal,normal
1514,20,1500,0,1,0,0,108,6,57421,attack,attack
1480,20,1466,0,0,0,0,45,17,0,attack,attack
62,20,48,0,0,0,0,128,17,0,attack,attack
1514,20,1500,0,1,0,0,63,6,22,normal,normal
471,20,457,0,1,0,0,52,6,64277,attack,attack
60,20,45,0,1,0,0,63,6,110,attack,attack
1514,20,1500,0,1,0,0,52,6,80,normal,normal
60,20,40,0,1,0,0,128,6,1715,normal,normal
1514,20,1500,0,1,0,0,63,6,22,normal,normal
882,20,868,0,1,0,0,64,6,22,normal,normal
62,20,48,0,0,0,0,128,17,0,attack,attack
62,20,48,0,1,0,0,128,6,4495,normal,normal
60,20,40,0,1,0,0,128,6,4533,normal,normal
838,20,824,0,1,0,0,64,6,22,attack,attack
60,20,40,0,1,0,0,128,6,2296,attack,attack
60,20,40,0,1,0,0,128,6,1715,normal,normal
70,20,56,0,1,0,0,128,6,4180,normal,normal
1514,20,1500,0,1,0,0,41,6,80,normal,normal
60,20,40,0,1,0,0,128,6,4529,normal,normal
60,20,40,0,0,0,0,128,6,2109,attack,attack
1514,20,1500,0,1,0,0,52,6,80,normal,normal
1514,20,1500,0,1,0,0,63,6,22,normal,normal
662,20,648,0,0,0,0,109,17,0,attack,attack
1506,20,1492,0,1,0,0,109,6,26076,attack,attack
60,20,40,0,1,0,0,64,6,22,normal,normal
1514,20,1500,0,1,0,0,64,6,22,attack,attack
151,20,137,0,1,0,0,128,6,2195,attack,attack
60,20,40,0,1,0,0,128,6,2106,attack,attack
60,20,40,0,1,0,0,128,6,2115,attack,attack
62,20,48,0,0,0,0,128,17,0,attack,attack
662,20,648,0,0,0,0,111,17,0,attack,attack
60,20,40,0,1,0,0,128,6,4889,attack,attack
60,20,40,0,1,0,0,128,6,3934,normal,normal
60,20,40,0,1,0,0,128,6,2401,normal,normal
1480,20,1466,0,0,0,0,115,17,0,attack,attack
212,20,198,0,0,0,0,45,17,0,attack,attack
1414,20,1400,0,1,0,0,112,6,48544,attack,attack
60,20,40,0,1,0,0,128,6,2115,attack,attack
62,20,48,0,0,0,0,128,17,0,attack,attack
60,20,40,0,1,0,0,128,6,3819,normal,normal
590,20,576,0,0,0,0,113,6,6880,attack,attack
75,20,61,0,0,0,0,128,17,0,normal,normal
774,20,760,0,1,0,0,63,6,22,normal,normal
110,20,96,0,1,0,0,64,6,22,normal,normal
110,20,96,0,1,0,0,128,6,2673,normal,normal
212,20,198,0,0,0,0,112,17,0,attack,attack
62,20,48,0,0,0,0,128,17,0,attack,attack
212,20,198,0,0,0,0,105,17,0,attack,attack
60,20,40,0,1,0,0,128,6,4531,normal,normal
94,20,80,0,1,0,0,64,6,22,normal,normal
1494,20,1480,0,1,0,0,109,6,22,attack,attack
1514,20,1500,0,1,0,0,47,6,80,normal,normal
662,20,648,0,0,0,0,110,17,0,attack,attack
1480,20,1466,0,0,0,0,45,17,0,attack,attack
93,20,79,0,0,0,0,64,17,0,normal,normal
62,20,48,0,0,0,0,128,17,0,attack,attack
1480,20,1466,0,0,0,0,106,17,0,attack,attack
68,20,54,0,0,0,0,128,17,0,attack,attack
60,20,40,0,1,0,0,128,6,1729,normal,normal
1514,20,1500,0,1,0,0,64,6,22,attack,attack
150,20,136,0,0,0,0,128,17,0,attack,attack
60,20,40,0,1,0,0,63,6,22,attack,attack
62,20,48,0,0,0,0,128,17,0,attack,attack
60,20,40,0,1,0,0,128,6,3834,normal,normal
1514,20,1500,0,1,0,0,64,6,22,attack,attack
66,20,52,0,0,0,0,128,6,2141,attack,attack
60,20,40,0,1,0,0,128,6,4501,normal,normal
418,20,404,0,1,0,0,63,6,22,normal,normal
146,20,132,0,1,0,0,128,6,4926,attack,attack
102,20,88,0,1,0,0,64,6,22,attack,attack
62,20,48,0,1,0,0,128,6,4026,normal,normal
62,20,48,0,1,0,0,128,6,4556,normal,normal
62,20,48,0,0,0,0,128,17,0,attack,attack
1434,20,1420,0,1,0,0,241,6,80,normal,normal
94,20,80,0,1,0,0,128,6,2492,normal,normal
62,20,48,0,0,0,0,128,17,0,attack,attack
94,20,80,0,1,0,0,64,6,22,normal,normal
60,20,40,0,1,0,0,128,6,3866,attack,attack
1480,20,1466,0,0,0,0,111,17,0,attack,attack
126,20,112,0,1,0,0,64,6,22,normal,normal
60,20,40,0,1,0,0,128,6,3019,normal,normal
294,20,280,0,1,0,0,128,6,4860,attack,attack
1514,20,1500,0,1,0,0,63,6,22,attack,attack
166,20,152,0,1,0,0,128,6,1737,normal,normal
62,20,48,0,0,0,0,128,17,0,attack,attack
1514,20,1500,0,1,0,0,64,6,22,normal,normal
1514,20,1500,0,1,0,0,63,6,22,normal,normal
1514,20,1500,0,1,0,0,41,6,80,normal,normal
212,20,198,0,0,0,0,105,17,0,attack,attack
60,20,40,0,1,0,0,63,6,22,normal,normal
60,20,40,0,1,0,0,63,6,22,attack,attack
212,20,198,0,0,0,0,112,17,0,attack,attack
60,20,40,0,1,0,0,128,6,4777,attack,attack
62,20,48,0,1,0,0,63,6,22,attack,attack
652,20,638,0,1,0,0,47,6,80,normal,normal
212,20,198,0,0,0,0,112,17,0,attack,attack
1514,20,1500,0,1,0,0,64,6,22,normal,attack
1514,20,1500,0,1,0,0,64,6,22,normal,normal
60,20,40,0,1,0,0,128,6,2328,attack,attack
1502,20,1488,0,1,0,0,56,6,80,normal,normal
566,20,552,0,0,0,0,47,6,51413,attack,attack
212,20,198,0,0,0,0,112,17,0,attack,attack
60,20,40,0,1,0,0,128,6,3012,normal,normal
62,20,48,0,0,0,0,128,17,0,attack,attack
701,20,687,0,1,0,0,47,6,80,normal,normal
1514,20,1500,0,1,0,0,59,6,80,normal,normal
1514,20,1500,0,1,0,0,63,6,22,normal,normal
1480,20,1466,0,1,0,0,118,17,0,attack,attack
1106,20,1092,0,1,0,0,63,6,22,normal,normal
686,20,672,0,1,0,0,41,6,80,attack,attack
60,20,40,0,1,0,0,128,6,1715,normal,normal
1514,20,1500,0,1,0,0,63,6,80,normal,normal
60,20,40,0,1,0,0,128,6,4501,normal,normal
1480,20,1466,0,0,0,0,117,17,0,attack,attack
1480,20,1466,0,0,0,0,109,17,0,attack,attack
86,20,72,0,1,0,0,63,6,22,attack,attack
1514,20,1500,0,1,0,0,64,6,22,normal,attack
1514,20,1500,0,1,0,0,64,6,22,normal,normal
1480,20,1466,0,0,0,0,106,17,0,attack,attack
102,20,88,0,1,0,0,64,6,22,attack,attack
1514,20,1500,0,1,0,0,64,6,22,normal,normal
1514,20,1500,0,1,0,0,63,6,22,normal,normal
1434,20,1420,0,1,0,0,241,6,80,normal,normal
1514,20,1500,0,1,0,0,50,6,80,normal,normal
126,20,112,0,1,0,0,64,6,22,normal,normal
1514,20,1500,0,1,0,0,47,6,80,normal,normal
60,20,40,0,1,0,0,128,6,4529,normal,normal
1514,20,1500,0,1,0,0,64,6,22,attack,attack
1514,20,1500,0,1,0,0,63,6,22,normal,normal
60,20,40,0,1,0,0,63,6,22,normal,normal
1514,20,1500,0,1,0,0,63,6,22,normal,normal
60,20,40,0,1,0,0,128,6,1029,attack,attack
147,20,133,0,1,0,0,128,6,4895,attack,attack
60,20,40,0,1,0,0,46,6,80,normal,normal
86,20,72,0,0,0,0,64,17,0,normal,normal
60,20,40,0,1,0,0,64,6,22,normal,normal
206,20,192,0,1,0,0,128,6,2404,normal,normal
102,20,88,0,1,0,0,64,6,22,normal,normal
102,20,88,0,1,0,0,64,6,22,attack,attack
60,20,40,0,1,0,0,43,6,80,normal,normal
1434,20,1420,0,1,0,0,241,6,80,normal,normal
1514,20,1500,0,1,0,0,64,6,22,attack,attack
1514,20,1500,0,1,0,0,64,6,22,normal,normal
62,20,48,0,1,0,0,64,6,22,normal,normal
163,20,149,0,0,0,0,115,17,0,attack,attack
1514,20,1500,0,1,0,0,63,6,22,normal,normal
1514,20,1500,0,1,0,0,41,6,80,normal,normal
62,20,48,0,0,0,0,128,17,0,attack,attack
60,20,40,0,1,0,0,128,6,4501,normal,normal
62,20,48,0,0,0,0,128,17,0,attack,attack
62,20,48,0,0,0,0,128,17,0,attack,attack
134,20,120,0,1,0,0,64,6,22,attack,attack
1480,20,1466,0,0,0,0,106,17,0,attack,attack
60,20,40,0,1,0,0,128,6,3042,normal,normal
1514,20,1500,0,1,0,0,45,6,80,normal,normal
60,20,40,0,1,0,0,41,6,80,attack,attack
102,20,88,0,1,0,0,63,6,22,attack,attack
1514,20,1500,0,1,0,0,63,6,22,normal,normal
60,20,40,0,1,0,0,128,6,1729,normal,normal
1514,20,1500,0,1,0,0,64,6,22,normal,attack
62,20,48,0,1,0,0,109,6,26076,attack,attack
60,0,0,0,0,0,0,0,0,0,normal,normal
1514,20,1500,0,1,0,0,63,6,80,normal,normal
60,20,40,0,1,0,0,128,6,1232,normal,normal
60,20,40,0,1,0,0,128,6,4493,normal,normal
150,20,136,0,0,0,0,128,17,0,attack,attack
62,20,48,0,1,0,0,128,6,4525,normal,normal
1514,20,1500,0,1,0,0,63,6,22,normal,normal
122,20,108,0,1,0,0,128,6,3822,normal,normal
142,20,128,0,1,0,0,64,6,22,normal,normal
62,20,48,0,1,0,0,128,6,4185,attack,attack
1514,20,1500,0,1,0,0,47,6,80,normal,normal
1480,20,1466,0,0,0,0,105,17,0,attack,attack
1514,20,1500,0,1,0,0,63,6,22,attack,attack
60,20,40,0,1,0,0,128,6,2987,normal,normal
1514,20,1500,0,1,0,0,64,6,22,attack,attack
60,20,40,0,1,0,0,128,6,4026,normal,normal
102,20,88,0,1,0,0,64,6,22,normal,normal
146,20,132,0,1,0,0,128,6,4499,normal,normal
1480,20,1466,0,0,0,0,107,17,0,attack,attack
60,20,40,0,1,0,0,128,6,4181,attack,normal
134,20,120,0,1,0,0,64,6,22,attack,attack
1480,20,1466,0,0,0,0,106,17,0,attack,attack
60,20,40,0,1,0,0,128,6,1729,normal,normal
1480,20,1466,0,0,0,0,110,17,0,attack,attack
662,20,648,0,0,0,0,108,17,0,attack,attack
1514,20,1500,0,1,0,0,63,6,22,normal,attack
62,20,48,0,0,0,0,108,17,0,attack,attack
1514,20,1500,0,1,0,0,64,6,22,normal,normal
1480,20,1466,0,0,0,0,110,17,0,attack,attack
200,20,186,0,0,0,0,58,17,0,normal,normal
1514,20,1500,0,1,0,0,63,6,22,normal,normal
62,20,48,0,0,0,0,128,17,0,attack,attack
1262,20,1248,0,1,0,0,110,17,0,attack,attack
84,20,70,0,0,0,0,64,17,0,normal,normal
662,20,648,0,0,0,0,108,17,0,attack,attack
1514,20,1500,0,1,0,0,64,6,22,attack,attack
93,20,79,0,1,0,0,63,6,22,attack,attack
1502,20,1488,0,1,0,0,56,6,80,normal,normal
62,20,48,0,1,0,0,63,6,22,attack,attack
60,20,40,0,1,0,0,128,6,2985,normal,normal
102,20,88,0,1,0,0,63,6,22,attack,attack
1514,20,1500,0,1,0,0,64,6,22,normal,normal
110,20,96,0,1,0,0,63,6,22,normal,normal
60,20,40,0,1,0,0,109,6,26076,attack,attack
1514,20,1500,0,1,0,0,63,6,22,normal,normal
1514,20,1500,0,1,0,0,64,6,22,normal,attack
60,20,40,0,1,0,0,128,6,4501,normal,normal
1434,20,1420,0,1,0,0,241,6,80,normal,normal
1514,20,1500,0,1,0,0,106,6,27571,attack,attack
60,20,40,0,1,0,0,128,6,3106,normal,normal
1514,20,1500,0,1,0,0,63,6,22,attack,attack
1514,20,1500,0,1,0,0,63,6,22,attack,attack
1514,20,1500,0,1,0,0,64,6,22,normal,normal
1480,20,1466,0,0,0,0,111,17,0,attack,attack
60,20,40,0,1,0,0,128,6,2309,attack,attack
102,20,88,0,1,0,0,128,6,1222,normal,normal
362,20,348,0,0,0,0,111,17,0,attack,attack
60,20,40,0,1,0,0,128,6,4782,attack,attack
1514,20,1500,0,1,0,0,63,6,22,attack,attack
60,20,40,0,1,0,0,128,6,3019,normal,normal
60,20,40,0,1,0,0,128,6,4015,normal,normal
60,20,40,0,1,0,0,128,6,4501,normal,normal
110,20,96,0,1,0,0,64,6,22,normal,normal
294,20,280,0,1,0,0,128,6,4182,normal,normal
135,20,121,0,1,0,0,52,6,25,attack,attack
60,20,40,0,1,0,0,128,6,2110,attack,attack
1514,20,1500,0,1,0,0,63,6,22,normal,attack
60,20,40,0,1,0,0,128,6,1229,normal,normal
1514,20,1500,0,1,0,0,63,6,22,normal,normal
60,20,40,0,1,0,0,56,6,80,normal,normal
62,20,48,0,0,0,0,128,17,0,attack,attack
118,20,104,0,1,0,0,63,6,22,normal,normal
1314,20,1300,0,1,0,0,48,6,55123,attack,attack
1514,20,1500,0,1,0,0,64,6,22,normal,attack
1514,20,1500,0,1,0,0,64,6,80,normal,normal
142,20,128,0,1,0,0,128,6,3928,normal,normal
62,20,48,0,0,0,0,128,17,0,attack,attack
60,20,40,0,1,0,0,128,6,1729,normal,normal
62,20,48,0,0,0,0,128,17,0,attack,attack
102,20,88,0,1,0,0,64,6,22,attack,attack
60,20,40,0,1,0,0,128,6,4901,normal,normal
1514,20,1500,0,1,0,0,63,6,22,attack,attack
68,20,54,0,0,0,0,128,17,0,attack,attack
221,20,207,0,0,0,0,64,17,0,normal,normal
93,20,79,0,1,0,0,64,6,22,normal,normal
1514,20,1500,0,1,0,0,63,6,22,normal,normal
60,20,40,0,1,0,0,128,6,3019,normal,normal
1506,20,1492,0,1,0,0,112,6,35691,attack,attack
838,20,824,0,1,0,0,64,6,22,attack,attack
118,20,104,0,1,0,0,63,6,22,attack,attack
566,20,552,0,0,0,0,47,6,51413,attack,attack
1434,20,1420,0,1,0,0,241,6,80,normal,normal
1514,20,1500,0,1,0,0,64,6,22,attack,attack
60,20,40,0,1,0,0,64,6,22,normal,normal
62,20,48,0,0,0,0,128,17,0,attack,attack
1514,20,1500,0,1,0,0,41,6,80,normal,normal
60,20,40,0,1,0,0,128,6,1735,normal,normal
1514,20,1500,0,1,0,0,63,6,22,normal,normal
62,20,48,0,0,0,0,128,17,0,attack,attack
1514,20,1500,0,1,0,0,50,6,80,normal,normal
259,20,245,0,0,0,0,105,17,0,attack,attack
126,20,112,0,1,0,0,128,6,15852,normal,normal
662,20,648,0,0,0,0,112,17,0,attack,attack
60,20,40,0,1,0,0,128,6,51085,normal,normal
60,20,40,0,1,0,0,41,6,80,attack,attack
1514,20,1500,0,1,0,0,64,6,22,normal,normal
212,20,198,0,0,0,0,105,17,0,attack,attack
102,20,88,0,1,0,0,128,6,58990,attack,attack
1514,20,1500,0,1,0,0,63,6,22,normal,normal
60,20,40,0,1,0,0,128,6,2367,attack,attack
362,20,348,0,0,0,0,111,17,0,attack,attack
126,20,112,0,1,0,0,128,6,3171,normal,normal
1480,20,1466,0,0,0,0,108,17,0,attack,attack
60,20,40,0,1,0,0,128,6,2367,attack,attack
60,20,40,0,1,0,0,41,6,80,normal,normal
94,20,80,0,1,0,0,64,6,22,normal,normal
119,20,105,0,1,0,0,128,6,4026,normal,normal
1514,20,1500,0,1,0,0,64,6,22,normal,normal
1434,20,1420,0,1,0,0,241,6,80,normal,normal
662,20,648,0,0,0,0,108,17,0,attack,attack
60,20,40,0,0,0,0,128,6,2141,attack,attack
60,20,40,0,1,0,0,128,6,4015,normal,normal
62,20,48,0,0,0,0,107,17,0,attack,attack
1480,20,1466,0,1,0,0,117,17,0,attack,attack
1514,20,1500,0,1,0,0,64,6,22,normal,normal
1434,20,1420,0,1,0,0,241,6,80,normal,normal
1434,20,1420,0,1,0,0,241,6,80,normal,normal
110,20,96,0,1,0,0,63,6,22,normal,normal
60,20,40,0,1,0,0,128,6,4020,normal,normal
212,20,198,0,0,0,0,111,17,0,attack,attack
60,20,40,0,1,0,0,128,6,2328,attack,attack
1514,20,1500,0,1,0,0,107,6,48412,attack,attack
60,20,40,0,1,0,0,128,6,2985,normal,normal
1514,20,1500,0,1,0,0,63,6,22,normal,normal
60,20,40,0,1,0,0,128,6,2367,attack,attack
94,20,80,0,1,0,0,128,6,4494,normal,normal
60,20,40,0,1,0,0,128,6,4529,normal,normal
1262,20,1248,0,0,0,0,45,17,0,attack,attack
1514,20,1500,0,1,0,0,43,6,80,normal,normal
60,20,40,0,1,0,0,128,6,2115,attack,attack
1514,20,1500,0,1,0,0,41,6,80,normal,normal
62,20,48,0,0,0,0,128,17,0,attack,attack
60,20,40,0,1,0,0,128,6,3849,normal,normal
60,20,40,0,1,0,0,128,6,2115,attack,attack
212,20,198,0,0,0,0,109,17,0,attack,attack
83,20,69,0,0,0,0,64,17,0,normal,attack
1514,20,1500,0,1,0,0,52,6,80,normal,normal
62,20,48,0,1,0,0,63,6,22,normal,normal
212,20,198,0,0,0,0,105,17,0,attack,attack
909,20,895,0,1,0,0,64,6,80,normal,normal
1514,20,1500,0,1,0,0,47,6,80,normal,normal
1494,20,1480,0,1,0,0,109,6,22,attack,attack
909,20,895,0,1,0,0,63,6,80,normal,normal
1106,20,1092,0,1,0,0,64,6,22,normal,normal
62,20,48,0,0,0,0,117,17,0,attack,attack
62,20,48,0,0,0,0,128,17,0,attack,attack
662,20,648,0,0,0,0,108,17,0,attack,attack
1514,20,1500,0,1,0,0,106,6,27571,attack,attack
1514,20,1500,0,1,0,0,63,6,22,normal,normal
1480,20,1466,0,0,0,0,111,17,0,attack,attack
62,20,48,0,1,0,0,128,6,1707,normal,normal
126,20,112,0,1,0,0,128,6,4181,normal,normal
62,20,48,0,0,0,0,128,17,0,attack,attack
62,20,48,0,0,0,0,128,17,0,attack,attack
566,20,552,0,0,0,0,47,6,51413,attack,attack
62,20,48,0,1,0,0,63,6,22,normal,normal
60,20,40,0,1,0,0,54,6,80,normal,normal
1514,20,1500,0,1,0,0,64,6,22,normal,normal
1514,20,1500,0,1,0,0,64,6,22,attack,attack
80,20,66,0,1,0,0,128,6,2367,attack,attack
1514,20,1500,0,1,0,0,47,6,80,normal,normal
60,20,40,0,1,0,0,128,6,59000,attack,attack
212,20,198,0,0,0,0,105,17,0,attack,attack
662,20,648,0,0,0,0,108,17,0,attack,attack
60,20,40,0,1,0,0,128,6,1229,normal,normal
418,20,404,0,1,0,0,64,6,22,attack,attack
60,20,40,0,1,0,0,128,6,4869,normal,attack
1514,20,1500,0,1,0,0,107,6,48412,attack,attack
60,20,40,0,1,0,0,48,6,55123,attack,attack
212,20,198,0,0,0,0,106,17,0,attack,attack
1480,20,1466,0,0,0,0,107,17,0,attack,attack
1514,20,1500,0,1,0,0,108,6,57421,attack,attack
154,20,140,0,1,0,0,128,6,4506,normal,normal
1514,20,1500,0,1,0,0,47,6,80,normal,normal
60,20,40,0,1,0,0,128,6,3171,normal,normal
66,20,52,0,1,0,0,128,6,51064,normal,normal
1506,20,1492,0,1,0,0,45,6,51413,attack,attack
1514,20,1500,0,1,0,0,64,6,22,normal,normal
212,20,198,0,0,0,0,112,17,0,attack,attack
362,20,348,0,0,0,0,108,17,0,attack,attack
93,20,79,0,1,0,0,63,6,22,attack,attack
66,20,52,0,1,0,0,128,6,2110,attack,attack
1314,20,1300,0,1,0,0,48,6,55123,attack,attack
60,20,40,0,1,0,0,128,6,2106,attack,attack
60,20,40,0,1,0,0,128,6,15852,normal,normal
60,20,40,0,1,0,0,128,6,3866,normal,attack
62,20,48,0,0,0,0,128,17,0,attack,attack
1514,20,1500,0,1,0,0,45,6,80,normal,normal
1514,20,1500,0,1,0,0,63,6,22,normal,normal
62,20,48,0,1,0,0,112,6,35691,attack,attack
362,20,348,0,0,0,0,108,17,0,attack,attack
1514,20,1500,0,1,0,0,52,6,80,normal,normal
62,20,48,0,0,0,0,128,17,0,attack,attack
110,20,96,0,1,0,0,64,6,22,normal,attack
62,20,48,0,1,0,0,128,6,15852,normal,normal
1434,20,1420,0,1,0,0,241,6,80,normal,normal
60,20,40,0,1,0,0,63,6,22,normal,normal
418,20,404,0,1,0,0,64,6,22,attack,attack
72,20,58,0,0,0,0,128,17,0,attack,attack
60,20,40,0,1,0,0,64,6,22,normal,attack
212,20,198,0,0,0,0,112,17,0,attack,attack
1514,20,1500,0,1,0,0,41,6,80,normal,normal
1480,20,1466,0,0,0,0,108,17,0,attack,attack
60,20,40,0,1,0,0,112,6,48544,attack,attack
1434,20,1420,0,1,0,0,241,6,80,normal,normal
60,20,40,0,1,0,0,63,6,22,normal,normal
62,20,48,0,0,0,0,128,17,0,attack,attack
110,20,96,0,1,0,0,128,6,1225,normal,normal
1514,20,1500,0,1,0,0,63,6,22,normal,normal
60,20,40,0,1,0,0,128,6,2296,attack,attack
86,20,72,0,1,0,0,64,6,22,attack,attack
1514,20,1500,0,1,0,0,63,6,22,normal,normal
60,20,40,0,1,0,0,128,6,1721,normal,normal
60,20,40,0,1,0,0,128,6,3866,attack,attack
1514,20,1500,0,1,0,0,64,6,22,normal,normal
60,20,40,0,1,0,0,128,6,15841,normal,normal
60,20,40,0,0,0,0,128,6,1231,normal,normal
1514,20,1500,0,1,0,0,43,6,80,normal,normal
362,20,348,0,0,0,0,111,17,0,attack,attack
60,20,40,0,1,0,0,128,6,2115,attack,attack
212,20,198,0,0,0,0,112,17,0,attack,attack
1514,20,1500,0,1,0,0,63,6,22,normal,normal
62,20,48,0,1,0,0,64,6,22,normal,normal
62,20,48,0,1,0,0,128,6,3069,normal,normal
1514,20,1500,0,1,0,0,64,6,22,normal,normal
827,20,813,0,1,0,0,47,6,51413,attack,attack
150,20,136,0,1,0,0,128,6,3171,normal,normal
1514,20,1500,0,1,0,0,64,6,22,normal,normal
1262,20,1248,0,0,0,0,45,17,0,attack,attack
1414,20,1400,0,1,0,0,112,6,48544,attack,attack
1514,20,1500,0,1,0,0,47,6,51413,attack,attack
1514,20,1500,0,1,0,0,63,6,22,attack,attack
60,20,40,0,1,0,0,128,6,1739,normal,normal
1514,20,1500,0,1,0,0,108,6,57421,attack,attack
60,20,40,0,1,0,0,128,6,2115,attack,attack
1514,20,1500,0,1,0,0,64,6,22,normal,normal
1514,20,1500,0,1,0,0,52,6,80,normal,normal
62,20,48,0,1,0,0,63,6,22,normal,normal
62,20,48,0,0,0,0,128,17,0,attack,attack
1514,20,1500,0,1,0,0,63,6,22,normal,normal
60,20,40,0,1,0,0,41,6,80,attack,attack
93,20,79,0,1,0,0,64,6,22,normal,normal
153,20,139,0,0,0,0,58,17,0,normal,normal
418,20,404,0,1,0,0,64,6,22,normal,normal
1480,20,1466,0,0,0,0,113,17,0,attack,attack
60,20,40,0,1,0,0,128,6,15828,normal,normal
1514,20,1500,0,1,0,0,43,6,80,normal,normal
60,20,40,0,1,0,0,128,6,1729,normal,normal
362,20,348,0,0,0,0,112,17,0,attack,attack
254,20,240,0,1,0,0,48,6,55123,attack,attack
212,20,198,0,0,0,0,108,17,0,attack,attack
566,20,552,0,0,0,0,47,6,51413,attack,attack
1046,20,1032,0,1,0,0,56,6,80,normal,normal
60,20,40,0,1,0,0,128,6,1229,normal,normal
126,20,112,0,1,0,0,64,6,22,attack,attack
60,20,40,0,1,0,0,128,6,2490,normal,normal
60,20,40,0,1,0,0,63,6,22,attack,attack
144,20,130,0,1,0,0,128,6,4984,attack,attack
1514,20,1500,0,1,0,0,52,6,80,normal,normal
1506,20,1492,0,1,0,0,45,6,51413,attack,attack
100,20,86,0,1,0,0,128,6,2985,normal,normal
1514,20,1500,0,1,0,0,43,6,80,normal,normal
212,20,198,0,0,0,0,105,17,0,attack,attack
110,20,96,0,1,0,0,63,6,22,normal,normal
126,20,112,0,1,0,0,63,6,22,attack,attack
608,20,594,0,1,0,0,241,6,80,normal,normal
1514,20,1500,0,1,0,0,47,6,80,normal,normal
774,20,760,0,1,0,0,63,6,22,attack,attack
1514,20,1500,0,1,0,0,63,6,22,attack,attack
60,20,40,0,1,0,0,128,6,2195,attack,attack
62,20,48,0,0,0,0,112,17,0,attack,attack
1514,20,1500,0,1,0,0,54,6,80,normal,normal
1434,20,1420,0,1,0,0,52,6,64277,attack,attack
1514,20,1500,0,1,0,0,52,6,80,normal,normal
838,20,824,0,1,0,0,63,6,22,normal,normal
1514,20,1500,0,1,0,0,63,6,22,normal,normal
62,20,48,0,1,0,0,63,6,22,normal,normal
1514,20,1500,0,1,0,0,64,6,22,normal,normal
294,20,280,0,1,0,0,128,6,3937,normal,normal
1514,20,1500,0,1,0,0,64,6,22,attack,attack
1514,20,1500,0,1,0,0,64,6,22,normal,normal
64,20,50,0,1,0,0,63,6,143,attack,attack
118,20,104,0,1,0,0,63,6,22,normal,normal
60,20,40,0,1,0,0,56,6,80,normal,normal
212,20,198,0,0,0,0,112,17,0,attack,attack
62,20,48,0,0,0,0,128,17,0,attack,attack
1514,20,1500,0,1,0,0,63,6,22,normal,normal
1514,20,1500,0,1,0,0,63,6,22,normal,normal
1514,20,1500,0,1,0,0,63,6,22,normal,normal
1514,20,1500,0,1,0,0,41,6,80,normal,normal
774,20,760,0,1,0,0,63,6,22,normal,normal
60,20,40,0,1,0,0,64,6,22,attack,attack
1514,20,1500,0,1,0,0,41,6,80,normal,normal
418,20,404,0,1,0,0,63,6,22,normal,normal
1502,20,1488,0,1,0,0,50,6,80,normal,normal
102,20,88,0,1,0,0,128,6,3169,normal,normal
212,20,198,0,0,0,0,108,17,0,attack,attack
115,20,101,0,1,0,0,128,6,3853,normal,normal
60,20,40,0,1,0,0,128,6,4501,normal,normal
1480,20,1466,0,0,0,0,115,17,0,attack,attack
157,20,143,0,0,0,0,63,17,0,attack,attack
418,20,404,0,1,0,0,64,6,22,attack,attack
212,20,198,0,0,0,0,45,17,0,attack,attack
126,20,112,0,1,0,0,128,6,15837,normal,normal
362,20,348,0,0,0,0,109,17,0,attack,attack
1480,20,1466,0,0,0,0,111,17,0,attack,attack
1480,20,1466,0,1,0,0,111,17,0,attack,attack
158,20,144,0,1,0,0,128,6,2490,normal,normal
102,20,88,0,1,0,0,64,6,22,attack,attack
86,20,72,0,1,0,0,64,6,22,normal,normal
1434,20,1420,0,1,0,0,241,6,80,normal,normal
126,20,112,0,1,0,0,128,6,4901,normal,normal
126,20,112,0,1,0,0,128,6,3170,normal,normal
130,20,116,0,1,0,0,128,6,3148,normal,normal
1514,20,1500,0,1,0,0,41,6,80,attack,attack
1480,20,1466,0,0,0,0,109,17,0,attack,attack
60,20,40,0,1,0,0,128,6,4487,normal,normal
60,20,40,0,1,0,0,128,6,4521,normal,normal
142,20,128,0,1,0,0,128,6,4897,normal,normal
60,20,40,0,1,0,0,64,6,22,normal,normal
102,20,88,0,1,0,0,63,6,22,normal,normal
62,20,48,0,0,0,0,128,17,0,attack,attack
1514,20,1500,0,1,0,0,64,6,22,attack,attack
1514,20,1500,0,1,0,0,64,6,22,normal,normal
62,20,48,0,1,0,0,41,6,80,attack,attack
1514,20,1500,0,1,0,0,47,6,6969,attack,attack
212,20,198,0,0,0,0,106,17,0,attack,attack
60,20,40,0,1,0,0,63,6,22,normal,normal
100,20,86,0,0,0,0,119,1,0,attack,attack
1434,20,1420,0,1,0,0,52,6,64277,attack,attack
62,20,48,0,1,0,0,109,6,26076,attack,attack
1434,20,1420,0,1,0,0,241,6,80,normal,normal
1514,20,1500,0,1,0,0,64,6,22,attack,attack
60,20,40,0,1,0,0,128,6,3016,normal,normal
60,20,40,0,1,0,0,128,6,1735,normal,normal
362,20,348,0,0,0,0,45,17,0,attack,attack
212,20,198,0,0,0,0,112,17,0,attack,attack
60,20,40,0,1,0,0,64,6,22,normal,normal
60,20,40,0,1,0,0,128,6,4495,normal,normal
1514,20,1500,0,1,0,0,52,6,51413,attack,attack
60,20,40,0,1,0,0,128,6,1724,normal,normal
60,20,40,0,1,0,0,128,6,2490,normal,normal
1514,20,1500,0,1,0,0,41,6,80,attack,attack
60,20,40,0,1,0,0,128,6,15841,normal,normal
1514,20,1500,0,1,0,0,63,6,22,normal,normal
1480,20,1466,0,0,0,0,110,17,0,attack,attack
1514,20,1500,0,1,0,0,63,6,22,normal,normal
1514,20,1500,0,1,0,0,63,6,22,normal,normal
102,20,88,0,1,0,0,64,6,22,attack,attack
62,20,48,0,0,0,0,128,17,0,attack,attack
1480,20,1466,0,0,0,0,111,17,0,attack,attack
60,20,40,0,1,0,0,64,6,22,normal,normal
60,20,40,0,1,0,0,64,6,22,attack,attack
212,20,198,0,0,0,0,105,17,0,attack,attack
134,20,120,0,1,0,0,63,6,22,normal,normal
62,20,48,0,1,0,0,109,6,26076,attack,attack
1514,20,1500,0,1,0,0,47,6,80,normal,normal
1514,20,1500,0,1,0,0,64,6,22,normal,normal
1434,20,1420,0,1,0,0,241,6,80,normal,normal
1514,20,1500,0,1,0,0,43,6,80,attack,attack
60,20,40,0,1,0,0,128,6,2114,attack,attack
418,20,404,0,1,0,0,63,6,22,normal,normal
1480,20,1466,0,0,0,0,109,17,0,attack,attack
60,20,40,0,1,0,0,128,6,2490,normal,normal
1514,20,1500,0,1,0,0,64,6,22,normal,normal
1480,20,1466,0,0,0,0,113,17,0,attack,attack
62,20,48,0,0,0,0,128,17,0,attack,attack
1514,20,1500,0,1,0,0,63,6,22,attack,attack
1514,20,1500,0,1,0,0,41,6,80,normal,normal
60,20,40,0,1,0,0,128,6,3019,normal,normal
1514,20,1500,0,1,0,0,63,6,22,normal,normal
1514,20,1500,0,1,0,0,43,6,80,normal,normal
1514,20,1500,0,1,0,0,64,6,80,normal,normal
60,20,40,0,1,0,0,128,6,1731,normal,normal
60,20,40,0,1,0,0,128,6,4875,attack,attack
1225,20,1211,0,1,0,0,51,6,80,normal,normal
60,20,40,0,0,0,0,128,6,2120,attack,attack
1514,20,1500,0,1,0,0,64,6,22,attack,attack
1514,20,1500,0,1,0,0,56,6,80,normal,normal
62,20,48,0,0,0,0,128,17,0,attack,attack
212,20,198,0,0,0,0,105,17,0,attack,attack
118,20,104,0,1,0,0,63,6,22,attack,attack
662,20,648,0,0,0,0,108,17,0,attack,attack
66,20,52,0,1,0,0,128,6,1729,normal,normal
212,20,198,0,0,0,0,112,17,0,attack,attack
1434,20,1420,0,1,0,0,241,6,80,normal,normal
60,20,40,0,1,0,0,128,6,2115,attack,attack
212,20,198,0,0,0,0,112,17,0,attack,attack
1514,20,1500,0,1,0,0,63,6,22,attack,attack
60,20,40,0,1,0,0,128,6,1740,normal,normal
60,20,40,0,1,0,0,56,6,80,normal,normal
1514,20,1500,0,1,0,0,63,6,22,normal,normal
60,20,40,0,1,0,0,128,6,4181,normal,normal
89,20,75,0,1,0,0,128,6,1989,attack,attack
62,20,48,0,0,0,0,128,17,0,attack,attack
1514,20,1500,0,1,0,0,41,6,80,normal,normal
62,20,48,0,1,0,0,128,6,16820,normal,normal
62,20,48,0,1,0,0,56,6,80,normal,normal
60,20,40,0,1,0,0,64,6,80,normal,normal
1514,20,1500,0,1,0,0,64,6,22,normal,normal
662,20,648,0,0,0,0,111,17,0,attack,attack
126,20,112,0,1,0,0,64,6,22,normal,normal
1480,20,1466,0,0,0,0,113,17,0,attack,attack
1514,20,1500,0,1,0,0,63,6,22,normal,normal
92,20,78,0,1,0,0,128,6,15842,normal,normal
60,20,40,0,1,0,0,43,6,80,normal,normal
62,20,48,0,0,0,0,128,17,0,attack,attack
60,20,40,0,1,0,0,128,6,15873,normal,normal
102,20,88,0,1,0,0,63,6,22,attack,attack
1514,20,1500,0,1,0,0,63,6,22,normal,normal
294,20,280,0,1,0,0,128,6,4896,normal,normal
1514,20,1500,0,1,0,0,107,6,48412,attack,attack
68,20,54,0,0,0,0,128,17,0,attack,attack
1514,20,1500,0,1,0,0,63,6,22,attack,attack
1514,20,1500,0,1,0,0,50,6,80,normal,normal
60,20,40,0,1,0,0,63,6,22,normal,normal
62,20,48,0,0,0,0,128,17,0,attack,attack
1434,20,1420,0,1,0,0,241,6,80,normal,normal
126,20,112,0,1,0,0,128,6,3866,normal,attack
62,20,48,0,0,0,0,128,17,0,attack,attack
212,20,198,0,0,0,0,112,17,0,attack,attack
1514,20,1500,0,1,0,0,41,6,80,normal,normal
93,20,79,0,1,0,0,63,6,22,normal,normal
1514,20,1500,0,1,0,0,64,6,22,normal,normal
214,20,200,0,1,0,0,52,6,64277,attack,attack
60,20,40,0,1,0,0,64,6,22,normal,normal
1514,20,1500,0,1,0,0,63,6,22,normal,normal
1514,20,1500,0,1,0,0,54,6,80,normal,normal
1514,20,1500,0,1,0,0,64,6,22,normal,normal
274,20,260,0,1,0,0,53,6,80,normal,normal
235,20,221,0,1,0,0,45,6,51413,attack,attack
72,20,58,0,1,0,0,63,6,110,normal,normal
60,20,40,0,1,0,0,128,6,3836,normal,normal
1514,20,1500,0,1,0,0,64,6,22,normal,normal
212,20,198,0,0,0,0,105,17,0,attack,attack
62,20,48,0,0,0,0,128,17,0,attack,attack
1036,20,1022,0,1,0,0,56,6,80,normal,normal
60,20,40,0,1,0,0,41,6,80,normal,normal
62,20,48,0,0,0,0,128,17,0,attack,attack
566,20,552,0,0,0,0,47,6,51413,attack,attack
60,20,40,0,1,0,0,128,6,4869,normal,attack
1502,20,1488,0,1,0,0,56,6,80,normal,normal
60,20,40,0,1,0,0,63,6,22,normal,normal
70,20,56,0,1,0,0,128,6,4888,normal,normal
62,20,48,0,1,0,0,56,6,80,normal,normal
102,20,88,0,1,0,0,128,6,3172,normal,normal
418,20,404,0,1,0,0,64,6,22,normal,normal
1514,20,1500,0,1,0,0,52,6,80,normal,normal
62,20,48,0,0,0,0,128,17,0,attack,attack
110,20,96,0,1,0,0,128,6,15853,normal,normal
1514,20,1500,0,1,0,0,41,6,80,normal,normal
1434,20,1420,0,1,0,0,241,6,80,normal,normal
1514,20,1500,0,1,0,0,63,6,22,normal,normal
145,20,131,0,1,0,0,128,6,4940,normal,attack
60,20,40,0,1,0,0,128,6,59000,attack,attack
1514,20,1500,0,1,0,0,43,6,80,attack,attack
60,20,40,0,1,0,0,63,6,22,normal,normal
212,20,198,0,0,0,0,112,17,0,attack,attack
1480,20,1466,0,0,0,0,111,17,0,attack,attack
60,20,40,0,1,0,0,128,6,2985,normal,normal
362,20,348,0,0,0,0,111,17,0,attack,attack
131,20,117,0,1,0,0,128,6,3013,normal,normal
60,20,40,0,1,0,0,47,6,80,normal,normal
86,20,72,0,1,0,0,63,6,22,normal,normal
1434,20,1420,0,1,0,0,102,6,80,attack,attack
60,20,40,0,1,0,0,49,6,80,normal,normal
1434,20,1420,0,1,0,0,48,6,80,normal,normal
1506,20,1492,0,1,0,0,109,6,26076,attack,attack
60,20,40,0,1,0,0,128,6,1027,attack,attack
1488,20,1474,0,1,0,0,52,6,80,normal,normal
1514,20,1500,0,1,0,0,63,6,22,normal,normal
86,20,72,0,1,0,0,63,6,22,attack,attack
212,20,198,0,0,0,0,112,17,0,attack,attack
1514,20,1500,0,1,0,0,63,6,22,normal,attack
1514,20,1500,0,1,0,0,63,6,22,attack,attack
60,20,40,0,1,0,0,128,6,4532,normal,normal
60,20,40,0,0,0,0,128,6,2109,attack,attack
1514,20,1500,0,1,0,0,63,6,22,normal,attack
68,20,54,0,0,0,0,128,17,0,attack,attack
1514,20,1500,0,1,0,0,63,6,22,normal,attack
1514,20,1500,0,1,0,0,64,6,22,normal,normal
1514,20,1500,0,1,0,0,64,6,22,normal,normal
60,20,40,0,1,0,0,41,6,80,normal,normal
60,20,40,0,1,0,0,41,6,80,attack,attack
60,20,40,0,1,0,0,128,6,16816,normal,normal
60,20,40,0,1,0,0,128,6,4490,normal,normal
62,20,48,0,0,0,0,128,17,0,attack,attack
1490,20,1476,0,1,0,0,64,6,22,normal,attack
1514,20,1500,0,1,0,0,64,6,22,attack,attack
60,20,40,0,1,0,0,128,6,3866,attack,attack
1434,20,1420,0,1,0,0,49,6,80,normal,normal
1514,20,1500,0,1,0,0,52,6,51413,attack,attack
62,20,48,0,0,0,0,128,17,0,attack,attack
110,20,96,0,1,0,0,64,6,22,normal,normal
60,20,40,0,0,0,0,128,6,2109,attack,attack
126,20,112,0,1,0,0,63,6,22,attack,attack
60,20,40,0,1,0,0,128,6,3171,normal,normal
102,20,88,0,1,0,0,63,6,22,normal,normal
393,20,379,0,1,0,0,128,6,51095,normal,normal
60,20,40,0,1,0,0,47,6,80,normal,normal
1514,20,1500,0,1,0,0,106,6,27571,attack,attack
1514,20,1500,0,1,0,0,64,6,22,normal,normal
774,20,760,0,1,0,0,63,6,22,normal,normal
1514,20,1500,0,1,0,0,64,6,22,normal,normal
1514,20,1500,0,1,0,0,63,6,22,normal,normal
60,20,40,0,1,0,0,128,6,3818,normal,normal
1514,20,1500,0,1,0,0,63,6,22,attack,attack
62,20,48,0,1,0,0,128,6,3078,normal,normal
60,20,40,0,1,0,0,48,6,80,normal,normal
62,20,48,0,0,0,0,128,17,0,attack,attack
126,20,112,0,1,0,0,63,6,22,normal,normal
1514,20,1500,0,1,0,0,48,6,80,normal,normal
1514,20,1500,0,1,0,0,52,6,80,normal,normal
71,20,57,0,1,0,0,128,6,2114,attack,attack
62,20,48,0,0,0,0,128,17,0,attack,attack
60,20,40,0,1,0,0,128,6,3866,attack,attack
69,20,55,0,1,0,0,128,6,3025,normal,normal
1506,20,1492,0,1,0,0,109,6,26076,attack,attack
1514,20,1500,0,1,0,0,64,6,22,normal,normal
102,20,88,0,1,0,0,63,6,22,attack,attack
662,20,648,0,0,0,0,111,17,0,attack,attack
60,20,40,0,1,0,0,128,6,4493,normal,normal
60,20,40,0,1,0,0,128,6,3816,normal,normal
1514,20,1500,0,1,0,0,63,6,22,attack,attack
62,20,48,0,0,0,0,128,17,0,attack,attack
1514,20,1500,0,1,0,0,63,6,22,attack,attack
60,20,40,0,1,0,0,128,6,1715,normal,normal
110,20,96,0,1,0,0,64,6,22,normal,attack
60,20,40,0,1,0,0,55,6,80,normal,normal
1514,20,1500,0,1,0,0,54,6,80,normal,normal
774,20,760,0,1,0,0,64,6,22,normal,normal
662,20,648,0,0,0,0,108,17,0,attack,attack
60,20,40,0,0,0,0,128,6,2214,attack,attack
662,20,648,0,0,0,0,111,17,0,attack,attack
1514,20,1500,0,1,0,0,64,6,22,normal,normal
62,20,48,0,0,0,0,128,17,0,attack,attack
60,20,40,0,1,0,0,41,6,80,attack,attack
1514,20,1500,0,1,0,0,64,6,22,normal,normal
441,20,427,0,1,0,0,56,6,80,normal,normal
80,20,66,0,1,0,0,128,6,2328,attack,attack
590,20,576,0,0,0,0,108,6,51884,attack,attack
1514,20,1500,0,1,0,0,54,6,80,normal,normal
1514,20,1500,0,1,0,0,63,6,22,normal,normal
1480,20,1466,0,0,0,0,118,17,0,attack,attack
1434,20,1420,0,1,0,0,241,6,80,normal,normal
362,20,348,0,0,0,0,111,17,0,attack,attack
1264,20,1250,0,1,0,0,41,6,80,attack,attack
62,20,48,0,1,0,0,128,6,3101,normal,normal
1434,20,1420,0,1,0,0,241,6,80,normal,normal
1434,20,1420,0,1,0,0,113,6,80,attack,attack
1484,20,1470,0,0,0,0,55,6,80,normal,normal
686,20,672,0,1,0,0,41,6,80,attack,attack
60,20,40,0,1,0,0,64,6,22,normal,normal
60,20,40,0,1,0,0,128,6,4901,normal,normal
1514,20,1500,0,1,0,0,108,6,57421,attack,attack
72,20,58,0,0,0,0,128,17,0,attack,attack
1514,20,1500,0,1,0,0,63,6,22,normal,normal
1514,20,1500,0,1,0,0,64,6,22,normal,normal
1514,20,1500,0,1,0,0,41,6,80,normal,normal
590,20,576,0,0,0,0,108,6,51884,attack,attack
590,20,576,0,0,0,0,113,6,6880,attack,attack
1514,20,1500,0,1,0,0,63,6,22,attack,attack
60,20,40,0,1,0,0,128,6,1724,normal,normal
1514,20,1500,0,1,0,0,64,6,22,normal,normal
1514,20,1500,0,1,0,0,64,6,22,normal,normal
60,20,40,0,1,0,0,128,6,3845,normal,normal
1514,20,1500,0,1,0,0,47,6,80,normal,normal
110,20,96,0,1,0,0,128,6,1715,normal,normal
102,20,88,0,1,0,0,64,6,22,normal,normal
362,20,348,0,0,0,0,112,17,0,attack,attack
1078,20,1064,0,1,0,0,47,6,6969,attack,attack
62,20,48,0,0,0,0,128,17,0,attack,attack
1514,20,1500,0,1,0,0,64,6,22,normal,normal
86,20,72,0,1,0,0,255,17,0,attack,attack
1514,20,1500,0,1,0,0,64,6,22,normal,normal
62,20,48,0,1,0,0,112,6,35691,attack,attack
1514,20,1500,0,1,0,0,64,6,22,attack,attack
206,20,192,0,1,0,0,128,6,4778,normal,attack
60,20,40,0,1,0,0,128,6,4503,normal,normal
1514,20,1500,0,1,0,0,63,6,22,attack,attack
62,20,48,0,0,0,0,128,17,0,attack,attack
1514,20,1500,0,1,0,0,64,6,22,normal,normal
212,20,198,0,0,0,0,105,17,0,attack,attack
86,20,72,0,1,0,0,255,17,0,normal,normal
62,20,48,0,0,0,0,128,17,0,attack,attack
1434,20,1420,0,1,0,0,241,6,80,normal,normal
1514,20,1500,0,1,0,0,63,6,22,normal,normal
662,20,648,0,0,0,0,108,17,0,attack,attack
60,20,40,0,1,0,0,63,6,22,normal,normal
102,20,88,0,1,0,0,64,6,22,normal,normal
1514,20,1500,0,1,0,0,64,6,22,normal,normal
154,20,140,0,1,0,0,112,6,48544,attack,attack
60,20,40,0,1,0,0,128,6,1715,normal,normal
1514,20,1500,0,1,0,0,64,6,22,normal,normal
134,20,120,0,1,0,0,52,6,64277,attack,attack
1514,20,1500,0,1,0,0,117,6,80,normal,normal
662,20,648,0,0,0,0,108,17,0,attack,attack
60,20,40,0,1,0,0,128,6,2110,attack,attack
1514,20,1500,0,1,0,0,63,6,22,attack,attack
142,20,128,0,1,0,0,128,6,2097,attack,attack
88,20,74,0,0,0,0,128,17,0,attack,attack
1514,20,1500,0,1,0,0,52,6,80,normal,normal
60,20,40,0,1,0,0,41,6,80,attack,attack
126,20,112,0,1,0,0,63,6,22,normal,normal
1514,20,1500,0,1,0,0,63,6,22,normal,normal
1514,20,1500,0,1,0,0,64,6,22,attack,attack
142,20,128,0,1,0,0,63,6,22,normal,normal
62,20,48,0,0,0,0,128,17,0,attack,attack
294,20,280,0,1,0,0,128,6,58990,attack,attack
1514,20,1500,0,1,0,0,63,6,22,attack,attack
62,20,48,0,0,0,0,128,17,0,attack,attack
60,20,40,0,1,0,0,41,6,80,attack,attack
1514,20,1500,0,1,0,0,41,6,80,normal,normal
1434,20,1420,0,1,0,0,241,6,80,normal,normal
126,20,112,0,1,0,0,128,6,4860,attack,attack
1434,20,1420,0,1,0,0,241,6,80,normal,normal
62,20,48,0,1,0,0,63,6,22,attack,attack
84,20,70,0,0,0,0,64,17,0,normal,normal
774,20,760,0,1,0,0,64,6,22,normal,normal
212,20,198,0,0,0,0,105,17,0,attack,attack
1480,20,1466,0,0,0,0,113,17,0,attack,attack
62,20,48,0,0,0,0,128,17,0,attack,attack
86,20,72,0,1,0,0,64,6,22,attack,attack
62,20,48,0,0,0,0,128,17,0,attack,attack
1514,20,1500,0,1,0,0,52,6,80,normal,normal
1480,20,1466,0,0,0,0,108,17,0,attack,attack
1514,20,1500,0,1,0,0,107,6,48412,attack,attack
134,20,120,0,1,0,0,241,6,80,normal,normal
1514,20,1500,0,1,0,0,64,6,80,normal,normal
60,20,40,0,1,0,0,128,6,3014,normal,normal
861,20,847,0,0,0,0,107,17,0,attack,attack
1514,20,1500,0,1,0,0,64,6,22,normal,normal
60,20,40,0,1,0,0,128,6,2106,normal,attack
60,20,40,0,1,0,0,64,6,22,attack,attack
206,20,192,0,1,0,0,128,6,58991,attack,attack
299,20,285,0,1,0,0,48,6,80,normal,normal
60,20,40,0,1,0,0,128,6,2984,normal,normal
86,20,72,0,1,0,0,63,6,22,attack,attack
1514,20,1500,0,1,0,0,64,6,22,normal,normal
1514,20,1500,0,1,0,0,56,6,80,normal,normal
1514,20,1500,0,1,0,0,63,6,22,normal,normal
70,20,56,0,1,0,0,128,6,2403,normal,normal
648,20,634,0,1,0,0,128,6,2381,attack,attack
1078,20,1064,0,1,0,0,45,6,51413,attack,attack
66,20,52,0,1,0,0,57,6,53822,normal,normal
110,20,96,0,1,0,0,128,6,3869,normal,attack
1514,20,1500,0,1,0,0,41,6,80,normal,normal
60,20,40,0,1,0,0,63,6,22,normal,normal
83,20,69,0,1,0,0,50,6,80,normal,normal
60,20,40,0,1,0,0,128,6,15852,normal,normal
142,20,128,0,1,0,0,128,6,1231,normal,normal
62,20,48,0,0,0,0,128,17,0,attack,attack
1514,20,1500,0,1,0,0,64,6,22,attack,attack
1514,20,1500,0,1,0,0,63,6,22,normal,normal
134,20,120,0,1,0,0,64,6,22,normal,attack
1514,20,1500,0,1,0,0,64,6,22,normal,normal
1502,20,1488,0,1,0,0,50,6,80,normal,normal
1514,20,1500,0,1,0,0,64,6,22,normal,normal
1514,20,1500,0,1,0,0,63,6,22,attack,attack
1434,20,1420,0,1,0,0,102,6,80,attack,attack
60,20,40,0,0,0,0,128,6,2109,attack,attack
212,20,198,0,0,0,0,108,17,0,attack,attack
1434,20,1420,0,1,0,0,241,6,80,normal,normal
362,20,348,0,0,0,0,111,17,0,attack,attack
1514,20,1500,0,1,0,0,64,6,22,normal,normal
102,20,88,0,1,0,0,64,6,22,attack,normal
1514,20,1500,0,1,0,0,45,6,80,normal,normal
102,20,88,0,1,0,0,128,6,4184,normal,normal
142,20,128,0,1,0,0,64,6,22,normal,normal
94,20,80,0,1,0,0,63,6,22,normal,normal
60,20,40,0,1,0,0,128,6,3160,normal,normal
1514,20,1500,0,1,0,0,63,6,22,attack,attack
60,20,40,0,1,0,0,128,6,4557,normal,normal
88,20,74,0,0,0,0,128,17,0,attack,attack
1514,20,1500,0,1,0,0,46,6,80,normal,normal
755,20,741,0,1,0,0,63,6,80,normal,normal
60,20,40,0,1,0,0,128,6,2928,attack,attack
662,20,648,0,0,0,0,108,17,0,attack,attack
212,20,198,0,0,0,0,106,17,0,attack,attack
88,20,74,0,0,0,0,128,17,0,attack,attack
1514,20,1500,0,1,0,0,45,6,80,normal,normal
60,20,40,0,1,0,0,128,6,2131,attack,attack
1514,20,1500,0,1,0,0,64,6,22,normal,normal
1514,20,1500,0,1,0,0,64,6,22,normal,normal
62,20,48,0,0,0,0,128,17,0,attack,attack
566,20,552,0,0,0,0,47,6,51413,attack,attack
662,20,648,0,0,0,0,105,17,0,attack,attack
1480,20,1466,0,1,0,0,117,17,0,attack,attack
126,20,112,0,1,0,0,128,6,51066,normal,normal
391,20,377,0,1,0,0,107,6,48412,attack,attack
1514,20,1500,0,1,0,0,64,6,22,normal,normal
62,20,48,0,0,0,0,128,17,0,attack,attack
1480,20,1466,0,0,0,0,115,17,0,attack,attack
62,20,48,0,1,0,0,128,6,1085,attack,attack
1514,20,1500,0,1,0,0,64,6,22,attack,attack
1514,20,1500,0,1,0,0,64,6,22,normal,normal
110,20,96,0,1,0,0,64,6,22,attack,attack
142,20,128,0,1,0,0,64,6,22,normal,normal
1514,20,1500,0,1,0,0,63,6,22,normal,normal
60,20,40,0,1,0,0,52,6,64277,attack,attack
1078,20,1064,0,1,0,0,52,6,51413,attack,attack
212,20,198,0,0,0,0,108,17,0,attack,attack
212,20,198,0,0,0,0,112,17,0,attack,attack
1514,20,1500,0,1,0,0,41,6,80,normal,normal
212,20,198,0,0,0,0,112,17,0,attack,attack
774,20,760,0,1,0,0,64,6,22,normal,normal
60,20,40,0,1,0,0,128,6,3167,normal,normal
1514,20,1500,0,1,0,0,64,6,22,normal,normal
62,20,48,0,0,0,0,128,17,0,attack,attack
62,20,48,0,0,0,0,128,17,0,attack,attack
212,20,198,0,0,0,0,112,17,0,attack,attack
1514,20,1500,0,1,0,0,63,6,22,normal,normal
662,20,648,0,0,0,0,110,17,0,attack,attack
1514,20,1500,0,1,0,0,41,6,80,attack,attack
206,20,192,0,1,0,0,128,6,4017,normal,normal
60,20,40,0,1,0,0,56,6,80,normal,normal
1514,20,1500,0,1,0,0,52,6,80,normal,normal
62,20,48,0,0,0,0,128,17,0,attack,attack
134,20,120,0,1,0,0,52,6,64277,attack,attack
1514,20,1500,0,1,0,0,64,6,22,normal,normal
62,20,48,0,0,0,0,128,17,0,attack,attack
86,20,72,0,1,0,0,64,6,22,normal,normal
92,20,78,0,1,0,0,128,6,4182,normal,normal
60,20,40,0,1,0,0,128,6,2381,attack,attack
1514,20,1500,0,1,0,0,64,6,22,normal,normal
60,20,40,0,1,0,0,128,6,15872,normal,normal
60,20,40,0,1,0,0,128,6,2985,normal,normal
1514,20,1500,0,1,0,0,63,6,22,attack,attack
169,20,155,0,1,0,0,128,6,4969,attack,attack
60,20,40,0,1,0,0,41,6,80,attack,attack
62,20,48,0,0,0,0,128,17,0,attack,attack
1514,20,1500,0,1,0,0,52,6,80,normal,normal
362,20,348,0,0,0,0,45,17,0,attack,attack
1506,20,1492,0,1,0,0,109,6,26076,attack,attack
1514,20,1500,0,1,0,0,52,6,51413,attack,attack
60,20,40,0,1,0,0,54,6,80,normal,normal
499,20,485,0,1,0,0,241,6,80,normal,normal
62,20,48,0,0,0,0,128,17,0,attack,attack
1514,20,1500,0,1,0,0,41,6,80,normal,normal
62,20,48,0,1,0,0,56,6,80,normal,normal
212,20,198,0,0,0,0,105,17,0,attack,attack
1514,20,1500,0,1,0,0,64,6,22,attack,attack
60,20,40,0,1,0,0,128,6,3866,attack,attack
212,20,198,0,0,0,0,108,17,0,attack,attack
60,20,40,0,1,0,0,64,6,22,normal,normal
149,20,135,0,1,0,0,128,6,2986,normal,normal
1514,20,1500,0,1,0,0,63,6,22,normal,normal
1480,20,1466,0,0,0,0,115,17,0,attack,attack
1434,20,1420,0,1,0,0,102,6,80,attack,attack
1514,20,1500,0,1,0,0,64,6,22,normal,normal
418,20,404,0,1,0,0,63,6,22,normal,normal
70,20,56,0,1,0,0,128,6,4181,normal,normal
212,20,198,0,0,0,0,109,17,0,attack,attack
60,20,40,0,1,0,0,128,6,3023,normal,normal
1514,20,1500,0,1,0,0,63,6,22,normal,normal
1514,20,1500,0,1,0,0,64,6,80,normal,normal
60,20,40,0,1,0,0,64,6,22,normal,normal
60,20,40,0,1,0,0,128,6,4503,normal,normal
1480,20,1466,0,0,0,0,108,17,0,attack,attack
1514,20,1500,0,1,0,0,64,6,80,normal,normal
97,20,83,0,0,0,0,128,17,0,attack,attack
1480,20,1466,0,1,0,0,110,17,0,attack,attack
1434,20,1420,0,1,0,0,241,6,80,normal,normal
60,20,40,0,1,0,0,128,6,2296,attack,attack
62,20,48,0,1,0,0,109,6,26076,attack,attack
566,20,552,0,0,0,0,47,6,51413,attack,attack
662,20,648,0,0,0,0,111,17,0,attack,attack
212,20,198,0,0,0,0,105,17,0,attack,attack
102,20,88,0,1,0,0,63,6,22,normal,normal
1434,20,1420,0,1,0,0,241,6,80,normal,normal
662,20,648,0,0,0,0,111,17,0,attack,attack
774,20,760,0,1,0,0,63,6,22,normal,normal
1514,20,1500,0,1,0,0,63,6,22,attack,attack
1514,20,1500,0,1,0,0,64,6,22,normal,normal
1434,20,1420,0,1,0,0,241,6,80,normal,normal
212,20,198,0,0,0,0,112,17,0,attack,attack
1514,20,1500,0,1,0,0,64,6,22,normal,normal
126,20,112,0,1,0,0,128,6,1709,normal,normal
1514,20,1500,0,1,0,0,64,6,22,normal,normal
1514,20,1500,0,1,0,0,63,6,22,normal,attack
1514,20,1500,0,1,0,0,46,6,80,normal,normal
62,20,48,0,0,0,0,128,17,0,attack,attack
166,20,152,0,1,0,0,128,6,1737,normal,normal
148,20,134,0,0,0,0,106,17,0,attack,attack
142,20,128,0,1,0,0,63,6,22,normal,normal
1484,20,1470,0,0,0,0,55,6,80,normal,normal
1514,20,1500,0,1,0,0,41,6,80,normal,normal
60,20,40,0,1,0,0,128,6,3866,normal,attack
60,20,40,0,1,0,0,63,6,22,attack,attack
79,20,65,0,1,0,0,63,6,143,normal,normal
60,20,40,0,1,0,0,128,6,1729,normal,normal
1514,20,1500,0,1,0,0,49,6,80,normal,normal
142,20,128,0,1,0,0,128,6,3929,normal,normal
1514,20,1500,0,1,0,0,63,6,22,normal,normal
102,20,88,0,1,0,0,63,6,22,normal,normal
1514,20,1500,0,1,0,0,63,6,22,attack,attack
60,20,40,0,1,0,0,63,6,22,normal,normal
60,20,40,0,1,0,0,63,6,22,normal,normal
362,20,348,0,0,0,0,105,17,0,attack,attack
1514,20,1500,0,1,0,0,64,6,22,normal,normal
60,20,40,0,1,0,0,54,6,80,normal,normal
68,20,54,0,0,0,0,128,17,0,attack,attack
1434,20,1420,0,1,0,0,50,6,80,normal,normal
60,20,40,0,1,0,0,128,6,2985,normal,normal
62,20,48,0,1,0,0,64,6,22,normal,normal
62,20,48,0,0,0,0,128,17,0,attack,attack
1480,20,1466,0,0,0,0,111,17,0,attack,attack
1514,20,1500,0,1,0,0,64,6,22,normal,normal
60,20,40,0,1,0,0,128,6,4544,normal,normal
60,20,40,0,1,0,0,128,6,3160,normal,normal
838,20,824,0,1,0,0,64,6,22,normal,normal
212,20,198,0,0,0,0,106,17,0,attack,attack
1514,20,1500,0,1,0,0,64,6,22,attack,attack
861,20,847,0,0,0,0,111,17,0,attack,attack
1514,20,1500,0,1,0,0,63,6,22,normal,normal
60,20,40,0,1,0,0,128,6,3171,normal,normal
60,20,40,0,1,0,0,63,6,22,normal,normal
62,20,48,0,0,0,0,128,17,0,attack,attack
1514,20,1500,0,1,0,0,64,6,22,normal,normal
62,20,48,0,0,0,0,128,17,0,attack,attack
1514,20,1500,0,1,0,0,64,6,22,normal,normal
1514,20,1500,0,1,0,0,63,6,22,attack,attack
62,20,48,0,1,0,0,64,6,22,normal,attack
154,20,140,0,1,0,0,112,6,48544,attack,attack
60,20,40,0,1,0,0,63,6,22,normal,normal
1514,20,1500,0,1,0,0,64,6,22,normal,normal
391,20,377,0,1,0,0,107,6,48412,attack,attack
861,20,847,0,0,0,0,110,17,0,attack,attack
1514,20,1500,0,1,0,0,63,6,22,normal,normal
1514,20,1500,0,1,0,0,64,6,22,normal,normal
60,20,40,0,1,0,0,64,6,22,normal,normal
1514,20,1500,0,1,0,0,63,6,22,normal,normal
1514,20,1500,0,1,0,0,64,6,80,normal,normal
1514,20,1500,0,1,0,0,64,6,22,normal,normal
1514,20,1500,0,1,0,0,63,6,22,normal,normal
861,20,847,0,1,0,0,118,17,0,attack,attack
212,20,198,0,0,0,0,108,17,0,attack,attack
1514,20,1500,0,1,0,0,41,6,80,normal,normal
62,20,48,0,1,0,0,128,6,2490,normal,normal
1514,20,1500,0,1,0,0,64,6,22,normal,normal
60,20,40,0,1,0,0,128,6,2195,attack,attack
662,20,648,0,0,0,0,111,17,0,attack,attack
60,20,40,0,1,0,0,128,6,2401,normal,normal
648,20,634,0,1,0,0,128,6,2374,attack,attack
1514,20,1500,0,1,0,0,63,6,22,normal,normal
60,20,40,0,1,0,0,128,6,4493,normal,normal
60,20,40,0,1,0,0,128,6,2115,attack,attack
62,20,48,0,0,0,0,128,17,0,attack,attack
1480,20,1466,0,1,0,0,118,17,0,attack,attack
68,20,54,0,0,0,0,128,17,0,attack,attack
1514,20,1500,0,1,0,0,64,6,80,normal,normal
60,0,0,0,0,0,0,0,0,0,normal,normal
60,20,40,0,1,0,0,128,6,3840,normal,normal
1434,20,1420,0,1,0,0,241,6,80,normal,normal
60,20,40,0,1,0,0,63,6,22,normal,normal
62,20,48,0,0,0,0,128,17,0,attack,attack
1514,20,1500,0,1,0,0,64,6,22,attack,attack
1514,20,1500,0,1,0,0,108,6,57421,attack,attack
1480,20,1466,0,0,0,0,118,17,0,attack,attack
62,20,48,0,1,0,0,64,6,22,normal,normal
60,20,40,0,0,0,0,128,6,2214,attack,attack
118,20,104,0,1,0,0,63,6,22,normal,normal
590,20,576,0,0,0,0,113,6,6880,attack,attack
62,20,48,0,0,0,0,128,17,0,attack,attack
1514,20,1500,0,1,0,0,50,6,80,normal,normal
60,20,40,0,1,0,0,128,6,4532,normal,normal
62,20,48,0,0,0,0,128,17,0,attack,attack
60,20,40,0,1,0,0,56,6,80,normal,normal
60,20,40,0,1,0,0,64,6,22,attack,attack
1484,20,1470,0,0,0,0,55,6,80,normal,normal
60,20,40,0,1,0,0,128,6,4493,normal,normal
1514,20,1500,0,1,0,0,52,6,80,normal,normal
86,20,72,0,1,0,0,63,6,22,normal,normal
1514,20,1500,0,1,0,0,63,6,22,normal,normal
142,20,128,0,1,0,0,64,6,22,normal,normal
566,20,552,0,0,0,0,47,6,51413,attack,attack
1514,20,1500,0,1,0,0,63,6,22,normal,normal
362,20,348,0,0,0,0,111,17,0,attack,attack
1514,20,1500,0,1,0,0,64,6,22,attack,attack
60,20,40,0,1,0,0,128,6,4907,normal,normal
60,20,40,0,1,0,0,128,6,3821,normal,normal
68,20,54,0,0,0,0,128,17,0,attack,attack
1434,20,1420,0,1,0,0,241,6,80,normal,normal
1514,20,1500,0,1,0,0,64,6,22,normal,normal
60,20,40,0,0,0,0,128,6,2141,attack,attack
60,20,40,0,1,0,0,128,6,4869,attack,attack
60,20,40,0,1,0,0,128,6,15875,normal,normal
60,20,40,0,1,0,0,128,6,2367,attack,attack
1514,20,1500,0,1,0,0,63,6,22,normal,normal
62,20,48,0,0,0,0,128,17,0,attack,attack
60,20,40,0,1,0,0,128,6,4501,normal,normal
66,20,52,0,0,0,0,128,6,2141,attack,attack
60,20,40,0,1,0,0,128,6,16816,normal,normal
1514,20,1500,0,1,0,0,64,6,22,attack,attack
68,20,54,0,0,0,0,128,17,0,normal,attack
62,20,48,0,0,0,0,110,17,0,attack,attack
1480,20,1466,0,1,0,0,118,17,0,attack,attack
62,20,48,0,0,0,0,128,17,0,attack,attack
1514,20,1500,0,1,0,0,64,6,22,normal,normal
1434,20,1420,0,1,0,0,241,6,80,normal,normal
221,20,207,0,1,0,0,55,6,80,normal,normal
62,20,48,0,0,0,0,128,17,0,attack,attack
1434,20,1420,0,1,0,0,241,6,80,normal,normal
1514,20,1500,0,1,0,0,64,6,22,normal,normal
130,20,116,0,1,0,0,128,6,3073,normal,normal
1502,20,1488,0,1,0,0,50,6,80,normal,normal
92,20,78,0,1,0,0,128,6,1710,normal,normal
60,20,40,0,1,0,0,128,6,3833,normal,normal
60,20,40,0,1,0,0,128,6,4026,normal,normal
60,20,40,0,1,0,0,128,6,3866,normal,attack
134,20,120,0,1,0,0,63,6,22,normal,normal
86,20,72,0,1,0,0,64,6,22,normal,normal
60,20,40,0,1,0,0,128,6,4965,attack,attack
662,20,648,0,0,0,0,111,17,0,attack,attack
60,20,40,0,0,0,0,128,6,2109,attack,attack
1506,20,1492,0,1,0,0,45,6,51413,attack,attack
102,20,88,0,1,0,0,128,6,16814,normal,normal
126,20,112,0,1,0,0,128,6,4181,normal,normal
1514,20,1500,0,1,0,0,47,6,6969,attack,attack
1514,20,1500,0,1,0,0,64,6,22,attack,attack
62,20,48,0,0,0,0,128,17,0,attack,attack
92,20,78,0,1,0,0,128,6,58994,attack,attack
566,20,552,0,0,0,0,47,6,51413,attack,attack
62,20,48,0,0,0,0,128,17,0,attack,attack
62,20,48,0,0,0,0,128,17,0,attack,attack
1514,20,1500,0,1,0,0,64,6,22,attack,attack
93,20,79,0,1,0,0,63,6,22,normal,normal
1514,20,1500,0,1,0,0,63,6,80,normal,normal
149,20,135,0,1,0,0,128,6,1035,attack,attack
1480,20,1466,0,0,0,0,111,17,0,attack,attack
1514,20,1500,0,1,0,0,52,6,80,normal,normal
60,20,40,0,1,0,0,128,6,3019,normal,normal
163,20,149,0,1,0,0,128,6,1040,attack,attack
1514,20,1500,0,1,0,0,107,6,48412,attack,attack
212,20,198,0,0,0,0,105,17,0,attack,attack
60,20,40,0,1,0,0,41,6,9090,attack,attack
60,20,40,0,1,0,0,41,6,80,normal,normal
1514,20,1500,0,1,0,0,52,6,80,normal,normal
1514,20,1500,0,1,0,0,63,6,22,normal,normal
1480,20,1466,0,0,0,0,111,17,0,attack,attack
1514,20,1500,0,1,0,0,63,6,22,normal,normal
60,20,40,0,1,0,0,128,6,1715,normal,normal
157,20,143,0,1,0,0,128,6,1027,attack,attack
60,20,40,0,1,0,0,128,6,4553,normal,normal
212,20,198,0,0,0,0,108,17,0,attack,attack
68,20,54,0,0,0,0,128,17,0,attack,attack
62,20,48,0,0,0,0,128,17,0,attack,attack
418,20,404,0,1,0,0,63,6,22,normal,normal
1514,20,1500,0,1,0,0,63,6,22,normal,normal
62,20,48,0,0,0,0,128,17,0,attack,attack
60,20,40,0,1,0,0,63,6,22,normal,normal
60,20,40,0,1,0,0,128,6,3035,attack,normal
60,20,40,0,1,0,0,128,6,4026,normal,normal
1514,20,1500,0,1,0,0,64,6,22,normal,normal
60,20,40,0,1,0,0,128,6,3086,normal,normal
60,20,40,0,1,0,0,128,6,2115,attack,attack
274,20,260,0,0,0,0,63,17,0,normal,normal
418,20,404,0,1,0,0,63,6,22,attack,attack
1262,20,1248,0,0,0,0,110,17,0,attack,attack
1514,20,1500,0,1,0,0,47,6,51413,attack,attack
60,20,40,0,1,0,0,128,6,4531,normal,normal
60,20,40,0,0,0,0,128,6,2214,attack,attack
1434,20,1420,0,1,0,0,241,6,80,normal,normal
1514,20,1500,0,1,0,0,63,6,22,normal,normal
1514,20,1500,0,1,0,0,63,6,22,normal,normal
662,20,648,0,0,0,0,108,17,0,attack,attack
212,20,198,0,1,0,0,111,17,0,attack,attack
60,20,40,0,1,0,0,128,6,15852,normal,normal
110,20,96,0,1,0,0,128,6,51063,normal,normal
60,20,40,0,1,0,0,63,6,22,attack,attack
60,20,40,0,1,0,0,64,6,22,attack,attack
60,20,40,0,1,0,0,63,6,22,normal,normal
60,20,40,0,1,0,0,128,6,2928,attack,attack
418,20,404,0,1,0,0,63,6,22,attack,attack
212,20,198,0,0,0,0,112,17,0,attack,attack
212,20,198,0,0,0,0,112,17,0,attack,attack
126,20,112,0,1,0,0,64,6,22,normal,normal
62,20,48,0,1,0,0,56,6,80,normal,normal
1514,20,1500,0,1,0,0,64,6,22,normal,normal
1514,20,1500,0,1,0,0,63,6,22,normal,normal
62,20,48,0,0,0,0,128,17,0,attack,attack
60,20,40,0,1,0,0,64,6,22,normal,normal
60,20,40,0,1,0,0,63,6,22,normal,normal
60,20,40,0,1,0,0,128,6,58991,attack,attack
60,20,40,0,1,0,0,128,6,3937,normal,normal
1514,20,1500,0,1,0,0,64,6,22,normal,normal
259,20,245,0,0,0,0,105,17,0,attack,attack
60,20,40,0,1,0,0,128,6,3023,normal,normal
774,20,760,0,1,0,0,64,6,22,normal,normal
60,20,40,0,1,0,0,128,6,3937,normal,normal
66,20,52,0,1,0,0,128,6,51083,normal,normal
142,20,128,0,1,0,0,128,6,3866,attack,attack
1514,20,1500,0,1,0,0,63,6,22,attack,attack
1514,20,1500,0,1,0,0,64,6,22,normal,normal
662,20,648,0,0,0,0,108,17,0,attack,attack
62,20,48,0,0,0,0,128,17,0,attack,attack
1414,20,1400,0,1,0,0,112,6,48544,attack,attack
60,20,40,0,1,0,0,128,6,2401,normal,normal
102,20,88,0,1,0,0,63,6,22,normal,normal
1514,20,1500,0,1,0,0,64,6,22,attack,attack
126,20,112,0,1,0,0,63,6,22,normal,normal
79,20,65,0,0,0,0,128,17,0,attack,attack
1514,20,1500,0,1,0,0,59,6,80,normal,normal
1514,20,1500,0,1,0,0,63,6,22,normal,attack
133,20,119,0,1,0,0,128,6,3819,normal,normal
60,20,40,0,1,0,0,128,6,2296,attack,attack
62,20,48,0,0,0,0,128,17,0,attack,attack
86,20,72,0,1,0,0,255,17,0,normal,normal
94,20,80,0,1,0,0,64,6,22,normal,normal
662,20,648,0,0,0,0,112,17,0,attack,attack
126,20,112,0,1,0,0,63,6,22,attack,attack
142,20,128,0,1,0,0,128,6,2096,attack,attack
60,20,40,0,1,0,0,128,6,3825,normal,normal
190,20,176,0,1,0,0,64,6,22,attack,normal
62,20,48,0,0,0,0,111,17,0,attack,attack
60,20,40,0,1,0,0,64,6,22,normal,normal
62,20,48,0,0,0,0,128,17,0,attack,attack
60,20,40,0,1,0,0,128,6,2115,attack,attack
107,20,93,0,1,0,0,128,6,2115,attack,attack
60,20,40,0,1,0,0,128,6,3160,normal,normal
662,20,648,0,0,0,0,111,17,0,attack,attack
60,20,40,0,1,0,0,64,6,22,attack,attack
60,20,40,0,1,0,0,55,6,80,normal,normal
60,20,40,0,1,0,0,128,6,4485,normal,normal
60,20,40,0,1,0,0,128,6,51063,normal,normal
134,20,120,0,1,0,0,52,6,64277,attack,attack
1480,20,1466,0,0,0,0,115,17,0,attack,attack
212,20,198,0,0,0,0,111,17,0,attack,attack
60,20,40,0,1,0,0,128,6,2401,normal,normal
1480,20,1466,0,0,0,0,45,17,0,attack,attack
590,20,576,0,0,0,0,113,6,6880,attack,attack
1480,20,1466,0,0,0,0,110,17,0,attack,attack
60,20,40,0,1,0,0,63,6,110,attack,attack
1514,20,1500,0,1,0,0,51,6,80,normal,normal
60,20,40,0,1,0,0,128,6,1729,normal,normal
62,20,48,0,0,0,0,128,17,0,attack,attack
126,20,112,0,1,0,0,63,6,22,normal,normal
1262,20,1248,0,0,0,0,110,17,0,attack,attack
60,20,40,0,1,0,0,128,6,4563,normal,normal
62,20,48,0,1,0,0,63,6,22,normal,normal
1514,20,1500,0,1,0,0,107,6,48412,attack,attack
212,20,198,0,0,0,0,108,17,0,attack,attack
212,20,198,0,0,0,0,112,17,0,attack,attack
1434,20,1420,0,1,0,0,241,6,80,normal,normal
62,20,48,0,1,0,0,128,6,4896,attack,attack
566,20,552,0,0,0,0,47,6,51413,attack,attack
1434,20,1420,0,1,0,0,241,6,80,normal,normal
60,20,40,0,1,0,0,128,6,3160,normal,normal
1514,20,1500,0,1,0,0,64,6,80,normal,normal
86,20,72,0,1,0,0,64,6,22,normal,normal
1078,20,1064,0,1,0,0,47,6,51413,attack,attack
102,20,88,0,1,0,0,64,6,22,normal,normal
60,20,40,0,1,0,0,128,6,1734,normal,normal
60,20,40,0,1,0,0,128,6,4988,attack,attack
102,20,88,0,1,0,0,128,6,3166,normal,normal
1494,20,1480,0,1,0,0,112,6,44817,attack,attack
62,20,48,0,0,0,0,128,17,0,attack,attack
362,20,348,0,0,0,0,112,17,0,attack,attack
60,20,40,0,0,0,0,128,6,2141,attack,attack
62,20,48,0,1,0,0,128,6,4497,normal,normal
94,20,80,0,1,0,0,63,6,22,normal,normal
60,20,40,0,1,0,0,64,6,22,normal,normal
62,20,48,0,0,0,0,128,17,0,attack,attack
70,20,56,0,1,0,0,64,6,110,attack,attack
62,20,48,0,0,0,0,128,17,0,attack,attack
418,20,404,0,1,0,0,64,6,22,normal,attack
212,20,198,0,0,0,0,108,17,0,attack,attack
1514,20,1500,0,1,0,0,64,6,22,normal,normal
1514,20,1500,0,1,0,0,45,6,80,normal,normal
1332,20,1318,0,1,0,0,52,6,80,normal,normal
60,20,40,0,1,0,0,47,6,51413,attack,attack
60,20,40,0,1,0,0,128,6,1027,normal,attack
62,20,48,0,0,0,0,128,17,0,attack,attack
212,20,198,0,0,0,0,112,17,0,attack,attack
62,20,48,0,0,0,0,128,17,0,attack,attack
1514,20,1500,0,1,0,0,64,6,22,normal,normal
1434,20,1420,0,1,0,0,241,6,80,normal,normal
60,20,40,0,1,0,0,128,6,2328,attack,attack
1514,20,1500,0,1,0,0,63,6,22,normal,attack
126,20,112,0,1,0,0,128,6,4181,normal,normal
60,20,40,0,1,0,0,63,6,22,normal,normal
212,20,198,0,1,0,0,111,17,0,attack,attack
60,20,40,0,1,0,0,63,6,22,normal,normal
1434,20,1420,0,1,0,0,102,6,80,attack,attack
60,20,40,0,1,0,0,128,6,59000,attack,attack
110,20,96,0,1,0,0,128,6,3169,normal,normal
1514,20,1500,0,1,0,0,64,6,22,normal,normal
62,20,48,0,0,0,0,128,17,0,attack,attack
110,20,96,0,1,0,0,64,6,22,attack,attack
80,20,66,0,1,0,0,128,6,2131,attack,attack
62,20,48,0,0,0,0,128,17,0,attack,attack
1514,20,1500,0,1,0,0,107,6,48412,attack,attack
102,20,88,0,1,0,0,63,6,22,normal,normal
110,20,96,0,1,0,0,128,6,2109,attack,attack
1514,20,1500,0,1,0,0,52,6,80,normal,normal
62,20,48,0,0,0,0,128,17,0,attack,attack
1514,20,1500,0,1,0,0,63,6,22,normal,normal
1514,20,1500,0,1,0,0,107,6,48412,attack,attack
418,20,404,0,1,0,0,63,6,22,normal,attack
60,20,40,0,1,0,0,52,6,80,normal,normal
60,20,40,0,1,0,0,128,6,2367,attack,attack
60,20,40,0,1,0,0,128,6,1729,normal,normal
171,20,157,0,1,0,0,41,6,80,normal,normal
142,20,128,0,1,0,0,64,6,22,normal,normal
142,20,128,0,1,0,0,128,6,3937,normal,normal
126,20,112,0,1,0,0,64,6,22,attack,attack
1514,20,1500,0,1,0,0,64,6,22,normal,normal
62,20,48,0,0,0,0,128,17,0,attack,attack
1514,20,1500,0,1,0,0,46,6,80,normal,normal
1514,20,1500,0,1,0,0,45,6,80,normal,normal
1514,20,1500,0,1,0,0,48,6,80,normal,normal
1434,20,1420,0,1,0,0,241,6,80,normal,normal
60,20,40,0,1,0,0,63,6,22,normal,normal
1290,20,1276,0,0,0,0,55,6,80,normal,normal
60,20,40,0,1,0,0,128,6,51066,normal,normal
92,20,78,0,1,0,0,128,6,4495,normal,normal
1078,20,1064,0,1,0,0,41,6,9090,attack,attack
294,20,280,0,0,0,0,113,6,6880,attack,attack
1434,20,1420,0,1,0,0,241,6,80,normal,normal
662,20,648,0,0,0,0,111,17,0,attack,attack
94,20,80,0,1,0,0,128,6,1219,normal,normal
1514,20,1500,0,1,0,0,41,6,80,attack,attack
126,20,112,0,1,0,0,64,6,22,normal,normal
60,20,40,0,1,0,0,128,6,4545,normal,normal
1514,20,1500,0,1,0,0,64,6,22,attack,attack
60,20,40,0,1,0,0,128,6,4492,normal,normal
1514,20,1500,0,1,0,0,63,6,22,normal,normal
362,20,348,0,0,0,0,110,17,0,attack,attack
662,20,648,0,0,0,0,111,17,0,attack,attack
74,20,60,0,1,0,0,64,6,110,normal,normal
60,20,40,0,1,0,0,128,6,3171,normal,normal
1514,20,1500,0,1,0,0,64,6,22,normal,normal
60,20,40,0,1,0,0,47,6,6969,attack,attack
1514,20,1500,0,1,0,0,64,6,22,normal,normal
1514,20,1500,0,1,0,0,64,6,22,normal,normal
60,20,40,0,1,0,0,128,6,3171,normal,normal
1514,20,1500,0,1,0,0,50,6,80,normal,normal
212,20,198,0,0,0,0,106,17,0,attack,attack
150,20,136,0,1,0,0,128,6,4008,normal,normal
1514,20,1500,0,1,0,0,41,6,80,normal,normal
62,20,48,0,0,0,0,128,17,0,attack,attack
1514,20,1500,0,1,0,0,63,6,22,normal,normal
212,20,198,0,0,0,0,112,17,0,attack,attack
980,20,966,0,1,0,0,47,6,80,normal,normal
62,20,48,0,0,0,0,107,17,0,attack,attack
60,20,40,0,1,0,0,63,6,22,normal,normal
1514,20,1500,0,1,0,0,63,6,22,normal,normal
60,20,40,0,1,0,0,128,6,1729,normal,normal
118,20,104,0,1,0,0,63,6,22,normal,normal
1434,20,1420,0,1,0,0,241,6,80,normal,normal
60,20,40,0,0,0,0,128,6,2141,attack,attack
1514,20,1500,0,1,0,0,64,6,22,normal,normal
62,20,48,0,1,0,0,128,6,4538,normal,normal
60,20,40,0,1,0,0,64,6,22,normal,normal
92,20,78,0,1,0,0,128,6,3173,normal,normal
62,20,48,0,0,0,0,107,17,0,attack,attack
86,20,72,0,1,0,0,63,6,22,normal,normal
102,20,88,0,1,0,0,128,6,3937,normal,normal
60,20,40,0,1,0,0,63,6,22,normal,normal
1514,20,1500,0,1,0,0,63,6,22,normal,normal
110,20,96,0,1,0,0,63,6,22,normal,normal
1514,20,1500,0,1,0,0,63,6,22,attack,attack
1494,20,1480,0,1,0,0,109,6,22,normal,attack
142,20,128,0,1,0,0,64,6,22,normal,attack
142,20,128,0,1,0,0,63,6,22,normal,normal
60,20,40,0,1,0,0,128,6,4499,normal,normal
1480,20,1466,0,0,0,0,115,17,0,attack,attack
110,20,96,0,1,0,0,63,6,22,attack,attack
212,20,198,0,0,0,0,112,17,0,attack,attack
62,20,48,0,0,0,0,128,17,0,attack,attack
110,20,96,0,1,0,0,128,6,3856,attack,attack
86,20,72,0,1,0,0,47,6,80,normal,normal
60,20,40,0,1,0,0,128,6,2195,attack,attack
60,20,40,0,1,0,0,128,6,2090,attack,attack
60,20,40,0,1,0,0,128,6,4551,normal,normal
102,20,88,0,1,0,0,63,6,22,normal,normal
1514,20,1500,0,1,0,0,64,6,22,normal,normal
66,20,52,0,1,0,0,128,6,1729,normal,normal
62,20,48,0,0,0,0,128,17,0,attack,attack
1514,20,1500,0,1,0,0,63,6,22,normal,normal
1514,20,1500,0,1,0,0,63,6,22,normal,normal
1514,20,1500,0,1,0,0,64,6,22,attack,attack
1514,20,1500,0,1,0,0,63,6,22,attack,attack
212,20,198,0,0,0,0,112,17,0,attack,attack
212,20,198,0,0,0,0,105,17,0,attack,attack
62,20,48,0,0,0,0,128,17,0,attack,attack
1514,20,1500,0,1,0,0,64,6,22,normal,normal
1514,20,1500,0,1,0,0,43,6,80,normal,normal
212,20,198,0,0,0,0,112,17,0,attack,attack
1514,20,1500,0,1,0,0,64,6,22,normal,normal
62,20,48,0,0,0,0,128,17,0,attack,attack
110,20,96,0,1,0,0,64,6,22,normal,attack
60,20,40,0,1,0,0,128,6,2296,attack,attack
362,20,348,0,0,0,0,112,17,0,attack,attack
1514,20,1500,0,1,0,0,63,6,22,attack,attack
60,20,40,0,0,0,0,128,6,2141,attack,attack
126,20,112,0,1,0,0,64,6,22,normal,normal
1434,20,1420,0,1,0,0,48,6,80,normal,normal
86,20,72,0,1,0,0,64,6,22,attack,attack
102,20,88,0,1,0,0,128,6,4006,normal,normal
60,20,40,0,1,0,0,128,6,3019,normal,normal
118,20,104,0,1,0,0,64,6,22,normal,normal
566,20,552,0,0,0,0,47,6,51413,attack,attack
1514,20,1500,0,1,0,0,64,6,22,normal,normal
60,20,40,0,1,0,0,128,6,4517,normal,normal
1514,20,1500,0,1,0,0,64,6,22,normal,normal
60,20,40,0,1,0,0,128,6,2114,attack,attack
60,20,40,0,1,0,0,63,6,22,normal,normal
120,20,106,0,1,0,0,128,6,2985,normal,normal
191,20,177,0,1,0,0,128,6,15870,normal,normal
146,20,132,0,1,0,0,128,6,4913,normal,normal
1514,20,1500,0,1,0,0,64,6,22,normal,normal
62,20,48,0,0,0,0,128,17,0,attack,attack
1434,20,1420,0,1,0,0,241,6,80,normal,normal
1446,20,1432,0,1,0,0,246,6,80,normal,normal
1514,20,1500,0,1,0,0,64,6,22,normal,normal
126,20,112,0,1,0,0,64,6,22,normal,normal
60,20,40,0,1,0,0,128,6,1226,normal,normal
60,20,40,0,1,0,0,63,6,22,attack,attack
79,20,65,0,0,0,0,128,17,0,attack,attack
60,20,40,0,1,0,0,64,6,22,normal,normal
362,20,348,0,0,0,0,45,17,0,attack,attack
1514,20,1500,0,1,0,0,64,6,22,normal,normal
60,20,40,0,1,0,0,128,6,1053,attack,attack
1480,20,1466,0,0,0,0,109,17,0,attack,attack
60,20,40,0,1,0,0,128,6,4501,normal,normal
1514,20,1500,0,1,0,0,63,6,22,normal,normal
62,20,48,0,1,0,0,109,6,26076,attack,attack
1514,20,1500,0,1,0,0,52,6,80,normal,normal
1514,20,1500,0,1,0,0,64,6,22,normal,normal
391,20,377,0,1,0,0,108,6,57421,attack,attack
1480,20,1466,0,1,0,0,111,17,0,attack,attack
142,20,128,0,1,0,0,63,6,22,normal,normal
60,20,40,0,1,0,0,41,6,80,normal,normal
1434,20,1420,0,1,0,0,241,6,80,normal,normal
126,20,112,0,1,0,0,128,6,16819,normal,normal
362,20,348,0,0,0,0,45,17,0,attack,attack
98,20,84,0,1,0,0,128,6,4906,normal,normal
62,20,48,0,0,0,0,128,17,0,attack,attack
62,20,48,0,0,0,0,128,17,0,attack,attack
1514,20,1500,0,1,0,0,108,6,57421,attack,attack
62,20,48,0,0,0,0,128,17,0,attack,attack
1092,20,1078,0,1,0,0,64,6,80,normal,normal
1514,20,1500,0,1,0,0,63,6,22,normal,normal
1514,20,1500,0,1,0,0,64,6,22,attack,attack
60,20,40,0,1,0,0,64,6,22,attack,attack
154,20,140,0,1,0,0,112,6,48544,attack,attack
142,20,128,0,1,0,0,128,6,58991,attack,attack
1514,20,1500,0,1,0,0,63,6,22,normal,normal
1262,20,1248,0,0,0,0,110,17,0,attack,attack
60,20,40,0,1,0,0,128,6,1726,normal,normal
1480,20,1466,0,0,0,0,117,17,0,attack,attack
861,20,847,0,0,0,0,106,17,0,attack,attack
1514,20,1500,0,1,0,0,63,6,22,attack,attack
1514,20,1500,0,1,0,0,43,6,80,normal,normal
662,20,648,0,0,0,0,105,17,0,attack,attack
1514,20,1500,0,1,0,0,63,6,22,normal,normal
102,20,88,0,1,0,0,63,6,22,normal,normal
60,20,40,0,1,0,0,128,6,3822,normal,normal
1506,20,1492,0,1,0,0,45,6,51413,attack,attack
62,20,48,0,0,0,0,128,17,0,attack,attack
1514,20,1500,0,1,0,0,64,6,22,normal,normal
60,20,40,0,1,0,0,128,6,15852,normal,normal
142,20,128,0,1,0,0,64,6,22,normal,normal
60,20,40,0,1,0,0,128,6,4502,normal,normal
62,20,48,0,0,0,0,128,17,0,attack,attack
60,20,40,0,1,0,0,50,6,80,normal,normal
1514,20,1500,0,1,0,0,41,6,80,normal,normal
68,20,54,0,0,0,0,128,17,0,attack,attack
1514,20,1500,0,1,0,0,43,6,80,normal,normal
60,20,40,0,1,0,0,128,6,16816,normal,normal
60,20,40,0,1,0,0,63,6,22,normal,normal
62,20,48,0,0,0,0,128,17,0,attack,attack
497,20,483,0,1,0,0,241,6,80,normal,normal
566,20,552,0,0,0,0,47,6,51413,attack,attack
86,20,72,0,1,0,0,64,6,22,attack,attack
1314,20,1300,0,1,0,0,48,6,55123,attack,attack
68,20,54,0,0,0,0,128,17,0,attack,attack
1514,20,1500,0,1,0,0,43,6,80,normal,normal
60,20,40,0,1,0,0,128,6,2115,attack,attack
154,20,140,0,1,0,0,112,6,48544,attack,attack
1514,20,1500,0,1,0,0,64,6,22,attack,attack
144,20,130,0,1,0,0,128,6,4934,attack,attack
88,20,74,0,0,0,0,128,17,0,attack,attack
60,20,40,0,1,0,0,128,6,3822,normal,normal
1514,20,1500,0,1,0,0,63,6,22,normal,normal
774,20,760,0,1,0,0,63,6,22,normal,normal
66,20,52,0,1,0,0,63,6,143,attack,attack
62,20,48,0,0,0,0,128,17,0,attack,attack
60,20,40,0,1,0,0,128,6,2985,normal,normal
60,20,40,0,1,0,0,128,6,3171,normal,normal
60,20,40,0,1,0,0,128,6,4911,normal,normal
60,20,40,0,1,0,0,128,6,15860,normal,normal
142,20,128,0,1,0,0,128,6,3930,normal,normal
442,20,428,0,0,0,0,108,6,51884,attack,attack
60,20,40,0,1,0,0,64,6,22,normal,normal
142,20,128,0,1,0,0,64,6,22,normal,normal
362,20,348,0,0,0,0,112,17,0,attack,attack
1514,20,1500,0,1,0,0,53,6,80,normal,normal
126,20,112,0,1,0,0,128,6,1708,normal,normal
1514,20,1500,0,1,0,0,64,6,80,normal,normal
1514,20,1500,0,1,0,0,64,6,22,normal,normal
60,20,40,0,1,0,0,128,6,2195,attack,attack
60,20,40,0,1,0,0,128,6,3818,normal,normal
132,20,118,0,1,0,0,128,6,1726,normal,normal
60,20,40,0,1,0,0,128,6,2110,attack,attack
130,20,116,0,1,0,0,128,6,3065,normal,normal
1514,20,1500,0,1,0,0,64,6,22,normal,normal
60,20,40,0,1,0,0,128,6,4501,normal,normal
62,20,48,0,0,0,0,109,17,0,attack,attack
1514,20,1500,0,1,0,0,63,6,22,normal,normal
212,20,198,0,0,0,0,112,17,0,attack,attack
1434,20,1420,0,1,0,0,241,6,80,normal,normal
662,20,648,0,0,0,0,45,17,0,attack,attack
60,20,40,0,1,0,0,63,6,22,normal,normal
774,20,760,0,1,0,0,64,6,22,attack,attack
102,20,88,0,1,0,0,128,6,3929,normal,normal
1514,20,1500,0,1,0,0,45,6,80,normal,normal
1514,20,1500,0,1,0,0,54,6,80,normal,normal
1514,20,1500,0,1,0,0,64,6,22,normal,normal
62,20,48,0,0,0,0,128,17,0,attack,attack
294,20,280,0,1,0,0,128,6,4180,normal,normal
212,20,198,0,0,0,0,112,17,0,attack,attack
60,20,40,0,1,0,0,63,6,22,normal,normal
1514,20,1500,0,1,0,0,54,6,80,normal,normal
1484,20,1470,0,0,0,0,55,6,80,normal,normal
60,20,40,0,1,0,0,41,6,80,attack,attack
212,20,198,0,0,0,0,112,17,0,attack,attack
60,20,40,0,0,0,0,128,6,2109,attack,attack
93,20,79,0,1,0,0,64,6,22,normal,normal
60,20,40,0,1,0,0,128,6,4492,normal,normal
110,20,96,0,1,0,0,128,6,3172,normal,normal
212,20,198,0,0,0,0,105,17,0,attack,attack
80,20,66,0,1,0,0,128,6,2328,attack,attack
126,20,112,0,1,0,0,63,6,22,attack,attack
1480,20,1466,0,0,0,0,107,17,0,attack,attack
62,20,48,0,0,0,0,128,17,0,attack,attack
62,20,48,0,1,0,0,64,6,22,attack,attack
1514,20,1500,0,1,0,0,49,6,80,normal,normal
142,20,128,0,1,0,0,63,6,22,normal,normal
1514,20,1500,0,1,0,0,64,6,22,normal,normal
172,20,158,0,0,0,0,64,17,0,normal,normal
60,20,40,0,1,0,0,128,6,4494,normal,normal
299,20,285,0,1,0,0,48,6,80,normal,normal
62,20,48,0,0,0,0,128,17,0,attack,attack
1514,20,1500,0,1,0,0,47,6,6969,attack,attack
662,20,648,0,0,0,0,111,17,0,attack,attack
838,20,824,0,1,0,0,64,6,22,attack,attack
80,20,66,0,1,0,0,128,6,2131,attack,attack
1434,20,1420,0,1,0,0,102,6,80,attack,attack
60,20,40,0,1,0,0,128,6,1715,normal,normal
206,20,192,0,1,0,0,128,6,3169,normal,normal
418,20,404,0,1,0,0,63,6,22,normal,normal
1514,20,1500,0,1,0,0,64,6,22,normal,normal
774,20,760,0,1,0,0,64,6,22,attack,attack
60,20,40,0,1,0,0,128,6,1734,normal,normal
60,20,40,0,1,0,0,128,6,2483,normal,normal
79,20,65,0,0,0,0,128,17,0,attack,attack
62,20,48,0,1,0,0,109,6,26076,attack,attack
1514,20,1500,0,1,0,0,64,6,22,normal,normal
1514,20,1500,0,1,0,0,47,6,6969,attack,attack
212,20,198,0,0,0,0,106,17,0,attack,attack
1480,20,1466,0,0,0,0,117,17,0,attack,attack
1514,20,1500,0,1,0,0,64,6,22,normal,normal
62,20,48,0,0,0,0,128,17,0,attack,attack
134,20,120,0,1,0,0,128,6,2098,attack,attack
1514,20,1500,0,1,0,0,64,6,22,normal,attack
60,20,40,0,1,0,0,64,6,22,normal,normal
62,20,48,0,1,0,0,63,6,22,normal,attack
1514,20,1500,0,1,0,0,47,6,6969,attack,attack
1514,20,1500,0,1,0,0,47,6,6969,attack,attack
93,20,79,0,1,0,0,63,6,22,normal,normal
1514,20,1500,0,1,0,0,106,6,27571,attack,attack
60,20,40,0,1,0,0,56,6,80,normal,normal
1480,20,1466,0,0,0,0,111,17,0,attack,attack
124,20,110,0,0,0,0,64,17,0,attack,attack
60,20,40,0,0,0,0,128,6,2120,attack,attack
60,20,40,0,1,0,0,63,6,22,normal,normal
1514,20,1500,0,1,0,0,41,6,80,normal,normal
362,20,348,0,0,0,0,105,17,0,attack,attack
62,20,48,0,0,0,0,128,17,0,attack,attack
102,20,88,0,1,0,0,63,6,22,attack,attack
60,20,40,0,1,0,0,128,6,2490,normal,normal
93,20,79,0,1,0,0,64,6,22,normal,normal
1514,20,1500,0,1,0,0,64,6,22,normal,attack
1514,20,1500,0,1,0,0,41,6,80,normal,normal
62,20,48,0,0,0,0,128,17,0,attack,attack
212,20,198,0,0,0,0,112,17,0,attack,attack
60,20,40,0,1,0,0,45,6,51413,attack,attack
60,20,40,0,1,0,0,128,6,4499,normal,normal
212,20,198,0,0,0,0,108,17,0,attack,attack
62,20,48,0,0,0,0,128,17,0,attack,attack
1514,20,1500,0,1,0,0,52,6,80,normal,normal
110,20,96,0,1,0,0,64,6,22,normal,attack
81,20,67,0,1,0,0,128,6,2048,attack,attack
362,20,348,0,0,0,0,111,17,0,attack,attack
1514,20,1500,0,1,0,0,63,6,22,attack,attack
110,20,96,0,1,0,0,64,6,22,attack,attack
1514,20,1500,0,1,0,0,63,6,22,normal,attack
1514,20,1500,0,1,0,0,64,6,22,normal,normal
1514,20,1500,0,1,0,0,64,6,22,normal,normal
1514,20,1500,0,1,0,0,63,6,22,normal,normal
60,20,40,0,1,0,0,128,6,3818,normal,normal
662,20,648,0,0,0,0,112,17,0,attack,attack
1514,20,1500,0,1,0,0,64,6,22,normal,attack
62,20,48,0,1,0,0,109,6,26076,attack,attack
1514,20,1500,0,1,0,0,63,6,22,normal,normal
60,20,40,0,1,0,0,128,6,3937,normal,normal
1434,20,1420,0,1,0,0,241,6,80,normal,normal
70,20,56,0,1,0,0,128,6,2551,attack,attack
68,20,54,0,0,0,0,128,17,0,attack,attack
1434,20,1420,0,1,0,0,241,6,80,normal,normal
71,20,57,0,1,0,0,64,6,143,normal,normal
1514,20,1500,0,1,0,0,41,6,80,normal,normal
134,20,120,0,1,0,0,52,6,64277,attack,attack
662,20,648,0,0,0,0,112,17,0,attack,attack
60,20,40,0,1,0,0,128,6,3830,normal,normal
62,20,48,0,0,0,0,112,17,0,attack,attack
1480,20,1466,0,1,0,0,110,17,0,attack,attack
1434,20,1420,0,1,0,0,241,6,80,normal,normal
60,20,40,0,1,0,0,128,6,4870,attack,attack
60,20,40,0,1,0,0,128,6,3019,normal,normal
154,20,140,0,1,0,0,112,6,48544,attack,attack
62,20,48,0,0,0,0,128,17,0,attack,attack
60,20,40,0,1,0,0,41,6,80,normal,normal
1514,20,1500,0,1,0,0,41,6,80,normal,normal
142,20,128,0,1,0,0,63,6,22,normal,attack
60,20,40,0,1,0,0,128,6,4533,normal,normal
60,20,40,0,1,0,0,128,6,4486,normal,normal
566,20,552,0,0,0,0,47,6,51413,attack,attack
62,20,48,0,0,0,0,128,17,0,attack,attack
62,20,48,0,1,0,0,128,6,3844,normal,normal
1480,20,1466,0,0,0,0,106,17,0,attack,attack
62,20,48,0,0,0,0,105,17,0,attack,attack
62,20,48,0,0,0,0,128,17,0,attack,attack
68,20,54,0,0,0,0,128,17,0,attack,attack
60,20,44,0,1,0,0,63,6,22,normal,normal
1480,20,1466,0,0,0,0,106,17,0,attack,attack
190,20,176,0,1,0,0,64,6,22,normal,normal
1514,20,1500,0,1,0,0,63,6,22,normal,normal
662,20,648,0,0,0,0,112,17,0,attack,attack
1514,20,1500,0,1,0,0,43,6,80,normal,normal
126,20,112,0,1,0,0,128,6,4869,attack,attack
1514,20,1500,0,1,0,0,63,6,22,normal,normal
62,20,48,0,0,0,0,128,17,0,attack,attack
1514,20,1500,0,1,0,0,63,6,22,normal,normal
1514,20,1500,0,1,0,0,41,6,80,normal,normal
1514,20,1500,0,1,0,0,64,6,22,normal,normal
60,20,40,0,1,0,0,128,6,3835,normal,normal
60,20,40,0,1,0,0,63,6,22,normal,normal
60,20,40,0,1,0,0,128,6,2985,normal,normal
662,20,648,0,0,0,0,108,17,0,attack,attack
60,20,40,0,1,0,0,128,6,1730,normal,normal
110,20,96,0,1,0,0,128,6,2929,normal,attack
66,20,52,0,1,0,0,51,6,25,attack,attack
60,20,40,0,1,0,0,128,6,4521,normal,normal
60,20,40,0,1,0,0,128,6,1112,normal,normal
60,20,40,0,1,0,0,128,6,4501,normal,normal
62,20,48,0,1,0,0,64,6,80,normal,normal
1514,20,1500,0,1,0,0,47,6,6969,attack,attack
62,20,48,0,0,0,0,128,17,0,attack,attack
60,20,40,0,1,0,0,128,6,3019,normal,normal
135,20,121,0,1,0,0,128,6,4501,normal,normal
60,20,40,0,1,0,0,56,6,80,normal,normal
1514,20,1500,0,1,0,0,63,6,22,normal,normal
1514,20,1500,0,1,0,0,63,6,22,normal,normal
60,20,40,0,1,0,0,128,6,2115,attack,attack
126,20,112,0,1,0,0,64,6,22,attack,attack
60,20,40,0,1,0,0,53,6,80,normal,normal
93,20,79,0,1,0,0,63,6,22,normal,normal
62,20,48,0,0,0,0,128,17,0,attack,attack
60,20,40,0,1,0,0,128,6,4788,attack,attack
212,20,198,0,0,0,0,112,17,0,attack,attack
60,20,40,0,1,0,0,128,6,4508,normal,normal
60,20,40,0,0,0,0,128,6,2120,attack,attack
535,20,521,0,1,0,0,47,6,80,normal,normal
60,20,40,0,1,0,0,128,6,4501,normal,normal
1514,20,1500,0,1,0,0,63,6,22,normal,normal
60,20,40,0,1,0,0,128,6,1033,attack,attack
60,20,40,0,1,0,0,128,6,1721,normal,normal
60,20,40,0,1,0,0,128,6,3019,normal,normal
838,20,824,0,1,0,0,64,6,22,normal,normal
60,20,40,0,1,0,0,128,6,3103,normal,normal
60,20,40,0,1,0,0,128,6,1729,normal,normal
206,20,192,0,1,0,0,128,6,2485,normal,normal
60,20,40,0,0,0,0,128,6,2109,attack,attack
86,20,72,0,1,0,0,64,6,22,normal,normal
1514,20,1500,0,1,0,0,63,6,22,normal,normal
1514,20,1500,0,1,0,0,54,6,80,normal,normal
60,20,40,0,1,0,0,128,6,3134,normal,normal
212,20,198,0,0,0,0,112,17,0,attack,attack
60,20,40,0,1,0,0,63,6,22,normal,normal
140,20,126,0,1,0,0,128,6,2354,attack,attack
62,20,48,0,0,0,0,128,17,0,attack,attack
1434,20,1420,0,1,0,0,241,6,80,normal,normal
206,20,192,0,1,0,0,128,6,4901,normal,normal
60,20,40,0,1,0,0,64,6,22,normal,normal
1514,20,1500,0,1,0,0,47,6,80,normal,normal
60,20,40,0,1,0,0,64,6,22,normal,normal
62,20,48,0,0,0,0,128,17,0,attack,attack
60,20,40,0,1,0,0,128,6,2985,normal,normal
150,20,136,0,1,0,0,63,6,22,normal,normal
1078,20,1064,0,1,0,0,52,6,51413,attack,attack
212,20,198,0,0,0,0,112,17,0,attack,attack
1514,20,1500,0,1,0,0,63,6,22,normal,normal
1514,20,1500,0,1,0,0,56,6,80,normal,normal
62,20,48,0,0,0,0,128,17,0,attack,attack
1514,20,1500,0,1,0,0,63,6,22,normal,normal
60,20,40,0,1,0,0,128,6,3087,normal,normal
1514,20,1500,0,1,0,0,108,6,57421,attack,attack
110,20,96,0,1,0,0,63,6,22,attack,attack
774,20,760,0,1,0,0,64,6,22,normal,attack
60,20,40,0,1,0,0,63,6,22,normal,normal
212,20,198,0,0,0,0,108,17,0,attack,attack
1514,20,1500,0,1,0,0,64,6,22,normal,normal
93,20,79,0,1,0,0,64,6,22,normal,normal
60,20,40,0,1,0,0,128,6,4510,normal,normal
1514,20,1500,0,1,0,0,64,6,22,normal,normal
206,20,192,0,1,0,0,128,6,4496,normal,normal
60,20,40,0,0,0,0,108,6,51884,attack,attack
1514,20,1500,0,1,0,0,64,6,22,normal,normal
60,20,40,0,1,0,0,128,6,15869,normal,normal
1514,20,1500,0,1,0,0,64,6,22,attack,attack
60,20,40,0,1,0,0,128,6,15841,normal,normal
62,20,48,0,0,0,0,128,17,0,attack,attack
362,20,348,0,0,0,0,45,17,0,attack,attack
62,20,48,0,0,0,0,128,17,0,attack,attack
60,20,40,0,1,0,0,128,6,1728,normal,normal
60,20,40,0,1,0,0,128,6,3019,normal,normal
1514,20,1500,0,1,0,0,52,6,80,normal,normal
60,20,40,0,1,0,0,128,6,3866,attack,attack
254,20,240,0,1,0,0,48,6,55123,attack,attack
86,20,72,0,1,0,0,63,6,22,normal,normal
134,20,120,0,1,0,0,52,6,64277,attack,attack
62,20,48,0,1,0,0,43,6,80,normal,normal
1514,20,1500,0,1,0,0,63,6,22,attack,attack
1514,20,1500,0,1,0,0,63,6,22,normal,normal
154,20,140,0,1,0,0,112,6,48544,attack,attack
86,20,72,0,1,0,0,255,17,0,normal,normal
110,20,96,0,1,0,0,128,6,4779,attack,attack
662,20,648,0,0,0,0,108,17,0,attack,attack
126,20,112,0,1,0,0,64,6,22,normal,normal
1434,20,1420,0,1,0,0,102,6,80,attack,attack
1514,20,1500,0,1,0,0,41,6,80,normal,normal
84,20,70,0,0,0,0,64,17,0,normal,normal
1480,20,1466,0,0,0,0,106,17,0,attack,attack
62,20,48,0,0,0,0,128,17,0,attack,attack
134,20,120,0,1,0,0,52,6,64277,attack,attack
1514,20,1500,0,1,0,0,63,6,22,normal,normal
60,20,40,0,1,0,0,128,6,2928,attack,attack
110,20,96,0,1,0,0,128,6,16814,normal,normal
1514,20,1500,0,1,0,0,63,6,22,normal,normal
1514,20,1500,0,1,0,0,41,6,80,normal,normal
60,20,40,0,1,0,0,128,6,4510,normal,normal
1514,20,1500,0,1,0,0,64,6,22,normal,normal
60,20,40,0,1,0,0,41,6,80,normal,normal
62,20,48,0,1,0,0,64,6,22,normal,normal
1514,20,1500,0,1,0,0,63,6,22,normal,normal
60,20,40,0,1,0,0,64,6,22,attack,attack
1514,20,1500,0,1,0,0,63,6,22,normal,normal
60,20,40,0,1,0,0,128,6,1739,normal,normal
212,20,198,0,0,0,0,105,17,0,attack,attack
68,20,54,0,0,0,0,128,17,0,attack,attack
1514,20,1500,0,1,0,0,51,6,443,normal,normal
60,20,40,0,1,0,0,128,6,4869,normal,attack
221,20,207,0,1,0,0,55,6,80,normal,normal
1514,20,1500,0,1,0,0,64,6,22,normal,normal
60,20,40,0,1,0,0,128,6,1027,attack,attack
362,20,348,0,0,0,0,110,17,0,attack,attack
1514,20,1500,0,1,0,0,64,6,22,normal,normal
294,20,280,0,1,0,0,128,6,2104,attack,attack
126,20,112,0,1,0,0,64,6,22,attack,attack
126,20,112,0,1,0,0,128,6,1720,normal,normal
60,20,40,0,1,0,0,241,6,80,normal,normal
60,20,40,0,0,0,0,47,6,51413,attack,attack
1514,20,1500,0,1,0,0,64,6,22,normal,attack
1480,20,1466,0,1,0,0,110,17,0,attack,attack
60,20,40,0,1,0,0,128,6,3055,normal,normal
1514,20,1500,0,1,0,0,63,6,22,attack,attack
60,20,40,0,1,0,0,128,6,4491,normal,normal
134,20,120,0,1,0,0,52,6,64277,attack,attack
1514,20,1500,0,1,0,0,47,6,51413,attack,attack
62,20,48,0,0,0,0,128,17,0,attack,attack
362,20,348,0,0,0,0,105,17,0,attack,attack
1514,20,1500,0,1,0,0,63,6,80,normal,normal
62,20,48,0,0,0,0,128,17,0,attack,attack
60,20,40,0,1,0,0,128,6,4015,normal,normal
60,20,40,0,1,0,0,128,6,4869,attack,attack
1514,20,1500,0,1,0,0,64,6,22,attack,attack
60,20,40,0,1,0,0,128,6,4501,normal,normal
1514,20,1500,0,1,0,0,63,6,22,normal,normal
1514,20,1500,0,1,0,0,41,6,80,normal,normal
134,20,120,0,1,0,0,52,6,64277,attack,attack
1514,20,1500,0,1,0,0,63,6,22,normal,normal
662,20,648,0,0,0,0,111,17,0,attack,attack
1480,20,1466,0,0,0,0,111,17,0,attack,attack
1514,20,1500,0,1,0,0,64,6,22,attack,attack
68,20,54,0,0,0,0,128,17,0,attack,attack
62,20,48,0,1,0,0,128,6,3084,normal,normal
134,20,120,0,1,0,0,63,6,22,normal,normal
774,20,760,0,1,0,0,64,6,22,normal,normal
212,20,198,0,0,0,0,112,17,0,attack,attack
662,20,648,0,0,0,0,108,17,0,attack,attack
62,20,48,0,0,0,0,128,17,0,attack,attack
1514,20,1500,0,1,0,0,63,6,22,normal,normal
1514,20,1500,0,1,0,0,64,6,22,attack,attack
60,20,40,0,1,0,0,64,6,22,normal,normal
60,20,40,0,1,0,0,128,6,4493,normal,normal
110,20,96,0,1,0,0,63,6,22,attack,attack
1514,20,1500,0,1,0,0,64,6,22,attack,attack
60,20,40,0,1,0,0,128,6,59000,attack,attack
1514,20,1500,0,1,0,0,64,6,22,attack,attack
60,20,40,0,1,0,0,64,6,22,normal,normal
60,20,40,0,1,0,0,128,6,2114,attack,attack
1514,20,1500,0,1,0,0,52,6,80,normal,normal
60,20,40,0,1,0,0,128,6,1715,normal,normal
1514,20,1500,0,1,0,0,64,6,22,normal,normal
60,20,40,0,1,0,0,41,6,80,attack,attack
1514,20,1500,0,1,0,0,54,6,80,normal,normal
142,20,128,0,1,0,0,128,6,15848,normal,normal
62,20,48,0,0,0,0,128,17,0,attack,attack
60,20,40,0,1,0,0,128,6,3818,normal,normal
1434,20,1420,0,1,0,0,241,6,80,normal,normal
1514,20,1500,0,1,0,0,64,6,22,normal,normal
126,20,112,0,1,0,0,128,6,3866,attack,attack
1514,20,1500,0,1,0,0,64,6,22,normal,attack
62,20,48,0,0,0,0,128,17,0,attack,attack
86,20,72,0,1,0,0,64,6,22,normal,attack
62,20,48,0,0,0,0,128,17,0,attack,attack
1502,20,1488,0,1,0,0,50,6,80,normal,normal
66,20,52,0,1,0,0,128,6,51081,normal,normal
62,20,48,0,0,0,0,128,17,0,attack,attack
154,20,140,0,1,0,0,112,6,48544,attack,attack
62,20,48,0,0,0,0,128,17,0,attack,attack
126,20,112,0,1,0,0,128,6,51063,normal,normal
1514,20,1500,0,1,0,0,47,6,80,normal,normal
418,20,404,0,1,0,0,63,6,22,normal,normal
60,20,40,0,1,0,0,128,6,1027,attack,attack
120,20,106,0,1,0,0,128,6,4027,normal,normal
62,20,48,0,1,0,0,112,6,35691,attack,attack
1514,20,1500,0,1,0,0,63,6,22,normal,normal
212,20,198,0,0,0,0,109,17,0,attack,attack
71,20,57,0,1,0,0,128,6,2296,attack,attack
60,20,40,0,1,0,0,128,6,3171,normal,normal
60,20,40,0,1,0,0,63,6,22,normal,attack
1494,20,1480,0,1,0,0,109,6,22,attack,attack
1514,20,1500,0,1,0,0,64,6,22,normal,attack
1514,20,1500,0,1,0,0,52,6,80,normal,normal
102,20,88,0,1,0,0,64,6,22,normal,normal
1434,20,1420,0,1,0,0,241,6,80,normal,normal
60,20,40,0,1,0,0,128,6,2985,normal,normal
1514,20,1500,0,1,0,0,41,6,80,attack,attack
212,20,198,0,0,0,0,106,17,0,attack,attack
60,20,40,0,1,0,0,48,6,80,normal,normal
1514,20,1500,0,1,0,0,63,6,22,attack,attack
1514,20,1500,0,1,0,0,49,6,80,normal,normal
134,20,120,0,1,0,0,64,6,22,normal,normal
62,20,48,0,1,0,0,63,6,22,normal,normal
362,20,348,0,0,0,0,45,17,0,attack,attack
62,20,48,0,0,0,0,128,17,0,attack,attack
60,20,40,0,1,0,0,128,6,4501,normal,normal
88,20,74,0,0,0,0,128,17,0,attack,attack
60,20,40,0,1,0,0,128,6,2354,attack,attack
60,20,40,0,1,0,0,52,6,51413,attack,attack
1506,20,1492,0,1,0,0,45,6,51413,attack,attack
60,20,40,0,1,0,0,128,6,2985,normal,normal
1514,20,1500,0,1,0,0,43,6,80,normal,normal
60,20,40,0,1,0,0,128,6,3019,normal,normal
60,20,40,0,1,0,0,63,6,22,attack,attack
62,20,48,0,0,0,0,128,17,0,attack,attack
62,20,48,0,0,0,0,128,17,0,attack,attack
1514,20,1500,0,1,0,0,64,6,22,normal,normal
190,20,176,0,1,0,0,63,6,22,normal,normal
206,20,192,0,1,0,0,128,6,2931,attack,attack
60,20,40,0,1,0,0,128,6,3857,normal,normal
1514,20,1500,0,1,0,0,64,6,22,normal,normal
94,20,80,0,1,0,0,128,6,4176,normal,normal
60,20,40,0,1,0,0,64,6,22,normal,normal
66,20,52,0,1,0,0,52,6,25,attack,attack
1514,20,1500,0,1,0,0,52,6,80,normal,normal
1434,20,1420,0,1,0,0,241,6,80,normal,normal
1514,20,1500,0,1,0,0,45,6,80,normal,normal
60,20,40,0,1,0,0,64,6,22,normal,normal
60,20,40,0,1,0,0,128,6,3016,normal,normal
60,20,40,0,1,0,0,63,6,22,normal,normal
1514,20,1500,0,1,0,0,63,6,22,attack,attack
1514,20,1500,0,1,0,0,64,6,22,attack,attack
1514,20,1500,0,1,0,0,63,6,22,normal,normal
60,20,40,0,1,0,0,128,6,1734,normal,normal
60,20,40,0,1,0,0,52,6,51413,attack,attack
60,20,40,0,1,0,0,128,6,4954,attack,attack
142,20,128,0,1,0,0,128,6,16814,normal,normal
838,20,824,0,1,0,0,64,6,22,attack,attack
1434,20,1420,0,1,0,0,241,6,80,normal,normal
1514,20,1500,0,1,0,0,63,6,22,normal,normal
1514,20,1500,0,1,0,0,64,6,22,normal,normal
60,20,40,0,1,0,0,128,6,4901,normal,normal
62,20,48,0,1,0,0,128,6,3124,normal,normal
62,20,48,0,0,0,0,128,17,0,attack,attack
1514,20,1500,0,1,0,0,52,6,51413,attack,attack
1130,20,1116,0,1,0,0,64,6,80,normal,normal
60,20,40,0,1,0,0,128,6,4019,normal,normal
102,20,88,0,1,0,0,64,6,22,normal,normal
1514,20,1500,0,1,0,0,41,6,80,normal,normal
62,20,48,0,0,0,0,128,17,0,attack,attack
126,20,112,0,1,0,0,128,6,2918,attack,attack
60,20,40,0,1,0,0,128,6,2131,attack,attack
60,20,40,0,1,0,0,128,6,1230,normal,normal
212,20,198,0,0,0,0,105,17,0,attack,attack
60,20,40,0,1,0,0,56,6,80,normal,normal
133,20,119,0,1,0,0,128,6,1236,normal,normal
1514,20,1500,0,1,0,0,63,6,22,attack,attack
1514,20,1500,0,1,0,0,47,6,6969,attack,attack
79,20,65,0,1,0,0,53,6,80,normal,normal
1434,20,1420,0,1,0,0,102,6,80,attack,attack
126,20,112,0,1,0,0,128,6,4902,normal,normal
80,20,66,0,1,0,0,52,6,80,normal,normal
1514,20,1500,0,1,0,0,64,6,22,normal,normal
60,20,40,0,1,0,0,56,6,80,normal,normal
1514,20,1500,0,1,0,0,45,6,80,normal,normal
62,20,48,0,1,0,0,128,6,1741,normal,normal
62,20,48,0,0,0,0,128,17,0,attack,attack
60,20,40,0,1,0,0,128,6,2131,attack,attack
662,20,648,0,0,0,0,112,17,0,attack,attack
60,20,40,0,1,0,0,128,6,51088,normal,normal
1078,20,1064,0,1,0,0,41,6,9090,attack,attack
126,20,112,0,1,0,0,128,6,2490,normal,normal
566,20,552,0,0,0,0,47,6,51413,attack,attack
60,20,40,0,1,0,0,64,6,22,normal,normal
662,20,648,0,0,0,0,108,17,0,attack,attack
662,20,648,0,0,0,0,111,17,0,attack,attack
362,20,348,0,0,0,0,45,17,0,attack,attack
62,20,48,0,0,0,0,128,17,0,attack,attack
60,20,40,0,1,0,0,128,6,1722,normal,normal
60,20,40,0,1,0,0,63,6,22,normal,normal
62,20,48,0,0,0,0,128,17,0,attack,attack
1434,20,1420,0,1,0,0,241,6,80,normal,normal
62,20,48,0,0,0,0,128,17,0,attack,attack
1434,20,1420,0,1,0,0,241,6,80,normal,normal
1480,20,1466,0,0,0,0,105,17,0,attack,attack
62,20,48,0,0,0,0,128,17,0,attack,attack
1434,20,1420,0,1,0,0,241,6,80,normal,normal
566,20,552,0,0,0,0,47,6,51413,attack,attack
1514,20,1500,0,1,0,0,63,6,22,attack,attack
1514,20,1500,0,1,0,0,63,6,22,normal,attack
1514,20,1500,0,1,0,0,46,6,80,normal,normal
1434,20,1420,0,1,0,0,241,6,80,normal,normal
94,20,80,0,1,0,0,64,6,22,normal,normal
60,20,40,0,1,0,0,128,6,2110,attack,attack
62,20,48,0,0,0,0,128,17,0,attack,attack
1506,20,1492,0,1,0,0,112,6,35691,attack,attack
212,20,198,0,0,0,0,112,17,0,attack,attack
1514,20,1500,0,1,0,0,47,6,80,normal,normal
1514,20,1500,0,1,0,0,64,6,22,normal,normal
150,20,136,0,1,0,0,128,6,15848,normal,normal
126,20,112,0,1,0,0,128,6,16807,normal,normal
60,20,40,0,1,0,0,128,6,3019,normal,normal
1514,20,1500,0,1,0,0,43,6,80,normal,normal
95,20,81,0,0,0,0,64,17,0,normal,normal
133,20,119,0,1,0,0,128,6,4025,normal,normal
62,20,48,0,0,0,0,128,17,0,attack,attack
62,20,48,0,0,0,0,128,17,0,attack,attack
1514,20,1500,0,1,0,0,63,6,80,normal,normal
60,20,40,0,1,0,0,128,6,2928,normal,attack
662,20,648,0,0,0,0,109,17,0,attack,attack
126,20,112,0,1,0,0,128,6,15841,normal,normal
60,20,40,0,1,0,0,128,6,15860,normal,normal
1514,20,1500,0,1,0,0,54,6,80,normal,normal
442,20,428,0,0,0,0,108,6,51884,attack,attack
1434,20,1420,0,1,0,0,241,6,80,normal,normal
1514,20,1500,0,1,0,0,64,6,22,normal,attack
68,20,54,0,0,0,0,128,17,0,attack,attack
1514,20,1500,0,1,0,0,63,6,22,normal,normal
1514,20,1500,0,1,0,0,63,6,22,normal,normal
102,20,88,0,1,0,0,128,6,2673,normal,normal
1061,20,1047,0,1,0,0,54,6,80,normal,normal
62,20,48,0,0,0,0,128,17,0,attack,attack
1514,20,1500,0,1,0,0,63,6,22,attack,attack
60,20,40,0,1,0,0,64,6,22,normal,normal
566,20,552,0,0,0,0,47,6,51413,attack,attack
62,20,48,0,0,0,0,128,17,0,attack,attack
1163,20,1149,0,1,0,0,45,6,51413,attack,attack
62,20,48,0,0,0,0,128,17,0,attack,attack
1414,20,1400,0,1,0,0,112,6,48544,attack,attack
62,20,48,0,0,0,0,128,17,0,attack,attack
1514,20,1500,0,1,0,0,41,6,80,normal,normal
212,20,198,0,0,0,0,112,17,0,attack,attack
94,20,80,0,1,0,0,64,6,22,normal,normal
62,20,48,0,0,0,0,128,17,0,attack,attack
774,20,760,0,1,0,0,63,6,22,normal,normal
62,20,48,0,0,0,0,128,17,0,attack,attack
662,20,648,0,0,0,0,108,17,0,attack,attack
60,20,40,0,1,0,0,128,6,1715,normal,normal
1434,20,1420,0,1,0,0,110,6,80,normal,normal
1514,20,1500,0,1,0,0,63,6,22,normal,normal
1514,20,1500,0,1,0,0,63,6,22,normal,normal
60,20,40,0,0,0,0,128,6,2109,attack,attack
74,20,60,0,1,0,0,128,6,1729,normal,normal
426,20,412,0,1,0,0,241,6,80,normal,normal
60,20,40,0,1,0,0,128,6,1229,normal,normal
1434,20,1420,0,1,0,0,110,6,80,normal,normal
126,20,112,0,1,0,0,63,6,22,attack,attack
662,20,648,0,0,0,0,112,17,0,attack,attack
62,20,48,0,1,0,0,109,6,26076,attack,attack
102,20,88,0,1,0,0,128,6,15844,attack,normal
362,20,348,0,0,0,0,45,17,0,attack,attack
60,20,40,0,1,0,0,128,6,4875,attack,attack
1514,20,1500,0,1,0,0,41,6,80,normal,normal
60,20,40,0,1,0,0,63,6,22,normal,normal
221,20,207,0,0,0,0,64,17,0,normal,normal
62,20,48,0,0,0,0,128,17,0,attack,attack
60,20,40,0,1,0,0,63,6,22,normal,normal
86,20,72,0,1,0,0,255,17,0,attack,attack
1514,20,1500,0,1,0,0,64,6,22,normal,normal
60,20,40,0,1,0,0,128,6,4497,normal,normal
1490,20,1476,0,1,0,0,64,6,22,normal,normal
1514,20,1500,0,1,0,0,43,6,80,normal,normal
1480,20,1466,0,0,0,0,108,17,0,attack,attack
1514,20,1500,0,1,0,0,64,6,22,normal,normal
60,20,40,0,1,0,0,128,6,2382,attack,attack
1514,20,1500,0,1,0,0,64,6,22,attack,attack
142,20,128,0,1,0,0,63,6,22,normal,normal
1434,20,1420,0,1,0,0,52,6,64277,attack,attack
212,20,198,0,0,0,0,112,17,0,attack,attack
62,20,48,0,1,0,0,128,6,4496,normal,normal
1514,20,1500,0,1,0,0,41,6,80,attack,attack
60,20,40,0,1,0,0,128,6,4872,attack,attack
1514,20,1500,0,1,0,0,43,6,80,normal,normal
1514,20,1500,0,1,0,0,63,6,22,normal,normal
60,20,40,0,1,0,0,128,6,3818,normal,normal
63,20,49,0,1,0,0,64,6,110,attack,attack
125,20,111,0,1,0,0,128,6,3827,normal,normal
1514,20,1500,0,1,0,0,52,6,80,normal,normal
1514,20,1500,0,1,0,0,64,6,22,normal,normal
60,20,40,0,1,0,0,52,6,80,normal,normal
62,20,48,0,0,0,0,128,17,0,attack,attack
1514,20,1500,0,1,0,0,63,6,22,normal,normal
60,20,40,0,1,0,0,63,6,22,normal,normal
1514,20,1500,0,1,0,0,64,6,22,normal,normal
60,20,40,0,1,0,0,128,6,4013,normal,normal
212,20,198,0,0,0,0,112,17,0,attack,attack
212,20,198,0,0,0,0,112,17,0,attack,attack
1514,20,1500,0,1,0,0,46,6,80,normal,normal
102,20,88,0,1,0,0,63,6,22,normal,normal
1514,20,1500,0,1,0,0,108,6,57421,attack,attack
1484,20,1470,0,0,0,0,55,6,80,normal,normal
60,20,40,0,1,0,0,64,6,22,normal,normal
1514,20,1500,0,1,0,0,64,6,22,attack,attack
130,20,116,0,1,0,0,128,6,3095,normal,normal
1480,20,1466,0,1,0,0,118,17,0,attack,attack
1514,20,1500,0,1,0,0,64,6,22,normal,normal
1514,20,1500,0,1,0,0,63,6,22,attack,attack
362,20,348,0,0,0,0,111,17,0,attack,attack
1514,20,1500,0,1,0,0,63,6,22,normal,normal
60,20,40,0,1,0,0,128,6,2354,attack,attack
1514,20,1500,0,1,0,0,63,6,22,normal,normal
62,20,48,0,1,0,0,128,6,4892,normal,normal
60,20,40,0,1,0,0,128,6,4181,normal,normal
1514,20,1500,0,1,0,0,64,6,22,normal,normal
60,20,40,0,1,0,0,128,6,2318,attack,attack
1514,20,1500,0,1,0,0,63,6,22,normal,attack
212,20,198,0,0,0,0,105,17,0,attack,attack
1514,20,1500,0,1,0,0,64,6,80,normal,normal
1494,20,1480,0,1,0,0,109,6,22,attack,attack
1480,20,1466,0,0,0,0,111,17,0,attack,attack
60,20,40,0,1,0,0,128,6,1452,normal,normal
110,20,96,0,1,0,0,128,6,15842,normal,normal
60,20,40,0,1,0,0,64,6,22,attack,attack
60,20,40,0,1,0,0,128,6,1724,normal,normal
60,20,40,0,1,0,0,128,6,3816,normal,normal
1514,20,1500,0,1,0,0,64,6,22,normal,normal
126,20,112,0,1,0,0,63,6,22,normal,normal
1514,20,1500,0,1,0,0,64,6,22,normal,normal
1514,20,1500,0,1,0,0,64,6,22,normal,normal
62,20,48,0,0,0,0,128,17,0,attack,attack
62,20,48,0,0,0,0,128,17,0,attack,attack
1514,20,1500,0,1,0,0,63,6,22,normal,normal
62,20,48,0,1,0,0,41,6,80,attack,attack
60,20,40,0,1,0,0,128,6,2296,attack,attack
1506,20,1492,0,1,0,0,109,6,26076,attack,attack
1514,20,1500,0,1,0,0,47,6,6969,attack,attack
62,20,48,0,0,0,0,128,17,0,attack,attack
1502,20,1488,0,1,0,0,50,6,80,normal,normal
1514,20,1500,0,1,0,0,63,6,22,normal,normal
60,20,40,0,1,0,0,128,6,3019,normal,normal
60,20,40,0,1,0,0,128,6,1240,normal,normal
86,20,72,0,1,0,0,255,17,0,attack,attack
1514,20,1500,0,1,0,0,47,6,80,normal,normal
1434,20,1420,0,1,0,0,241,6,80,normal,normal
62,20,48,0,1,0,0,118,17,0,attack,attack
62,20,48,0,0,0,0,128,17,0,attack,attack
110,20,96,0,1,0,0,64,6,22,normal,normal
362,20,348,0,0,0,0,108,17,0,attack,attack
1514,20,1500,0,1,0,0,63,6,22,normal,normal
86,20,72,0,1,0,0,63,6,22,attack,attack
755,20,741,0,1,0,0,64,6,80,normal,normal
134,20,120,0,1,0,0,241,6,80,normal,normal
418,20,404,0,1,0,0,64,6,22,normal,normal
60,20,40,0,1,0,0,63,6,22,normal,normal
60,20,40,0,1,0,0,128,6,4869,attack,attack
566,20,552,0,0,0,0,47,6,51413,attack,attack
110,20,96,0,1,0,0,63,6,22,attack,attack
1514,20,1500,0,1,0,0,63,6,22,attack,attack
1514,20,1500,0,1,0,0,41,6,80,attack,attack
62,20,48,0,0,0,0,128,17,0,attack,attack
1514,20,1500,0,1,0,0,64,6,22,attack,attack
1514,20,1500,0,1,0,0,54,6,80,normal,normal
60,20,40,0,1,0,0,128,6,16816,normal,normal
60,20,40,0,1,0,0,128,6,4182,normal,normal
1514,20,1500,0,1,0,0,63,6,22,attack,attack
86,20,72,0,1,0,0,63,6,22,normal,normal
1434,20,1420,0,1,0,0,240,6,80,normal,normal
212,20,198,0,1,0,0,111,17,0,attack,attack
1514,20,1500,0,1,0,0,43,6,80,normal,normal
590,20,576,0,0,0,0,108,6,51884,attack,attack
1502,20,1488,0,1,0,0,50,6,80,normal,normal
92,20,78,0,1,0,0,128,6,59002,attack,attack
1480,20,1466,0,0,0,0,107,17,0,attack,attack
60,20,40,0,1,0,0,128,6,4181,normal,normal
60,20,40,0,1,0,0,128,6,3153,normal,normal
60,20,40,0,1,0,0,109,6,22,attack,attack
662,20,648,0,0,0,0,109,17,0,attack,attack
68,20,54,0,0,0,0,128,17,0,attack,attack
68,20,54,0,0,0,0,128,17,0,attack,attack
62,20,48,0,0,0,0,128,17,0,attack,attack
102,20,88,0,1,0,0,64,6,22,normal,attack
362,20,348,0,0,0,0,105,17,0,attack,attack
1514,20,1500,0,1,0,0,41,6,80,normal,normal
60,20,40,0,1,0,0,128,6,2928,normal,attack
1254,20,1240,0,1,0,0,50,6,80,normal,normal
60,20,40,0,1,0,0,128,6,51063,normal,normal
1414,20,1400,0,1,0,0,112,6,48544,attack,attack
142,20,128,0,1,0,0,128,6,4787,attack,attack
62,20,48,0,0,0,0,128,17,0,attack,attack
362,20,348,0,0,0,0,111,17,0,attack,attack
62,20,48,0,0,0,0,128,17,0,attack,attack
62,20,48,0,0,0,0,128,17,0,attack,attack
1514,20,1500,0,1,0,0,63,6,22,normal,normal
86,20,72,0,1,0,0,63,6,22,normal,normal
362,20,348,0,0,0,0,110,17,0,attack,attack
1514,20,1500,0,1,0,0,47,6,80,normal,normal
294,20,280,0,1,0,0,128,6,2491,normal,normal
60,20,40,0,1,0,0,128,6,59000,attack,attack
590,20,576,0,0,0,0,113,6,6880,attack,attack
93,20,79,0,1,0,0,128,6,15870,normal,normal
1514,20,1500,0,1,0,0,63,6,22,normal,normal
102,20,88,0,1,0,0,64,6,22,normal,normal
62,20,48,0,0,0,0,128,17,0,attack,attack
60,20,40,0,1,0,0,128,6,3095,normal,normal
110,20,96,0,1,0,0,128,6,2097,attack,attack
60,20,40,0,1,0,0,64,6,22,normal,normal
1480,20,1466,0,0,0,0,111,17,0,attack,attack
1434,20,1420,0,1,0,0,102,6,80,attack,attack
1480,20,1466,0,0,0,0,117,17,0,attack,attack
1506,20,1492,0,1,0,0,112,6,35691,attack,attack
1480,20,1466,0,0,0,0,111,17,0,attack,attack
416,20,402,0,1,0,0,241,6,80,normal,normal
60,20,40,0,1,0,0,64,6,22,normal,normal
1314,20,1300,0,1,0,0,48,6,55123,attack,attack
1514,20,1500,0,1,0,0,64,6,22,attack,attack
1514,20,1500,0,1,0,0,64,6,22,normal,attack
62,20,48,0,0,0,0,128,17,0,attack,attack
1514,20,1500,0,1,0,0,54,6,80,normal,normal
60,20,40,0,1,0,0,128,6,3816,normal,normal
662,20,648,0,0,0,0,108,17,0,attack,attack
418,20,404,0,1,0,0,64,6,22,normal,normal
1480,20,1466,0,0,0,0,111,17,0,attack,attack
169,20,155,0,1,0,0,128,6,1045,attack,attack
148,20,134,0,0,0,0,110,17,0,attack,attack
118,20,104,0,1,0,0,64,6,22,attack,attack
60,20,40,0,1,0,0,128,6,1027,attack,attack
1414,20,1400,0,1,0,0,112,6,48544,attack,attack
92,20,78,0,1,0,0,128,6,1231,normal,normal
1514,20,1500,0,1,0,0,41,6,80,normal,normal
1514,20,1500,0,1,0,0,64,6,22,attack,attack
126,20,112,0,1,0,0,128,6,4501,normal,normal
60,20,40,0,1,0,0,128,6,2490,normal,normal
60,20,40,0,1,0,0,128,6,4512,normal,normal
212,20,198,0,0,0,0,105,17,0,attack,attack
60,20,40,0,1,0,0,240,6,80,normal,normal
126,20,112,0,1,0,0,128,6,4015,normal,normal
212,20,198,0,0,0,0,112,17,0,attack,attack
62,20,48,0,0,0,0,128,17,0,attack,attack
1514,20,1500,0,1,0,0,64,6,22,attack,attack
62,20,48,0,0,0,0,128,17,0,attack,attack
141,20,127,0,0,0,0,128,17,0,attack,attack
134,20,120,0,1,0,0,63,6,22,normal,attack
60,20,40,0,1,0,0,41,6,80,attack,attack
68,20,54,0,0,0,0,128,17,0,attack,attack
362,20,348,0,0,0,0,45,17,0,attack,attack
683,20,669,0,1,0,0,56,6,80,normal,normal
1514,20,1500,0,1,0,0,64,6,22,attack,attack
60,20,40,0,1,0,0,128,6,2115,attack,attack
60,20,40,0,1,0,0,63,6,22,attack,attack
93,20,79,0,1,0,0,64,6,22,normal,normal
662,20,648,0,0,0,0,108,17,0,attack,attack
1514,20,1500,0,1,0,0,108,6,57421,attack,attack
1514,20,1500,0,1,0,0,106,6,27571,attack,attack
86,20,72,0,1,0,0,64,6,22,normal,normal
68,20,54,0,0,0,0,128,17,0,attack,attack
126,20,112,0,1,0,0,64,6,22,normal,normal
1506,20,1492,0,1,0,0,109,6,26076,attack,attack
1506,20,1492,0,1,0,0,45,6,51413,attack,attack
1514,20,1500,0,1,0,0,63,6,22,normal,normal
60,20,40,0,1,0,0,128,6,4926,attack,attack
1514,20,1500,0,1,0,0,63,6,22,normal,normal
1502,20,1488,0,1,0,0,50,6,80,normal,normal
1514,20,1500,0,1,0,0,63,6,22,attack,normal
1514,20,1500,0,1,0,0,63,6,22,normal,normal
1480,20,1466,0,0,0,0,111,17,0,attack,attack
60,20,40,0,1,0,0,128,6,2114,attack,attack
60,20,40,0,1,0,0,56,6,80,normal,normal
362,20,348,0,0,0,0,111,17,0,attack,attack
60,20,40,0,1,0,0,56,6,80,normal,normal
212,20,198,0,0,0,0,108,17,0,attack,attack
68,20,54,0,0,0,0,128,17,0,attack,attack
110,20,96,0,1,0,0,64,6,22,normal,normal
1480,20,1466,0,1,0,0,118,17,0,attack,attack
774,20,760,0,1,0,0,64,6,22,normal,normal
60,20,40,0,1,0,0,128,6,2491,normal,normal
60,20,40,0,1,0,0,128,6,4788,attack,attack
1484,20,1470,0,0,0,0,55,6,80,normal,normal
1434,20,1420,0,1,0,0,241,6,80,normal,normal
60,20,40,0,0,0,0,47,6,51413,attack,attack
62,20,48,0,0,0,0,128,17,0,attack,attack
662,20,648,0,0,0,0,108,17,0,attack,attack
662,20,648,0,0,0,0,112,17,0,attack,attack
418,20,404,0,1,0,0,64,6,22,attack,attack
212,20,198,0,0,0,0,112,17,0,attack,attack
60,20,40,0,1,0,0,107,6,51206,attack,attack
79,20,65,0,1,0,0,64,6,143,normal,normal
212,20,198,0,0,0,0,105,17,0,attack,attack
1514,20,1500,0,1,0,0,63,6,22,normal,normal
362,20,348,0,0,0,0,112,17,0,attack,attack
590,20,576,0,0,0,0,113,6,6880,attack,attack
1514,20,1500,0,1,0,0,41,6,80,normal,normal
1514,20,1500,0,1,0,0,64,6,22,normal,normal
60,20,40,0,1,0,0,128,6,15874,normal,normal
362,20,348,0,0,0,0,112,17,0,attack,attack
212,20,198,0,0,0,0,106,17,0,attack,attack
142,20,128,0,1,0,0,64,6,22,normal,normal
62,20,48,0,0,0,0,128,17,0,attack,attack
62,20,48,0,0,0,0,128,17,0,attack,attack
60,20,40,0,1,0,0,128,6,3019,normal,normal
1514,20,1500,0,1,0,0,63,6,22,attack,attack
1514,20,1500,0,1,0,0,64,6,22,normal,normal
60,20,40,0,1,0,0,41,6,80,attack,attack
60,20,40,0,1,0,0,128,6,51063,normal,normal
362,20,348,0,0,0,0,45,17,0,attack,attack
60,20,40,0,1,0,0,63,6,22,normal,normal
130,20,116,0,1,0,0,128,6,3070,normal,normal
1514,20,1500,0,1,0,0,64,6,22,normal,normal
212,20,198,0,0,0,0,112,17,0,attack,attack
134,20,120,0,1,0,0,64,6,22,normal,normal
60,20,40,0,1,0,0,128,6,3019,normal,normal
1514,20,1500,0,1,0,0,52,6,80,normal,normal
60,20,40,0,1,0,0,128,6,3822,normal,normal
566,20,552,0,0,0,0,47,6,51413,attack,attack
60,20,40,0,1,0,0,63,6,22,normal,attack
60,20,40,0,1,0,0,89,6,80,normal,normal
1480,20,1466,0,0,0,0,106,17,0,attack,attack
60,20,40,0,1,0,0,128,6,4492,normal,normal
1484,20,1470,0,0,0,0,55,6,80,normal,normal
102,20,88,0,1,0,0,128,6,3938,normal,normal
60,20,40,0,1,0,0,128,6,59000,attack,attack
1506,20,1492,0,1,0,0,112,6,35691,attack,attack
1434,20,1420,0,1,0,0,241,6,80,normal,normal
1480,20,1466,0,0,0,0,105,17,0,attack,attack
1514,20,1500,0,1,0,0,64,6,22,attack,attack
362,20,348,0,0,0,0,111,17,0,attack,attack
60,20,40,0,1,0,0,128,6,2493,normal,normal
60,20,40,0,1,0,0,128,6,4497,normal,normal
1514,20,1500,0,1,0,0,64,6,22,normal,normal
1514,20,1500,0,1,0,0,63,6,22,normal,normal
1514,20,1500,0,1,0,0,41,6,80,normal,normal
60,20,40,0,1,0,0,128,6,3818,normal,normal
60,20,40,0,1,0,0,128,6,1729,normal,normal
60,20,40,0,1,0,0,128,6,3019,normal,normal
60,20,40,0,0,0,0,128,6,2120,attack,attack
60,20,40,0,1,0,0,128,6,4016,normal,normal
60,20,40,0,1,0,0,63,6,22,normal,normal
859,20,845,0,0,0,0,110,17,0,attack,attack
1514,20,1500,0,1,0,0,41,6,80,normal,normal
62,20,48,0,1,0,0,43,6,80,normal,normal
60,20,40,0,1,0,0,128,6,3822,normal,normal
662,20,648,0,0,0,0,108,17,0,attack,attack
1514,20,1500,0,1,0,0,52,6,80,normal,normal
1262,20,1248,0,0,0,0,110,17,0,attack,attack
1514,20,1500,0,1,0,0,64,6,22,attack,attack
60,20,46,0,1,0,0,128,6,4888,normal,normal
110,20,96,0,1,0,0,64,6,22,normal,normal
60,20,40,0,1,0,0,128,6,2115,attack,attack
110,20,96,0,1,0,0,64,6,22,normal,attack
1514,20,1500,0,1,0,0,64,6,22,normal,normal
60,20,40,0,1,0,0,64,6,22,normal,normal
62,20,48,0,0,0,0,128,17,0,attack,attack
861,20,847,0,0,0,0,108,17,0,attack,attack
142,20,128,0,1,0,0,63,6,22,normal,normal
60,20,40,0,1,0,0,128,6,3857,normal,normal
1514,20,1500,0,1,0,0,64,6,22,normal,normal
62,20,48,0,0,0,0,128,17,0,attack,attack
102,20,88,0,1,0,0,64,6,22,attack,attack
362,20,348,0,0,0,0,45,17,0,attack,attack
1514,20,1500,0,1,0,0,64,6,80,normal,normal
1514,20,1500,0,1,0,0,52,6,80,normal,normal
212,20,198,0,0,0,0,112,17,0,attack,attack
60,20,40,0,1,0,0,128,6,3816,normal,normal
110,20,96,0,1,0,0,128,6,4896,normal,normal
1434,20,1420,0,1,0,0,52,6,64277,attack,attack
1514,20,1500,0,1,0,0,63,6,22,attack,attack
60,20,40,0,1,0,0,128,6,1715,normal,normal
60,20,40,0,1,0,0,128,6,15866,normal,normal
212,20,198,0,0,0,0,106,17,0,attack,attack
1514,20,1500,0,1,0,0,64,6,22,normal,normal
60,20,40,0,1,0,0,128,6,2398,normal,normal
60,20,40,0,1,0,0,63,6,22,normal,normal
102,20,88,0,1,0,0,63,6,22,normal,normal
60,20,40,0,1,0,0,128,6,2401,normal,normal
60,20,40,0,1,0,0,63,6,22,attack,attack
60,20,40,0,1,0,0,64,6,22,normal,normal
212,20,198,0,0,0,0,112,17,0,attack,attack
1514,20,1500,0,1,0,0,63,6,22,normal,normal
1514,20,1500,0,1,0,0,64,6,22,normal,normal
60,20,40,0,1,0,0,63,6,22,normal,normal
60,20,40,0,1,0,0,128,6,3086,normal,normal
1480,20,1466,0,1,0,0,118,17,0,attack,attack
60,20,40,0,1,0,0,128,6,3171,normal,normal
1514,20,1500,0,1,0,0,63,6,22,normal,normal
60,20,40,0,1,0,0,128,6,2490,normal,normal
1514,20,1500,0,1,0,0,41,6,80,normal,normal
60,20,40,0,1,0,0,128,6,4531,normal,normal
1514,20,1500,0,1,0,0,63,6,22,normal,normal
93,20,79,0,1,0,0,64,6,22,attack,attack
60,20,40,0,1,0,0,128,6,2985,normal,normal
212,20,198,0,0,0,0,105,17,0,attack,attack
1514,20,1500,0,1,0,0,64,6,22,normal,normal
1514,20,1500,0,1,0,0,64,6,22,normal,normal
1514,20,1500,0,1,0,0,64,6,22,normal,attack
566,20,552,0,0,0,0,47,6,51413,attack,attack
212,20,198,0,0,0,0,112,17,0,attack,attack
1514,20,1500,0,1,0,0,59,6,80,normal,normal
838,20,824,0,1,0,0,64,6,22,normal,normal
60,20,40,0,1,0,0,128,6,4554,normal,normal
212,20,198,0,0,0,0,112,17,0,attack,attack
1506,20,1492,0,1,0,0,109,6,26076,attack,attack
1262,20,1248,0,0,0,0,110,17,0,attack,attack
206,20,192,0,1,0,0,128,6,4010,normal,normal
62,20,48,0,0,0,0,128,17,0,attack,attack
1514,20,1500,0,1,0,0,59,6,80,normal,normal
1514,20,1500,0,1,0,0,41,6,80,attack,attack
1514,20,1500,0,1,0,0,52,6,51413,attack,attack
1434,20,1420,0,1,0,0,241,6,80,normal,normal
1434,20,1420,0,1,0,0,241,6,80,normal,normal
861,20,847,0,0,0,0,112,17,0,attack,attack
212,20,198,0,0,0,0,112,17,0,attack,attack
212,20,198,0,0,0,0,112,17,0,attack,attack
60,20,40,0,1,0,0,128,6,4869,attack,attack
60,20,40,0,1,0,0,63,6,22,attack,attack
60,20,40,0,1,0,0,128,6,3937,normal,normal
1514,20,1500,0,1,0,0,51,6,80,normal,normal
1187,20,1173,0,1,0,0,56,6,80,normal,normal
126,20,112,0,1,0,0,128,6,4870,attack,attack
1514,20,1500,0,1,0,0,64,6,22,attack,attack
212,20,198,0,0,0,0,112,17,0,attack,attack
60,20,40,0,1,0,0,128,6,4875,attack,attack
212,20,198,0,0,0,0,106,17,0,attack,attack
190,20,176,0,1,0,0,64,6,22,normal,normal
126,20,112,0,1,0,0,63,6,22,attack,attack
362,20,348,0,0,0,0,111,17,0,attack,attack
1514,20,1500,0,1,0,0,64,6,22,normal,normal
86,20,72,0,1,0,0,255,17,0,normal,normal
212,20,198,0,0,0,0,112,17,0,attack,attack
1514,20,1500,0,1,0,0,64,6,22,normal,normal
1514,20,1500,0,1,0,0,63,6,22,normal,attack
154,20,140,0,1,0,0,112,6,48544,attack,attack
86,20,72,0,1,0,0,63,6,22,normal,normal
60,20,40,0,1,0,0,128,6,1734,normal,normal
1514,20,1500,0,1,0,0,63,6,22,normal,attack
60,20,40,0,1,0,0,128,6,15860,normal,normal
60,20,40,0,1,0,0,128,6,4492,normal,normal
418,20,404,0,1,0,0,63,6,22,normal,normal
88,20,74,0,0,0,0,64,17,0,normal,normal
118,20,104,0,1,0,0,64,6,22,normal,normal
62,20,48,0,0,0,0,128,17,0,attack,attack
115,20,101,0,0,0,0,128,17,0,attack,attack
118,20,104,0,1,0,0,63,6,22,normal,normal
62,20,48,0,1,0,0,41,6,80,normal,normal
60,20,40,0,1,0,0,128,6,1728,normal,normal
110,20,96,0,1,0,0,63,6,22,attack,attack
1514,20,1500,0,1,0,0,64,6,22,normal,normal
126,20,112,0,1,0,0,128,6,3935,normal,normal
662,20,648,0,0,0,0,108,17,0,attack,attack
212,20,198,0,0,0,0,112,17,0,attack,attack
142,20,128,0,1,0,0,128,6,16815,normal,normal
566,20,552,0,0,0,0,47,6,51413,attack,attack
68,20,54,0,0,0,0,128,17,0,attack,attack
60,20,40,0,1,0,0,128,6,2318,attack,attack
60,20,40,0,0,0,0,128,6,2141,attack,attack
662,20,648,0,0,0,0,108,17,0,attack,attack
88,20,74,0,0,0,0,128,17,0,attack,attack
1514,20,1500,0,1,0,0,47,6,51413,attack,attack
60,20,40,0,1,0,0,128,6,4503,normal,normal
142,20,128,0,1,0,0,64,6,22,normal,normal
93,20,79,0,1,0,0,63,6,22,attack,attack
60,20,40,0,1,0,0,128,6,2928,attack,attack
1480,20,1466,0,0,0,0,105,17,0,attack,attack
66,20,52,0,1,0,0,55,6,80,normal,normal
60,20,40,0,1,0,0,63,6,22,attack,attack
62,20,48,0,0,0,0,128,17,0,attack,attack
418,20,404,0,1,0,0,63,6,22,normal,normal
60,20,40,0,1,0,0,128,6,3171,normal,normal
60,20,40,0,1,0,0,128,6,1048,attack,attack
1514,20,1500,0,1,0,0,64,6,22,normal,normal
1502,20,1488,0,1,0,0,56,6,80,normal,normal
126,20,112,0,1,0,0,128,6,4501,normal,normal
1434,20,1420,0,1,0,0,241,6,80,normal,normal
1514,20,1500,0,1,0,0,63,6,22,normal,attack
94,20,80,0,1,0,0,63,6,22,normal,normal
142,20,128,0,1,0,0,128,6,2486,normal,normal
1514,20,1500,0,1,0,0,64,6,22,normal,normal
1514,20,1500,0,1,0,0,41,6,80,normal,normal
60,20,40,0,1,0,0,128,6,2985,normal,normal
212,20,198,0,0,0,0,112,17,0,attack,attack
62,20,48,0,0,0,0,128,17,0,attack,attack
62,20,48,0,0,0,0,128,17,0,attack,attack
1514,20,1500,0,1,0,0,64,6,22,normal,normal
341,20,327,0,1,0,0,128,6,139,normal,normal
1514,20,1500,0,1,0,0,63,6,22,normal,normal
60,20,40,0,1,0,0,128,6,2987,normal,normal
1480,20,1466,0,0,0,0,111,17,0,attack,attack
60,20,40,0,1,0,0,128,6,3019,normal,normal
1480,20,1466,0,0,0,0,112,17,0,attack,attack
94,20,80,0,1,0,0,63,6,22,normal,normal
62,20,48,0,0,0,0,128,17,0,attack,attack
60,20,40,0,1,0,0,63,6,22,normal,normal
362,20,348,0,0,0,0,110,17,0,attack,attack
134,20,120,0,1,0,0,63,6,22,normal,normal
1181,20,1167,0,0,0,0,55,6,80,normal,normal
1514,20,1500,0,1,0,0,41,6,80,normal,normal
418,20,404,0,1,0,0,64,6,22,normal,normal
60,20,40,0,1,0,0,64,6,80,normal,normal
100,20,86,0,0,0,0,110,17,0,attack,attack
1480,20,1466,0,0,0,0,109,17,0,attack,attack
1514,20,1500,0,1,0,0,63,6,22,normal,normal
1434,20,1420,0,1,0,0,241,6,80,normal,normal
60,20,40,0,1,0,0,64,6,22,normal,attack
126,20,112,0,1,0,0,63,6,22,normal,normal
60,20,40,0,1,0,0,128,6,2110,attack,attack
60,20,40,0,1,0,0,64,6,22,normal,normal
1514,20,1500,0,1,0,0,64,6,22,normal,normal
1514,20,1500,0,1,0,0,64,6,22,attack,attack
60,20,40,0,1,0,0,128,6,4979,attack,attack
60,20,40,0,1,0,0,42,6,80,normal,normal
1514,20,1500,0,1,0,0,64,6,22,normal,normal
1514,20,1500,0,1,0,0,63,6,22,attack,attack
142,20,128,0,1,0,0,63,6,22,attack,attack
1514,20,1500,0,1,0,0,64,6,22,normal,normal
1514,20,1500,0,1,0,0,64,6,22,normal,attack
60,20,40,0,1,0,0,63,6,22,normal,normal
154,20,140,0,1,0,0,112,6,48544,attack,attack
1514,20,1500,0,1,0,0,64,6,22,attack,attack
62,20,48,0,0,0,0,128,17,0,attack,attack
88,20,74,0,0,0,0,128,17,0,attack,attack
130,20,116,0,1,0,0,128,6,3033,normal,normal
62,20,48,0,0,0,0,108,17,0,attack,attack
134,20,120,0,1,0,0,52,6,64277,attack,attack
1514,20,1500,0,1,0,0,52,6,80,normal,normal
909,20,895,0,1,0,0,64,6,80,attack,normal
212,20,198,0,0,0,0,106,17,0,attack,attack
1514,20,1500,0,1,0,0,63,6,22,normal,normal
1514,20,1500,0,1,0,0,63,6,22,normal,normal
1514,20,1500,0,1,0,0,64,6,22,normal,normal
134,20,120,0,1,0,0,64,6,22,normal,normal
838,20,824,0,1,0,0,64,6,22,normal,normal
191,20,177,0,1,0,0,128,6,15864,normal,normal
142,20,128,0,1,0,0,128,6,15843,normal,normal
60,20,40,0,1,0,0,128,6,3866,attack,attack
60,20,40,0,1,0,0,48,6,80,normal,normal
1514,20,1500,0,1,0,0,64,6,22,normal,normal
1480,20,1466,0,0,0,0,117,17,0,attack,attack
1434,20,1420,0,1,0,0,241,6,80,normal,normal
62,20,48,0,1,0,0,63,6,22,normal,normal
60,20,40,0,1,0,0,128,6,2296,attack,attack
1514,20,1500,0,1,0,0,63,6,22,normal,attack
1514,20,1500,0,1,0,0,63,6,22,attack,attack
1514,20,1500,0,1,0,0,64,6,22,attack,normal
1514,20,1500,0,1,0,0,64,6,22,normal,normal
1514,20,1500,0,1,0,0,106,6,27571,attack,attack
362,20,348,0,0,0,0,45,17,0,attack,attack
60,20,40,0,1,0,0,64,6,22,normal,normal
212,20,198,0,0,0,0,112,17,0,attack,attack
346,20,332,0,1,0,0,41,6,80,attack,attack
70,20,56,0,1,0,0,128,6,4017,normal,normal
662,20,648,0,0,0,0,108,17,0,attack,attack
1514,20,1500,0,1,0,0,64,6,22,normal,normal
60,20,40,0,1,0,0,64,6,22,normal,normal
60,20,40,0,1,0,0,128,6,4547,normal,normal
60,20,40,0,1,0,0,128,6,1066,attack,attack
62,20,48,0,0,0,0,128,17,0,attack,attack
70,20,56,0,1,0,0,128,6,16815,normal,normal
1480,20,1466,0,0,0,0,111,17,0,attack,attack
60,20,40,0,1,0,0,128,6,2318,attack,attack
792,20,778,0,1,0,0,113,6,80,attack,attack
1514,20,1500,0,1,0,0,45,6,80,normal,normal
1262,20,1248,0,0,0,0,110,17,0,attack,attack
362,20,348,0,0,0,0,45,17,0,attack,attack
371,20,357,0,1,0,0,48,6,80,normal,normal
60,20,40,0,1,0,0,128,6,15860,normal,normal
1434,20,1420,0,1,0,0,241,6,80,normal,normal
1434,20,1420,0,1,0,0,102,6,80,attack,attack
1514,20,1500,0,1,0,0,106,6,27571,attack,attack
62,20,48,0,1,0,0,109,6,26076,attack,attack
1480,20,1466,0,0,0,0,112,17,0,attack,attack
212,20,198,0,0,0,0,112,17,0,attack,attack
1514,20,1500,0,1,0,0,107,6,48412,attack,attack
1434,20,1420,0,1,0,0,241,6,80,normal,normal
142,20,128,0,1,0,0,63,6,22,attack,attack
1480,20,1466,0,0,0,0,45,17,0,attack,attack
1514,20,1500,0,1,0,0,64,6,22,normal,normal
1514,20,1500,0,1,0,0,64,6,22,normal,normal
60,20,40,0,1,0,0,241,6,80,normal,normal
1514,20,1500,0,1,0,0,63,6,22,attack,attack
150,20,136,0,1,0,0,64,6,22,normal,normal
1514,20,1500,0,1,0,0,48,6,80,normal,normal
60,20,40,0,1,0,0,64,6,22,attack,attack
60,20,40,0,1,0,0,128,6,2985,normal,normal
86,20,72,0,1,0,0,63,6,22,normal,normal
362,20,348,0,0,0,0,45,17,0,attack,attack
142,20,128,0,1,0,0,64,6,22,attack,normal
112,20,98,0,1,0,0,128,6,1735,normal,normal
1514,20,1500,0,1,0,0,108,6,57421,attack,attack
60,20,40,0,1,0,0,128,6,2110,attack,attack
60,20,40,0,1,0,0,128,6,4901,normal,normal
212,20,198,0,0,0,0,106,17,0,attack,attack
92,20,78,0,1,0,0,128,6,1229,normal,normal
62,20,48,0,0,0,0,128,17,0,attack,attack
1514,20,1500,0,1,0,0,64,6,22,normal,normal
1514,20,1500,0,1,0,0,41,6,80,normal,normal
1514,20,1500,0,1,0,0,63,6,22,normal,attack
1514,20,1500,0,1,0,0,64,6,22,normal,attack
1514,20,1500,0,1,0,0,64,6,22,normal,normal
60,20,40,0,1,0,0,128,6,15841,normal,normal
62,20,48,0,0,0,0,128,17,0,attack,attack
566,20,552,0,0,0,0,47,6,51413,attack,attack
60,20,40,0,1,0,0,128,6,4184,normal,normal
62,20,48,0,1,0,0,109,6,26076,attack,attack
1262,20,1248,0,0,0,0,109,17,0,attack,attack
124,20,110,0,0,0,0,63,17,0,normal,attack
774,20,760,0,1,0,0,63,6,22,normal,normal
60,20,40,0,1,0,0,128,6,2928,normal,attack
62,20,48,0,0,0,0,128,17,0,attack,attack
1514,20,1500,0,1,0,0,64,6,22,normal,normal
60,20,40,0,1,0,0,241,6,80,normal,normal
662,20,648,0,0,0,0,108,17,0,attack,attack
92,20,78,0,1,0,0,128,6,1225,normal,normal
662,20,648,0,0,0,0,111,17,0,attack,attack
1514,20,1500,0,1,0,0,63,6,22,normal,normal
212,20,198,0,0,0,0,112,17,0,attack,attack
1514,20,1500,0,1,0,0,63,6,22,normal,normal
62,20,48,0,0,0,0,128,17,0,attack,attack
1514,20,1500,0,1,0,0,63,6,22,normal,normal
1434,20,1420,0,1,0,0,241,6,80,normal,normal
1514,20,1500,0,1,0,0,63,6,22,normal,normal
94,20,80,0,1,0,0,128,6,4865,attack,attack
60,20,40,0,1,0,0,128,6,3171,normal,normal
86,20,72,0,1,0,0,255,17,0,attack,attack
1514,20,1500,0,1,0,0,41,6,80,normal,normal
62,20,48,0,0,0,0,128,17,0,attack,attack
1480,20,1466,0,0,0,0,106,17,0,attack,attack
662,20,648,0,0,0,0,108,17,0,attack,attack
1514,20,1500,0,1,0,0,47,6,80,normal,normal
1514,20,1500,0,1,0,0,63,6,22,attack,attack
142,20,128,0,1,0,0,128,6,15849,normal,normal
60,20,40,0,1,0,0,41,6,80,attack,attack
1514,20,1500,0,1,0,0,64,6,22,normal,normal
362,20,348,0,0,0,0,105,17,0,attack,attack
60,20,40,0,1,0,0,128,6,1709,normal,normal
60,20,40,0,1,0,0,128,6,1026,attack,attack
1514,20,1500,0,1,0,0,63,6,22,normal,normal
1514,20,1500,0,1,0,0,63,6,22,normal,normal
60,20,40,0,1,0,0,128,6,4517,normal,normal
1514,20,1500,0,1,0,0,64,6,22,attack,attack
1514,20,1500,0,1,0,0,63,6,22,attack,attack
1514,20,1500,0,1,0,0,47,6,80,normal,normal
60,20,40,0,1,0,0,64,6,22,normal,normal
1514,20,1500,0,1,0,0,47,6,51413,attack,attack
418,20,404,0,1,0,0,64,6,22,normal,normal
60,20,40,0,1,0,0,128,6,15827,normal,normal
212,20,198,0,0,0,0,105,17,0,attack,attack
662,20,648,0,0,0,0,106,17,0,attack,attack
62,20,48,0,0,0,0,128,17,0,attack,attack
134,20,120,0,1,0,0,52,6,64277,attack,attack
1514,20,1500,0,1,0,0,63,6,22,normal,normal
60,20,40,0,1,0,0,128,6,1722,normal,normal
1514,20,1500,0,1,0,0,63,6,22,attack,attack
156,20,142,0,0,0,0,105,17,0,attack,attack
1514,20,1500,0,1,0,0,41,6,80,normal,normal
134,20,120,0,1,0,0,64,6,22,attack,attack
1514,20,1500,0,1,0,0,63,6,22,normal,normal
590,20,576,0,0,0,0,108,6,51884,attack,attack
212,20,198,0,0,0,0,112,17,0,attack,attack
60,20,40,0,1,0,0,128,6,1030,attack,attack
62,20,48,0,0,0,0,128,17,0,attack,attack
212,20,198,0,0,0,0,108,17,0,attack,attack
60,20,40,0,1,0,0,128,6,3019,normal,normal
1480,20,1466,0,1,0,0,118,17,0,attack,attack
1434,20,1420,0,1,0,0,241,6,80,normal,normal
134,20,120,0,1,0,0,52,6,64277,attack,attack
60,20,40,0,1,0,0,128,6,3160,normal,normal
94,20,80,0,1,0,0,128,6,4784,attack,attack
212,20,198,0,0,0,0,105,17,0,attack,attack
62,20,48,0,0,0,0,128,17,0,attack,attack
1480,20,1466,0,0,0,0,111,17,0,attack,attack
166,20,152,0,1,0,0,128,6,15864,normal,normal
60,20,40,0,1,0,0,128,6,2114,attack,attack
1514,20,1500,0,1,0,0,63,6,80,normal,normal
60,20,40,0,1,0,0,128,6,1734,normal,normal
1514,20,1500,0,1,0,0,45,6,80,attack,attack
60,20,40,0,1,0,0,64,6,22,normal,normal
68,20,54,0,0,0,0,128,17,0,attack,attack
1514,20,1500,0,1,0,0,48,6,80,normal,normal
1514,20,1500,0,1,0,0,45,6,80,normal,normal
60,20,40,0,1,0,0,128,6,2296,attack,attack
212,20,198,0,0,0,0,112,17,0,attack,attack
154,20,140,0,1,0,0,112,6,48544,attack,attack
1502,20,1488,0,1,0,0,50,6,80,normal,normal
206,20,192,0,1,0,0,128,6,3173,normal,normal
60,20,40,0,1,0,0,128,6,3021,normal,normal
86,20,72,0,1,0,0,63,6,22,normal,normal
62,20,48,0,1,0,0,109,6,26076,attack,attack
1514,20,1500,0,1,0,0,47,6,6969,attack,attack
1514,20,1500,0,1,0,0,46,6,80,normal,normal
60,20,40,0,1,0,0,63,6,22,normal,normal
1514,20,1500,0,1,0,0,63,6,22,normal,normal
191,20,177,0,1,0,0,128,6,15863,normal,normal
60,20,40,0,1,0,0,128,6,3019,normal,normal
212,20,198,0,0,0,0,108,17,0,attack,attack
62,20,48,0,1,0,0,128,6,4529,normal,normal
60,20,40,0,1,0,0,128,6,3822,normal,normal
110,20,96,0,1,0,0,128,6,3857,attack,attack
212,20,198,0,0,0,0,105,17,0,attack,attack
206,20,192,0,1,0,0,128,6,1220,normal,normal
60,20,40,0,1,0,0,128,6,1054,attack,attack
1514,20,1500,0,1,0,0,64,6,22,attack,attack
102,20,88,0,1,0,0,64,6,22,normal,normal
60,20,40,0,1,0,0,64,6,22,normal,normal
142,20,128,0,1,0,0,128,6,1705,normal,normal
1494,20,1480,0,1,0,0,109,6,22,attack,attack
60,20,40,0,1,0,0,128,6,3849,normal,normal
60,20,40,0,1,0,0,128,6,2354,attack,attack
254,20,240,0,1,0,0,48,6,55123,attack,attack
1514,20,1500,0,1,0,0,47,6,6969,attack,attack
1514,20,1500,0,1,0,0,63,6,22,normal,normal
1480,20,1466,0,0,0,0,106,17,0,attack,attack
1514,20,1500,0,1,0,0,64,6,22,normal,attack
60,20,40,0,1,0,0,128,6,3171,normal,normal
1514,20,1500,0,1,0,0,64,6,22,normal,normal
62,20,48,0,0,0,0,107,17,0,attack,attack
60,20,40,0,1,0,0,64,6,22,normal,normal
418,20,404,0,1,0,0,64,6,22,normal,normal
60,20,40,0,1,0,0,128,6,2296,attack,attack
1514,20,1500,0,1,0,0,43,6,80,normal,normal
62,20,48,0,1,0,0,128,6,4544,normal,normal
566,20,552,0,0,0,0,47,6,51413,attack,attack
1262,20,1248,0,0,0,0,110,17,0,attack,attack
212,20,198,0,0,0,0,112,17,0,attack,attack
118,20,104,0,1,0,0,63,6,22,attack,attack
60,20,40,0,1,0,0,128,6,2328,attack,attack
60,20,40,0,1,0,0,128,6,2115,attack,attack
1514,20,1500,0,1,0,0,41,6,80,normal,normal
418,20,404,0,1,0,0,64,6,22,normal,normal
62,20,48,0,0,0,0,128,17,0,attack,attack
1514,20,1500,0,1,0,0,64,6,22,attack,attack
406,20,392,0,1,0,0,53,6,80,normal,normal
60,20,40,0,1,0,0,128,6,4183,normal,normal
1514,20,1500,0,1,0,0,63,6,22,normal,normal
1514,20,1500,0,1,0,0,41,6,80,normal,normal
1514,20,1500,0,1,0,0,63,6,22,normal,normal
566,20,552,0,0,0,0,47,6,51413,attack,attack
60,20,40,0,1,0,0,128,6,3816,normal,normal
62,20,48,0,0,0,0,128,17,0,attack,attack
212,20,198,0,0,0,0,108,17,0,attack,attack
212,20,198,0,0,0,0,112,17,0,attack,attack
1514,20,1500,0,1,0,0,43,6,80,normal,normal
1506,20,1492,0,1,0,0,45,6,51413,attack,attack
70,20,56,0,1,0,0,128,6,4493,normal,normal
86,20,72,0,1,0,0,255,17,0,normal,normal
774,20,760,0,1,0,0,64,6,22,attack,attack
60,20,40,0,1,0,0,128,6,4906,normal,normal
60,20,40,0,0,0,0,128,6,2141,attack,attack
1514,20,1500,0,1,0,0,63,6,22,normal,normal
60,20,40,0,1,0,0,64,6,22,normal,normal
62,20,48,0,1,0,0,64,6,22,normal,normal
662,20,648,0,0,0,0,105,17,0,attack,attack
1480,20,1466,0,0,0,0,107,17,0,attack,attack
126,20,112,0,1,0,0,128,6,4788,attack,attack
62,20,48,0,0,0,0,128,17,0,attack,attack
1514,20,1500,0,1,0,0,45,6,80,normal,normal
71,20,57,0,1,0,0,112,6,44817,attack,attack
1514,20,1500,0,1,0,0,63,6,22,attack,attack
362,20,348,0,0,0,0,112,17,0,attack,attack
62,20,48,0,1,0,0,128,6,3092,normal,normal
1434,20,1420,0,1,0,0,241,6,80,normal,normal
145,20,131,0,1,0,0,128,6,4988,attack,attack
1434,20,1420,0,1,0,0,241,6,80,normal,normal
142,20,128,0,1,0,0,63,6,22,normal,normal
60,20,40,0,1,0,0,128,6,2090,attack,attack
212,20,198,0,0,0,0,112,17,0,attack,attack
60,20,40,0,1,0,0,41,6,9090,attack,attack
1514,20,1500,0,1,0,0,63,6,22,attack,attack
1514,20,1500,0,1,0,0,64,6,22,normal,normal
62,20,48,0,0,0,0,109,17,0,attack,attack
60,20,40,0,1,0,0,128,6,3171,normal,normal
62,20,48,0,0,0,0,115,17,0,attack,attack
1514,20,1500,0,1,0,0,63,6,22,normal,normal
60,20,40,0,1,0,0,128,6,2115,attack,attack
1502,20,1488,0,1,0,0,56,6,80,normal,normal
93,20,79,0,0,0,0,64,17,0,normal,normal
1514,20,1500,0,1,0,0,64,6,22,attack,attack
60,20,40,0,1,0,0,128,6,2318,attack,attack
566,20,552,0,0,0,0,47,6,51413,attack,attack
134,20,120,0,1,0,0,128,6,16817,normal,normal
60,20,40,0,1,0,0,128,6,15875,normal,normal
60,20,40,0,1,0,0,128,6,51063,normal,normal
1480,20,1466,0,0,0,0,115,17,0,attack,attack
134,20,120,0,1,0,0,63,6,22,normal,normal
1434,20,1420,0,1,0,0,241,6,80,normal,normal
1514,20,1500,0,1,0,0,59,6,80,normal,normal
1514,20,1500,0,1,0,0,64,6,22,normal,attack
1514,20,1500,0,1,0,0,63,6,22,normal,normal
105,20,91,0,1,0,0,128,6,1728,normal,normal
1514,20,1500,0,1,0,0,64,6,22,attack,attack
1480,20,1466,0,0,0,0,107,17,0,attack,attack
60,20,40,0,1,0,0,128,6,4501,normal,normal
60,20,40,0,1,0,0,128,6,4545,normal,normal
62,20,48,0,1,0,0,63,6,22,attack,attack
102,20,88,0,1,0,0,128,6,2102,attack,attack
62,20,48,0,1,0,0,56,6,80,normal,normal
60,20,40,0,1,0,0,64,6,22,normal,normal
94,20,80,0,1,0,0,63,6,22,normal,normal
1514,20,1500,0,1,0,0,48,6,80,normal,normal
114,20,100,0,1,0,0,128,6,4520,normal,normal
1514,20,1500,0,1,0,0,64,6,22,attack,attack
60,20,40,0,1,0,0,128,6,3019,normal,normal
1514,20,1500,0,1,0,0,52,6,80,normal,normal
126,20,112,0,1,0,0,128,6,2106,normal,attack
208,20,194,0,0,0,0,64,17,0,normal,normal
150,20,136,0,1,0,0,63,6,22,normal,normal
60,20,40,0,1,0,0,63,6,22,normal,normal
1514,20,1500,0,1,0,0,64,6,22,normal,attack
60,20,40,0,1,0,0,128,6,4022,normal,normal
221,20,207,0,0,0,0,64,17,0,normal,normal
60,20,40,0,0,0,0,47,6,51413,attack,attack
1262,20,1248,0,0,0,0,109,17,0,attack,attack
497,20,483,0,1,0,0,241,6,80,normal,normal
62,20,48,0,1,0,0,56,6,80,normal,normal
60,20,40,0,1,0,0,128,6,1721,normal,normal
60,20,40,0,1,0,0,63,6,22,normal,normal
1514,20,1500,0,1,0,0,63,6,22,normal,normal
1514,20,1500,0,1,0,0,64,6,22,normal,attack
662,20,648,0,0,0,0,111,17,0,attack,attack
774,20,760,0,1,0,0,64,6,22,normal,normal
60,20,40,0,1,0,0,64,6,22,normal,normal
60,20,40,0,1,0,0,128,6,1026,attack,attack
1262,20,1248,0,0,0,0,45,17,0,attack,attack
92,20,78,0,1,0,0,128,6,1218,normal,normal
1514,20,1500,0,1,0,0,64,6,22,normal,normal
1514,20,1500,0,1,0,0,64,6,22,attack,attack
60,20,40,0,1,0,0,128,6,4788,normal,attack
71,20,57,0,1,0,0,64,6,143,normal,normal
1514,20,1500,0,1,0,0,41,6,80,normal,normal
418,20,404,0,1,0,0,63,6,22,normal,normal
1434,20,1420,0,1,0,0,52,6,64277,attack,attack
1514,20,1500,0,1,0,0,63,6,22,normal,normal
206,20,192,0,1,0,0,128,6,2109,attack,attack
1514,20,1500,0,1,0,0,63,6,22,attack,attack
60,20,40,0,0,0,0,128,6,2120,attack,attack
774,20,760,0,1,0,0,64,6,22,normal,normal
1514,20,1500,0,1,0,0,64,6,22,attack,attack
126,20,112,0,1,0,0,64,6,22,attack,attack
60,20,40,0,1,0,0,128,6,4964,attack,attack
131,20,117,0,0,0,0,58,17,0,normal,normal
212,20,198,0,0,0,0,108,17,0,attack,attack
1514,20,1500,0,1,0,0,52,6,80,normal,normal
60,20,40,0,1,0,0,128,6,3822,normal,normal
1514,20,1500,0,1,0,0,63,6,22,normal,normal
1514,20,1500,0,1,0,0,63,6,22,normal,attack
861,20,847,0,0,0,0,105,17,0,attack,attack
142,20,128,0,1,0,0,64,6,22,normal,normal
566,20,552,0,0,0,0,47,6,51413,attack,attack
62,20,48,0,0,0,0,128,17,0,attack,attack
60,20,40,0,1,0,0,41,6,80,attack,attack
1514,20,1500,0,1,0,0,45,6,80,normal,normal
362,20,348,0,0,0,0,112,17,0,attack,attack
1514,20,1500,0,1,0,0,41,6,80,attack,attack
102,20,88,0,1,0,0,64,6,22,normal,normal
212,20,198,0,0,0,0,112,17,0,attack,attack
60,20,40,0,1,0,0,64,6,22,attack,attack
60,20,40,0,1,0,0,128,6,4015,normal,normal
110,20,96,0,1,0,0,63,6,22,normal,normal
60,20,40,0,1,0,0,64,6,22,normal,normal
1514,20,1500,0,1,0,0,63,6,22,normal,normal
60,20,40,0,1,0,0,128,6,2328,attack,attack
294,20,280,0,1,0,0,128,6,2167,attack,attack
60,20,40,0,1,0,0,128,6,3937,normal,normal
1514,20,1500,0,1,0,0,64,6,22,normal,normal
62,20,48,0,0,0,0,128,17,0,attack,attack
60,20,40,0,1,0,0,63,6,22,normal,normal
212,20,198,0,0,0,0,112,17,0,attack,attack
359,20,345,0,1,0,0,56,6,80,normal,normal
1514,20,1500,0,1,0,0,106,6,27571,attack,attack
212,20,198,0,0,0,0,105,17,0,attack,attack
1434,20,1420,0,1,0,0,241,6,80,normal,normal
418,20,404,0,1,0,0,64,6,22,attack,attack
1514,20,1500,0,1,0,0,63,6,22,normal,normal
1514,20,1500,0,1,0,0,107,6,48412,attack,attack
60,20,40,0,1,0,0,128,6,15841,normal,normal
133,20,119,0,1,0,0,128,6,4025,normal,normal
1514,20,1500,0,1,0,0,52,6,80,normal,normal
190,20,176,0,1,0,0,64,6,22,attack,normal
1514,20,1500,0,1,0,0,63,6,22,normal,normal
1514,20,1500,0,1,0,0,64,6,22,normal,normal
1514,20,1500,0,1,0,0,63,6,22,attack,attack
142,20,128,0,1,0,0,63,6,22,attack,attack
1514,20,1500,0,1,0,0,64,6,80,normal,normal
110,20,96,0,1,0,0,63,6,22,attack,attack
362,20,348,0,0,0,0,45,17,0,attack,attack
1514,20,1500,0,1,0,0,63,6,22,normal,normal
62,20,48,0,0,0,0,128,17,0,attack,attack
93,20,79,0,1,0,0,64,6,22,normal,normal
60,20,40,0,1,0,0,128,6,4499,normal,normal
1434,20,1420,0,1,0,0,241,6,80,normal,normal
60,20,40,0,1,0,0,128,6,2090,attack,attack
62,20,48,0,0,0,0,128,17,0,attack,attack
1514,20,1500,0,1,0,0,63,6,22,normal,normal
1078,20,1064,0,1,0,0,47,6,6969,attack,attack
60,20,40,0,1,0,0,128,6,3097,normal,normal
60,20,40,0,1,0,0,64,6,22,attack,attack
102,20,88,0,1,0,0,128,6,2099,attack,attack
1514,20,1500,0,1,0,0,41,6,80,normal,normal
112,20,98,0,1,0,0,128,6,4497,normal,normal
1514,20,1500,0,1,0,0,63,6,22,normal,normal
60,20,40,0,1,0,0,64,6,22,attack,attack
60,20,40,0,1,0,0,128,6,3816,normal,normal
1514,20,1500,0,1,0,0,41,6,80,normal,normal
60,20,40,0,1,0,0,128,6,3019,normal,normal
1514,20,1500,0,1,0,0,64,6,22,attack,attack
78,20,64,0,0,0,0,128,17,0,attack,attack
60,20,40,0,0,0,0,128,6,2120,attack,attack
60,20,40,0,1,0,0,128,6,1724,normal,normal
1514,20,1500,0,1,0,0,64,6,22,normal,attack
60,20,40,0,1,0,0,128,6,3171,normal,normal
362,20,348,0,0,0,0,45,17,0,attack,attack
212,20,198,0,0,0,0,111,17,0,attack,attack
774,20,760,0,1,0,0,64,6,22,normal,attack
1480,20,1466,0,0,0,0,109,17,0,attack,attack
62,20,48,0,1,0,0,128,6,4504,normal,normal
60,20,40,0,1,0,0,128,6,4535,normal,normal
102,20,88,0,1,0,0,128,6,2106,normal,attack
62,20,48,0,0,0,0,128,17,0,attack,attack
151,20,137,0,1,0,0,128,6,1727,normal,normal
1514,20,1500,0,1,0,0,54,6,80,normal,normal
1514,20,1500,0,1,0,0,63,6,22,attack,attack
126,20,112,0,1,0,0,128,6,4184,normal,attack
62,20,48,0,0,0,0,128,17,0,attack,attack
212,20,198,0,0,0,0,112,17,0,attack,attack
1514,20,1500,0,1,0,0,64,6,22,normal,normal
126,20,112,0,1,0,0,128,6,1221,normal,normal
1514,20,1500,0,1,0,0,63,6,22,normal,normal
1514,20,1500,0,1,0,0,43,6,80,normal,normal
662,20,648,0,0,0,0,108,17,0,attack,attack
838,20,824,0,1,0,0,64,6,22,normal,normal
60,20,40,0,1,0,0,63,6,22,normal,attack
1514,20,1500,0,1,0,0,47,6,80,normal,normal
67,20,53,0,1,0,0,117,17,0,attack,attack
60,20,40,0,1,0,0,128,6,15874,normal,normal
126,20,112,0,1,0,0,128,6,3867,attack,attack
60,20,40,0,1,0,0,128,6,3133,normal,normal
418,20,404,0,1,0,0,63,6,22,normal,normal
1514,20,1500,0,1,0,0,64,6,22,normal,normal
1514,20,1500,0,1,0,0,54,6,80,normal,normal
418,20,404,0,1,0,0,63,6,22,normal,attack
1480,20,1466,0,0,0,0,108,17,0,attack,attack
60,20,40,0,1,0,0,64,6,22,normal,normal
94,20,80,0,1,0,0,128,6,51067,normal,normal
60,20,40,0,1,0,0,128,6,51085,normal,normal
1514,20,1500,0,1,0,0,64,6,22,attack,attack
60,20,40,0,1,0,0,128,6,2328,attack,attack
362,20,348,0,0,0,0,108,17,0,attack,attack
89,20,75,0,0,0,0,64,17,0,normal,normal
62,20,48,0,0,0,0,128,17,0,attack,attack
1514,20,1500,0,1,0,0,64,6,22,normal,attack
293,20,279,0,1,0,0,55,6,80,normal,normal
206,20,192,0,1,0,0,128,6,1222,normal,normal
1514,20,1500,0,1,0,0,63,6,80,normal,normal
62,20,48,0,0,0,0,128,17,0,attack,attack
212,20,198,0,0,0,0,109,17,0,attack,attack
60,20,40,0,0,0,0,128,6,2120,attack,attack
60,20,40,0,1,0,0,128,6,2985,normal,normal
662,20,648,0,0,0,0,108,17,0,attack,attack
372,20,358,0,1,0,0,48,6,80,normal,normal
1514,20,1500,0,1,0,0,63,6,22,normal,normal
142,20,128,0,1,0,0,128,6,3171,normal,normal
142,20,128,0,1,0,0,64,6,22,attack,attack
62,20,48,0,0,0,0,128,17,0,attack,attack
1514,20,1500,0,1,0,0,41,6,80,attack,attack
1514,20,1500,0,1,0,0,64,6,80,normal,normal
60,20,40,0,1,0,0,128,6,4528,normal,normal
1047,20,1033,0,1,0,0,56,6,80,normal,normal
102,20,88,0,1,0,0,64,6,22,normal,normal
1514,20,1500,0,1,0,0,64,6,22,attack,attack
212,20,198,0,0,0,0,108,17,0,attack,attack
1514,20,1500,0,1,0,0,64,6,22,normal,normal
60,20,45,0,1,0,0,128,6,51723,normal,normal
60,20,40,0,1,0,0,56,6,80,normal,normal
126,20,112,0,1,0,0,128,6,2483,normal,normal
60,20,40,0,1,0,0,128,6,2195,attack,attack
1480,20,1466,0,0,0,0,111,17,0,attack,attack
67,20,53,0,0,0,0,111,17,0,attack,attack
60,20,40,0,1,0,0,128,6,1240,normal,normal
1514,20,1500,0,1,0,0,64,6,22,attack,attack
62,20,48,0,0,0,0,128,17,0,attack,attack
68,20,54,0,0,0,0,128,17,0,attack,attack
60,20,40,0,1,0,0,128,6,2296,attack,attack
86,20,72,0,1,0,0,63,6,22,attack,attack
1514,20,1500,0,1,0,0,63,6,22,normal,normal
60,20,40,0,1,0,0,63,6,22,attack,attack
212,20,198,0,0,0,0,112,17,0,attack,attack
1514,20,1500,0,1,0,0,107,6,48412,attack,attack
909,20,895,0,1,0,0,64,6,80,normal,normal
1314,20,1300,0,1,0,0,48,6,55123,attack,attack
212,20,198,0,0,0,0,105,17,0,attack,attack
1514,20,1500,0,1,0,0,48,6,80,normal,normal
134,20,120,0,1,0,0,64,6,22,normal,normal
1514,20,1500,0,1,0,0,41,6,80,normal,normal
70,20,56,0,1,0,0,128,6,4016,normal,normal
1434,20,1420,0,1,0,0,241,6,80,normal,normal
60,20,40,0,1,0,0,63,6,22,normal,normal
86,20,72,0,1,0,0,64,6,22,normal,normal
71,20,57,0,1,0,0,109,6,22,attack,attack
60,20,40,0,1,0,0,51,6,443,normal,normal
62,20,48,0,0,0,0,128,17,0,attack,attack
62,20,48,0,0,0,0,128,17,0,attack,attack
1163,20,1149,0,1,0,0,56,6,80,normal,normal
1514,20,1500,0,1,0,0,47,6,80,normal,normal
60,20,40,0,1,0,0,128,6,3019,normal,normal
1514,20,1500,0,1,0,0,64,6,22,normal,normal
1514,20,1500,0,1,0,0,64,6,22,normal,normal
1514,20,1500,0,1,0,0,41,6,80,normal,normal
60,20,40,0,1,0,0,128,6,4901,normal,normal
418,20,404,0,1,0,0,64,6,22,normal,normal
60,20,40,0,1,0,0,128,6,4532,normal,normal
60,20,40,0,0,0,0,128,6,2109,attack,attack
62,20,48,0,0,0,0,128,17,0,attack,attack
62,20,48,0,0,0,0,107,17,0,attack,attack
60,20,40,0,0,0,0,128,6,2109,attack,attack
60,20,40,0,1,0,0,128,6,1027,attack,attack
212,20,198,0,0,0,0,105,17,0,attack,attack
60,20,40,0,1,0,0,64,6,22,attack,attack
1514,20,1500,0,1,0,0,108,6,57421,attack,attack
212,20,198,0,0,0,0,105,17,0,attack,attack
60,20,40,0,1,0,0,128,6,51094,normal,normal
1514,20,1500,0,1,0,0,47,6,80,normal,normal
206,20,192,0,1,0,0,128,6,2104,attack,attack
110,20,96,0,1,0,0,128,6,4184,attack,attack
1514,20,1500,0,1,0,0,64,6,22,normal,normal
1434,20,1420,0,1,0,0,241,6,80,normal,normal
212,20,198,0,0,0,0,108,17,0,attack,attack
1514,20,1500,0,1,0,0,64,6,22,normal,normal
60,20,40,0,1,0,0,128,6,4788,normal,attack
62,20,48,0,1,0,0,63,6,22,normal,normal
60,20,40,0,1,0,0,128,6,59000,attack,attack
1514,20,1500,0,1,0,0,64,6,22,normal,normal
1514,20,1500,0,1,0,0,52,6,80,normal,normal
1514,20,1500,0,1,0,0,47,6,51413,attack,attack
362,20,348,0,0,0,0,45,17,0,attack,attack
822,20,808,0,1,0,0,64,6,22,attack,attack
1514,20,1500,0,1,0,0,63,6,22,normal,normal
60,20,40,0,1,0,0,64,6,22,normal,normal
62,20,48,0,0,0,0,128,17,0,attack,attack
559,20,545,0,0,0,0,108,17,0,attack,attack
1514,20,1500,0,1,0,0,107,6,48412,attack,attack
1434,20,1420,0,1,0,0,241,6,80,normal,normal
1514,20,1500,0,1,0,0,64,6,22,normal,attack
103,20,89,0,1,0,0,128,6,3019,normal,normal
1514,20,1500,0,1,0,0,41,6,80,normal,normal
62,20,48,0,0,0,0,128,17,0,attack,attack
1480,20,1466,0,0,0,0,117,17,0,attack,attack
60,20,40,0,1,0,0,64,6,22,normal,normal
60,20,40,0,1,0,0,128,6,2108,attack,attack
60,20,40,0,1,0,0,52,6,64277,attack,attack
62,20,48,0,0,0,0,128,17,0,attack,attack
362,20,348,0,0,0,0,110,17,0,attack,attack
60,20,40,0,1,0,0,128,6,1222,normal,normal
60,20,40,0,1,0,0,128,6,2296,attack,attack
60,20,40,0,1,0,0,128,6,59000,attack,attack
1480,20,1466,0,0,0,0,113,17,0,attack,attack
93,20,79,0,1,0,0,64,6,22,normal,normal
212,20,198,0,0,0,0,112,17,0,attack,attack
1514,20,1500,0,1,0,0,63,6,22,normal,normal
212,20,198,0,0,0,0,105,17,0,attack,attack
93,20,79,0,1,0,0,64,6,22,attack,attack
1480,20,1466,0,0,0,0,113,17,0,attack,attack
1514,20,1500,0,1,0,0,51,6,80,normal,normal
1514,20,1500,0,1,0,0,63,6,22,attack,attack
62,20,48,0,0,0,0,128,17,0,attack,attack
212,20,198,0,1,0,0,111,17,0,attack,attack
1480,20,1466,0,0,0,0,110,17,0,attack,attack
126,20,112,0,1,0,0,128,6,4177,normal,normal
60,20,40,0,1,0,0,41,6,80,normal,normal
1314,20,1300,0,1,0,0,48,6,55123,attack,attack
662,20,648,0,0,0,0,108,17,0,attack,attack
60,20,40,0,1,0,0,109,6,22,attack,attack
1514,20,1500,0,1,0,0,64,6,22,normal,normal
62,20,48,0,1,0,0,128,6,3098,normal,normal
1434,20,1420,0,1,0,0,241,6,80,normal,normal
93,20,79,0,1,0,0,63,6,22,normal,normal
566,20,552,0,0,0,0,47,6,51413,attack,attack
1434,20,1420,0,1,0,0,241,6,80,normal,normal
60,20,40,0,1,0,0,128,6,4495,normal,normal
362,20,348,0,0,0,0,45,17,0,attack,attack
1434,20,1420,0,1,0,0,241,6,80,normal,normal
822,20,808,0,1,0,0,63,6,22,normal,normal
662,20,648,0,0,0,0,112,17,0,attack,attack
102,20,88,0,1,0,0,128,6,2491,normal,normal
1480,20,1466,0,1,0,0,118,17,0,attack,attack
190,20,176,0,1,0,0,63,6,22,normal,normal
60,20,40,0,1,0,0,128,6,2114,attack,attack
60,20,40,0,1,0,0,128,6,2115,attack,attack
1514,20,1500,0,1,0,0,43,6,80,attack,attack
60,20,40,0,1,0,0,128,6,3160,normal,normal
1514,20,1500,0,1,0,0,64,6,80,normal,normal
93,20,79,0,1,0,0,63,6,22,normal,normal
72,20,58,0,1,0,0,64,6,110,normal,normal
60,20,40,0,1,0,0,128,6,2985,normal,normal
62,20,48,0,0,0,0,128,17,0,attack,attack
126,20,112,0,1,0,0,128,6,3929,normal,normal
1514,20,1500,0,1,0,0,63,6,22,normal,attack
1514,20,1500,0,1,0,0,64,6,22,normal,normal
80,20,66,0,1,0,0,128,6,2114,attack,attack
1514,20,1500,0,1,0,0,41,6,80,normal,normal
1514,20,1500,0,1,0,0,52,6,51413,attack,attack
62,20,48,0,1,0,0,64,6,22,normal,normal
60,20,40,0,1,0,0,128,6,1076,attack,attack
60,20,40,0,0,0,0,128,6,2141,attack,attack
62,20,48,0,1,0,0,63,6,22,normal,normal
1514,20,1500,0,1,0,0,63,6,22,attack,attack
1514,20,1500,0,1,0,0,63,6,22,attack,attack
212,20,198,0,0,0,0,112,17,0,attack,attack
221,20,207,0,1,0,0,55,6,80,normal,normal
1480,20,1466,0,0,0,0,118,17,0,attack,attack
117,20,103,0,1,0,0,128,6,4020,normal,normal
1514,20,1500,0,1,0,0,48,6,80,normal,normal
1078,20,1064,0,1,0,0,47,6,51413,attack,attack
1502,20,1488,0,1,0,0,50,6,80,normal,normal
60,20,40,0,1,0,0,63,6,22,normal,normal
62,20,48,0,0,0,0,128,17,0,attack,attack
60,20,40,0,1,0,0,128,6,2296,attack,attack
1514,20,1500,0,1,0,0,52,6,80,normal,normal
60,20,40,0,1,0,0,112,6,48544,attack,attack
1514,20,1500,0,1,0,0,63,6,22,normal,normal
1514,20,1500,0,1,0,0,54,6,80,normal,normal
1480,20,1466,0,0,0,0,107,17,0,attack,attack
1514,20,1500,0,1,0,0,63,6,22,normal,normal
112,20,98,0,1,0,0,128,6,1729,normal,normal
93,20,79,0,1,0,0,64,6,22,normal,normal
140,20,126,0,0,0,0,58,17,0,normal,normal
126,20,112,0,1,0,0,64,6,22,normal,normal
196,20,182,0,1,0,0,128,6,15864,normal,normal
60,20,40,0,1,0,0,128,6,3937,normal,normal
294,20,280,0,1,0,0,128,6,4892,normal,normal
1514,20,1500,0,1,0,0,54,6,80,normal,normal
126,20,112,0,1,0,0,64,6,22,normal,normal
62,20,48,0,0,0,0,128,17,0,attack,attack
1514,20,1500,0,1,0,0,63,6,22,normal,normal
60,20,40,0,1,0,0,128,6,3818,normal,normal
102,20,88,0,1,0,0,63,6,22,normal,normal
92,20,78,0,1,0,0,128,6,1230,normal,normal
60,20,40,0,1,0,0,63,6,22,normal,normal
362,20,348,0,0,0,0,111,17,0,attack,attack
1480,20,1466,0,0,0,0,109,17,0,attack,attack
1480,20,1466,0,0,0,0,111,17,0,attack,attack
1434,20,1420,0,1,0,0,241,6,80,normal,normal
86,20,72,0,1,0,0,64,6,22,attack,attack
1514,20,1500,0,1,0,0,64,6,22,attack,attack
1514,20,1500,0,1,0,0,64,6,22,attack,attack
126,20,112,0,1,0,0,63,6,22,normal,normal
60,20,40,0,1,0,0,64,6,22,attack,attack
86,20,72,0,1,0,0,64,6,22,normal,normal
60,20,40,0,1,0,0,128,6,3867,attack,attack
1514,20,1500,0,1,0,0,64,6,22,normal,normal
62,20,48,0,0,0,0,128,17,0,attack,attack
755,20,741,0,1,0,0,64,6,80,normal,normal
130,20,116,0,1,0,0,128,6,3114,normal,normal
60,20,40,0,1,0,0,128,6,4875,attack,attack
212,20,198,0,1,0,0,111,17,0,attack,attack
1514,20,1500,0,1,0,0,64,6,22,normal,normal
1514,20,1500,0,1,0,0,64,6,22,normal,normal
1434,20,1420,0,1,0,0,241,6,80,normal,normal
1514,20,1500,0,1,0,0,64,6,22,normal,normal
134,20,120,0,1,0,0,128,6,15842,attack,normal
60,20,40,0,1,0,0,128,6,4015,normal,normal
60,20,40,0,1,0,0,46,6,80,normal,normal
60,20,40,0,1,0,0,63,6,22,normal,normal
60,20,40,0,1,0,0,128,6,2401,normal,normal
1514,20,1500,0,1,0,0,64,6,22,normal,attack
60,20,40,0,1,0,0,128,6,16816,normal,normal
60,20,40,0,1,0,0,128,6,1734,normal,normal
93,20,79,0,1,0,0,63,6,22,normal,normal
60,20,40,0,1,0,0,128,6,2110,attack,attack
110,20,96,0,1,0,0,63,6,22,normal,attack
1514,20,1500,0,1,0,0,63,6,22,normal,attack
60,20,40,0,1,0,0,128,6,4501,normal,normal
63,20,49,0,1,0,0,64,6,110,attack,attack
62,20,48,0,0,0,0,128,17,0,attack,attack
212,20,198,0,0,0,0,105,17,0,attack,attack
1480,20,1466,0,0,0,0,111,17,0,attack,attack
62,20,48,0,0,0,0,128,17,0,attack,attack
60,20,40,0,1,0,0,128,6,1087,attack,attack
1480,20,1466,0,0,0,0,112,17,0,attack,attack
1514,20,1500,0,1,0,0,64,6,22,attack,attack
1514,20,1500,0,1,0,0,64,6,22,attack,attack
774,20,760,0,1,0,0,63,6,22,normal,normal
418,20,404,0,1,0,0,63,6,22,attack,attack
1514,20,1500,0,1,0,0,64,6,22,normal,normal
1514,20,1500,0,1,0,0,63,6,22,normal,normal
128,20,114,0,1,0,0,128,6,1724,normal,normal
1091,20,1077,0,1,0,0,45,6,51413,attack,attack
1480,20,1466,0,0,0,0,111,17,0,attack,attack
1514,20,1500,0,1,0,0,64,6,22,normal,attack
60,20,40,0,0,0,0,128,6,2120,attack,attack
97,20,83,0,0,0,0,128,17,0,attack,attack
92,20,78,0,1,0,0,128,6,2167,attack,attack
142,20,128,0,1,0,0,63,6,22,normal,normal
60,20,40,0,1,0,0,128,6,2309,attack,attack
1506,20,1492,0,1,0,0,112,6,35691,attack,attack
138,20,124,0,1,0,0,53,6,80,normal,normal
62,20,48,0,0,0,0,128,17,0,attack,attack
1414,20,1400,0,1,0,0,112,6,48544,attack,attack
662,20,648,0,0,0,0,108,17,0,attack,attack
60,20,40,0,1,0,0,128,6,3816,normal,normal
1514,20,1500,0,1,0,0,64,6,22,normal,normal
1434,20,1420,0,1,0,0,241,6,80,normal,normal
1514,20,1500,0,1,0,0,52,6,51413,attack,attack
882,20,868,0,1,0,0,63,6,22,normal,normal
1514,20,1500,0,1,0,0,106,6,27571,attack,attack
60,20,40,0,1,0,0,128,6,4550,normal,normal
62,20,48,0,1,0,0,128,6,1730,normal,normal
60,20,40,0,1,0,0,128,6,16816,normal,normal
1514,20,1500,0,1,0,0,63,6,22,normal,attack
134,20,120,0,0,0,0,58,17,0,normal,normal
110,20,96,0,1,0,0,128,6,4492,normal,normal
1514,20,1500,0,1,0,0,41,6,80,normal,normal
109,20,95,0,0,0,0,128,17,0,attack,attack
1514,20,1500,0,1,0,0,63,6,22,normal,normal
60,20,40,0,1,0,0,128,6,1729,normal,normal
425,20,411,0,1,0,0,241,6,80,normal,normal
1434,20,1420,0,1,0,0,241,6,80,normal,normal
1434,20,1420,0,1,0,0,241,6,80,normal,normal
1514,20,1500,0,1,0,0,64,6,22,attack,attack
86,20,72,0,1,0,0,64,6,22,normal,normal
1514,20,1500,0,1,0,0,47,6,6969,attack,attack
212,20,198,0,0,0,0,112,17,0,attack,attack
86,20,72,0,1,0,0,255,17,0,attack,attack
1514,20,1500,0,1,0,0,64,6,22,attack,attack
212,20,198,0,0,0,0,108,17,0,attack,attack
74,20,60,0,1,0,0,128,6,1729,normal,normal
62,20,48,0,0,0,0,128,17,0,attack,attack
1514,20,1500,0,1,0,0,63,6,22,normal,normal
60,20,40,0,1,0,0,128,6,4544,normal,normal
1514,20,1500,0,1,0,0,64,6,22,normal,normal
110,20,96,0,1,0,0,128,6,3931,normal,normal
126,20,112,0,1,0,0,128,6,3933,normal,normal
62,20,48,0,1,0,0,64,6,22,normal,normal
60,20,40,0,1,0,0,128,6,3818,normal,normal
60,20,40,0,1,0,0,128,6,4521,normal,normal
774,20,760,0,1,0,0,63,6,22,attack,attack
1514,20,1500,0,1,0,0,64,6,22,normal,normal
1514,20,1500,0,1,0,0,64,6,22,normal,normal
62,20,48,0,1,0,0,41,6,80,attack,attack
212,20,198,0,0,0,0,112,17,0,attack,attack
449,20,435,0,1,0,0,128,6,2377,attack,attack
1514,20,1500,0,1,0,0,63,6,22,attack,attack
60,20,40,0,1,0,0,128,6,3019,normal,normal
138,20,124,0,1,0,0,128,6,2985,normal,normal
62,20,48,0,0,0,0,128,17,0,attack,attack
60,20,40,0,1,0,0,128,6,3831,normal,normal
60,20,40,0,1,0,0,64,6,22,attack,attack
418,20,404,0,1,0,0,64,6,22,normal,normal
1480,20,1466,0,0,0,0,107,17,0,attack,attack
566,20,552,0,0,0,0,47,6,51413,attack,attack
590,20,576,0,0,0,0,108,6,51884,attack,attack
662,20,648,0,0,0,0,110,17,0,attack,attack
1480,20,1466,0,0,0,0,115,17,0,attack,attack
126,20,112,0,1,0,0,63,6,22,normal,normal
60,20,40,0,0,0,0,128,6,2120,attack,attack
60,20,40,0,1,0,0,128,6,1734,normal,normal
212,20,198,0,0,0,0,106,17,0,attack,attack
362,20,348,0,0,0,0,109,17,0,attack,attack
98,20,84,0,1,0,0,52,6,51413,attack,attack
62,20,48,0,0,0,0,128,17,0,attack,attack
60,20,40,0,1,0,0,63,6,22,normal,normal
94,20,80,0,1,0,0,128,6,2402,normal,normal
80,20,66,0,1,0,0,128,6,2328,attack,attack
1514,20,1500,0,1,0,0,43,6,80,normal,normal
60,20,40,0,1,0,0,41,6,80,attack,attack
60,20,40,0,1,0,0,64,6,22,normal,normal
294,20,280,0,1,0,0,128,6,59000,attack,attack
1434,20,1420,0,1,0,0,241,6,80,normal,normal
60,20,44,0,1,0,0,240,6,80,normal,normal
60,20,40,0,1,0,0,128,6,4186,normal,normal
60,20,40,0,1,0,0,128,6,2374,attack,attack
110,20,96,0,1,0,0,128,6,4177,normal,normal
418,20,404,0,1,0,0,63,6,22,normal,normal
1514,20,1500,0,1,0,0,41,6,80,normal,normal
1514,20,1500,0,1,0,0,46,6,80,normal,normal
418,20,404,0,1,0,0,64,6,22,normal,normal
157,20,143,0,1,0,0,128,6,1027,attack,attack
1514,20,1500,0,1,0,0,52,6,80,normal,normal
1514,20,1500,0,1,0,0,64,6,22,normal,normal
60,20,40,0,1,0,0,63,6,110,normal,normal
60,20,40,0,1,0,0,128,6,2115,attack,attack
118,20,104,0,1,0,0,63,6,22,normal,normal
60,20,40,0,1,0,0,128,6,2985,normal,normal
60,20,40,0,1,0,0,128,6,1229,normal,normal
1254,20,1240,0,1,0,0,50,6,80,normal,normal
60,20,40,0,1,0,0,128,6,1724,normal,normal
62,20,48,0,0,0,0,128,17,0,attack,attack
134,20,120,0,1,0,0,63,6,22,normal,normal
102,20,88,0,1,0,0,64,6,22,normal,normal
1434,20,1420,0,1,0,0,241,6,80,normal,normal
1514,20,1500,0,1,0,0,64,6,22,attack,attack
1480,20,1466,0,0,0,0,107,17,0,attack,attack
1514,20,1500,0,1,0,0,64,6,22,normal,normal
60,20,40,0,1,0,0,128,6,15841,normal,normal
1514,20,1500,0,1,0,0,64,6,22,attack,attack
100,20,86,0,1,0,0,128,6,3019,normal,normal
1484,20,1470,0,0,0,0,55,6,80,normal,normal
60,20,40,0,1,0,0,128,6,3822,normal,normal
60,20,40,0,1,0,0,128,6,59000,attack,attack
1262,20,1248,0,0,0,0,110,17,0,attack,attack
60,20,40,0,1,0,0,128,6,2367,attack,attack
62,20,48,0,0,0,0,128,17,0,attack,attack
1514,20,1500,0,1,0,0,64,6,22,normal,normal
590,20,576,0,0,0,0,113,6,6880,attack,attack
60,20,40,0,1,0,0,128,6,2984,normal,normal
1514,20,1500,0,1,0,0,63,6,22,normal,normal
62,20,48,0,0,0,0,128,17,0,attack,attack
60,20,40,0,1,0,0,63,6,22,normal,normal
1514,20,1500,0,1,0,0,54,6,80,normal,normal
1514,20,1500,0,1,0,0,63,6,22,attack,attack
60,20,40,0,1,0,0,128,6,2131,attack,attack
212,20,198,0,0,0,0,112,17,0,attack,attack
1434,20,1420,0,1,0,0,241,6,80,normal,normal
1514,20,1500,0,1,0,0,63,6,22,normal,normal
1480,20,1466,0,0,0,0,111,17,0,attack,attack
1514,20,1500,0,1,0,0,47,6,6969,attack,attack
1506,20,1492,0,1,0,0,109,6,26076,attack,attack
62,20,48,0,0,0,0,128,17,0,attack,attack
1514,20,1500,0,1,0,0,63,6,22,normal,normal
1514,20,1500,0,1,0,0,64,6,22,normal,attack
62,20,48,0,0,0,0,128,17,0,attack,attack
60,20,40,0,1,0,0,128,6,4497,normal,normal
126,20,112,0,1,0,0,63,6,22,attack,normal
1514,20,1500,0,1,0,0,64,6,22,normal,normal
62,20,48,0,0,0,0,45,17,0,attack,attack
1434,20,1420,0,1,0,0,102,6,80,normal,attack
1514,20,1500,0,1,0,0,63,6,22,normal,normal
1514,20,1500,0,1,0,0,63,6,22,normal,normal
60,20,40,0,1,0,0,128,6,2296,attack,attack
62,20,48,0,0,0,0,128,17,0,attack,attack
102,20,88,0,1,0,0,128,6,3860,attack,attack
1514,20,1500,0,1,0,0,63,6,22,normal,normal
62,20,48,0,0,0,0,128,17,0,attack,attack
60,0,0,0,0,0,0,0,0,0,attack,attack
60,20,40,0,1,0,0,64,6,22,normal,normal
60,20,40,0,1,0,0,128,6,3007,normal,normal
60,20,40,0,1,0,0,128,6,1729,normal,normal
1514,20,1500,0,1,0,0,63,6,22,normal,normal
1514,20,1500,0,1,0,0,47,6,51413,attack,attack
1514,20,1500,0,1,0,0,107,6,48412,attack,attack
838,20,824,0,1,0,0,64,6,22,normal,normal
861,20,847,0,0,0,0,111,17,0,attack,attack
1480,20,1466,0,0,0,0,105,17,0,attack,attack
133,20,119,0,1,0,0,109,6,22,attack,attack
1514,20,1500,0,1,0,0,63,6,22,normal,attack
60,20,40,0,1,0,0,128,6,1077,attack,attack
545,20,531,0,0,0,0,58,17,0,normal,normal
1514,20,1500,0,1,0,0,64,6,22,normal,normal
60,20,40,0,1,0,0,128,6,3094,normal,normal
62,20,48,0,0,0,0,128,17,0,attack,attack
97,20,83,0,0,0,0,128,17,0,attack,attack
142,20,128,0,1,0,0,63,6,22,normal,normal
1514,20,1500,0,1,0,0,64,6,22,normal,normal
62,20,48,0,0,0,0,128,17,0,attack,attack
60,20,40,0,1,0,0,128,6,3171,normal,normal
93,20,79,0,1,0,0,64,6,22,attack,attack
62,20,48,0,0,0,0,128,17,0,attack,attack
1514,20,1500,0,1,0,0,45,6,80,normal,normal
60,20,40,0,1,0,0,128,6,15841,normal,normal
1480,20,1466,0,0,0,0,110,17,0,attack,attack
774,20,760,0,1,0,0,64,6,22,attack,attack
418,20,404,0,1,0,0,64,6,22,normal,normal
774,20,760,0,1,0,0,63,6,22,normal,normal
62,20,48,0,0,0,0,128,17,0,attack,attack
126,20,112,0,1,0,0,128,6,2167,attack,attack
1434,20,1420,0,1,0,0,102,6,80,attack,attack
1480,20,1466,0,0,0,0,111,17,0,attack,attack
60,20,40,0,0,0,0,128,6,2109,attack,attack
60,20,40,0,1,0,0,128,6,59000,attack,attack
60,20,40,0,1,0,0,128,6,51063,normal,normal
62,20,48,0,1,0,0,128,6,1745,normal,normal
1514,20,1500,0,1,0,0,64,6,22,normal,normal
680,20,666,0,1,0,0,56,6,80,normal,normal
60,20,40,0,1,0,0,128,6,4181,normal,normal
838,20,824,0,1,0,0,63,6,22,normal,normal
212,20,198,0,0,0,0,112,17,0,attack,attack
60,20,40,0,1,0,0,128,6,4875,attack,attack
60,20,40,0,1,0,0,128,6,4876,attack,attack
60,20,40,0,1,0,0,128,6,4026,normal,normal
60,20,40,0,1,0,0,128,6,1725,normal,normal
1514,20,1500,0,1,0,0,63,6,22,attack,attack
362,20,348,0,0,0,0,110,17,0,attack,attack
60,20,40,0,1,0,0,128,6,4504,normal,normal
566,20,552,0,0,0,0,47,6,51413,attack,attack
1514,20,1500,0,1,0,0,63,6,22,attack,attack
1514,20,1500,0,1,0,0,64,6,22,attack,attack
126,20,112,0,1,0,0,64,6,22,normal,normal
1514,20,1500,0,1,0,0,63,6,22,normal,normal
62,20,48,0,0,0,0,128,17,0,attack,attack
93,20,79,0,1,0,0,63,6,22,normal,normal
1480,20,1466,0,0,0,0,106,17,0,attack,attack
60,20,40,0,1,0,0,128,6,4545,normal,normal
1514,20,1500,0,1,0,0,63,6,22,normal,normal
1514,20,1500,0,1,0,0,64,6,22,normal,normal
62,20,48,0,0,0,0,128,17,0,attack,attack
110,20,96,0,1,0,0,63,6,22,attack,attack
60,20,40,0,1,0,0,64,6,22,attack,attack
62,20,48,0,1,0,0,41,6,80,attack,attack
60,20,40,0,1,0,0,64,6,22,normal,normal
113,20,99,0,1,0,0,128,6,4497,normal,normal
62,20,48,0,0,0,0,111,17,0,attack,attack
662,20,648,0,0,0,0,111,17,0,attack,attack
1434,20,1420,0,1,0,0,102,6,80,attack,attack
566,20,552,0,0,0,0,47,6,51413,attack,attack
212,20,198,0,0,0,0,112,17,0,attack,attack
60,20,40,0,1,0,0,128,6,2131,attack,attack
1514,20,1500,0,1,0,0,63,6,22,normal,attack
62,20,48,0,1,0,0,128,6,2377,attack,attack
1514,20,1500,0,1,0,0,52,6,80,normal,normal
60,20,40,0,1,0,0,128,6,2106,attack,attack
62,20,48,0,0,0,0,107,17,0,attack,attack
60,20,40,0,1,0,0,128,6,2917,attack,attack
1480,20,1466,0,1,0,0,117,17,0,attack,attack
1514,20,1500,0,1,0,0,63,6,22,normal,normal
1514,20,1500,0,1,0,0,52,6,80,normal,normal
1514,20,1500,0,1,0,0,41,6,80,normal,normal
212,20,198,0,0,0,0,105,17,0,attack,attack
60,20,40,0,1,0,0,128,6,1731,normal,normal
1434,20,1420,0,1,0,0,241,6,80,normal,normal
60,20,40,0,1,0,0,128,6,2367,attack,attack
60,20,40,0,1,0,0,63,6,22,normal,normal
362,20,348,0,0,0,0,45,17,0,attack,attack
115,20,101,0,0,0,0,128,17,0,attack,attack
1514,20,1500,0,1,0,0,63,6,22,normal,normal
1514,20,1500,0,1,0,0,63,6,22,attack,attack
118,20,104,0,1,0,0,63,6,22,normal,normal
838,20,824,0,1,0,0,64,6,22,attack,attack
1480,20,1466,0,0,0,0,111,17,0,attack,attack
1480,20,1466,0,1,0,0,110,17,0,attack,attack
212,20,198,0,0,0,0,112,17,0,attack,attack
62,20,48,0,0,0,0,128,17,0,attack,attack
60,20,40,0,1,0,0,128,6,4869,normal,attack
62,20,48,0,0,0,0,128,17,0,attack,attack
391,20,377,0,1,0,0,106,6,27571,attack,attack
1514,20,1500,0,1,0,0,63,6,22,normal,normal
1514,20,1500,0,1,0,0,63,6,22,normal,normal
1514,20,1500,0,1,0,0,63,6,22,normal,normal
1480,20,1466,0,0,0,0,111,17,0,attack,attack
945,20,931,0,1,0,0,41,6,80,attack,attack
60,20,40,0,1,0,0,241,6,80,normal,normal
1514,20,1500,0,1,0,0,63,6,22,normal,normal
1434,20,1420,0,1,0,0,102,6,80,attack,attack
1502,20,1488,0,1,0,0,50,6,80,normal,normal
110,20,96,0,1,0,0,128,6,2481,normal,normal
1414,20,1400,0,1,0,0,112,6,48544,attack,attack
60,20,40,0,1,0,0,128,6,3019,normal,normal
60,20,40,0,1,0,0,128,6,4506,normal,normal
60,20,40,0,1,0,0,64,6,22,normal,normal
62,20,48,0,0,0,0,128,17,0,attack,attack
60,20,40,0,1,0,0,63,6,22,attack,normal
559,20,545,0,0,0,0,108,17,0,attack,attack
62,20,48,0,0,0,0,128,17,0,attack,attack
1514,20,1500,0,1,0,0,64,6,22,normal,normal
212,20,198,0,0,0,0,112,17,0,attack,attack
1514,20,1500,0,1,0,0,64,6,22,normal,normal
1514,20,1500,0,1,0,0,64,6,22,normal,normal
1262,20,1248,0,0,0,0,105,17,0,attack,attack
62,20,48,0,0,0,0,106,17,0,attack,attack
60,20,40,0,1,0,0,128,6,3023,normal,normal
1514,20,1500,0,1,0,0,52,6,80,normal,normal
1514,20,1500,0,1,0,0,63,6,22,attack,attack
62,20,48,0,0,0,0,128,17,0,attack,attack
1514,20,1500,0,1,0,0,49,6,80,normal,normal
662,20,648,0,0,0,0,111,17,0,attack,attack
662,20,648,0,0,0,0,108,17,0,attack,attack
212,20,198,0,0,0,0,105,17,0,attack,attack
662,20,648,0,0,0,0,108,17,0,attack,attack
60,20,40,0,1,0,0,128,6,4525,normal,normal
142,20,128,0,1,0,0,63,6,22,attack,attack
1506,20,1492,0,1,0,0,45,6,51413,attack,attack
60,20,40,0,1,0,0,128,6,1724,normal,normal
60,20,40,0,1,0,0,128,6,3021,normal,normal
1514,20,1500,0,1,0,0,41,6,80,normal,normal
1514,20,1500,0,1,0,0,41,6,80,normal,normal
60,20,40,0,1,0,0,128,6,4524,normal,normal
62,20,48,0,1,0,0,128,6,1225,normal,normal
62,20,48,0,0,0,0,128,17,0,attack,attack
362,20,348,0,0,0,0,110,17,0,attack,attack
1514,20,1500,0,1,0,0,63,6,22,attack,attack
60,20,40,0,1,0,0,128,6,2985,normal,normal
1514,20,1500,0,1,0,0,63,6,22,normal,normal
418,20,404,0,1,0,0,64,6,22,normal,normal
1514,20,1500,0,1,0,0,64,6,22,normal,normal
662,20,648,0,0,0,0,108,17,0,attack,attack
1480,20,1466,0,1,0,0,111,17,0,attack,attack
1514,20,1500,0,1,0,0,64,6,22,normal,normal
1514,20,1500,0,1,0,0,63,6,22,normal,normal
60,20,40,0,1,0,0,64,6,22,normal,normal
60,20,40,0,1,0,0,128,6,51061,normal,normal
1514,20,1500,0,1,0,0,64,6,22,normal,normal
62,20,48,0,0,0,0,128,17,0,attack,attack
60,20,40,0,1,0,0,128,6,4493,normal,normal
60,20,40,0,1,0,0,128,6,1093,attack,attack
1480,20,1466,0,0,0,0,107,17,0,attack,attack
62,20,48,0,0,0,0,128,17,0,attack,attack
212,20,198,0,0,0,0,112,17,0,attack,attack
68,20,54,0,0,0,0,128,17,0,attack,attack
62,20,48,0,0,0,0,128,17,0,attack,attack
206,20,192,0,1,0,0,128,6,59002,attack,attack
1514,20,1500,0,1,0,0,108,6,57421,attack,attack
62,20,48,0,0,0,0,128,17,0,attack,attack
60,20,40,0,1,0,0,63,6,22,normal,normal
60,20,40,0,1,0,0,45,6,51413,attack,attack
60,20,40,0,1,0,0,128,6,2131,attack,attack
60,20,40,0,1,0,0,128,6,58999,attack,attack
62,20,48,0,0,0,0,128,17,0,attack,attack
1514,20,1500,0,1,0,0,48,6,80,normal,normal
1514,20,1500,0,1,0,0,63,6,22,normal,normal
212,20,198,0,0,0,0,112,17,0,attack,attack
60,20,40,0,1,0,0,63,6,22,normal,normal
62,20,48,0,0,0,0,128,17,0,attack,attack
60,20,40,0,1,0,0,128,6,1729,normal,normal
102,20,88,0,1,0,0,63,6,22,attack,attack
62,20,48,0,0,0,0,128,17,0,attack,attack
1434,20,1420,0,1,0,0,241,6,80,normal,normal
1494,20,1480,0,1,0,0,109,6,22,attack,attack
1434,20,1420,0,1,0,0,241,6,80,normal,normal
418,20,404,0,1,0,0,63,6,22,normal,normal
212,20,198,0,0,0,0,112,17,0,attack,attack
62,20,48,0,0,0,0,128,17,0,attack,attack
1262,20,1248,0,1,0,0,117,17,0,attack,attack
60,20,40,0,1,0,0,128,6,2110,attack,attack
60,20,40,0,1,0,0,128,6,3105,normal,normal
62,20,48,0,0,0,0,128,17,0,attack,attack
92,20,78,0,1,0,0,128,6,15843,normal,normal
126,20,112,0,1,0,0,63,6,22,normal,normal
243,20,229,0,0,0,0,47,6,51413,attack,attack
212,20,198,0,0,0,0,112,17,0,attack,attack
662,20,648,0,0,0,0,108,17,0,attack,attack
102,20,88,0,1,0,0,64,6,22,normal,normal
1514,20,1500,0,1,0,0,64,6,22,normal,normal
590,20,576,0,0,0,0,113,6,6880,attack,attack
259,20,245,0,0,0,0,112,17,0,attack,attack
60,20,40,0,0,0,0,128,6,2141,attack,attack
60,20,40,0,1,0,0,128,6,2985,normal,normal
62,20,48,0,0,0,0,128,17,0,attack,attack
1434,20,1420,0,1,0,0,241,6,80,normal,normal
72,20,58,0,1,0,0,63,6,110,attack,attack
1514,20,1500,0,1,0,0,45,6,80,attack,attack
206,20,192,0,1,0,0,128,6,2099,attack,attack
68,20,54,0,0,0,0,128,17,0,attack,attack
1514,20,1500,0,1,0,0,63,6,22,attack,attack
1480,20,1466,0,0,0,0,113,17,0,attack,attack
110,20,96,0,1,0,0,64,6,22,attack,attack
86,20,72,0,1,0,0,64,6,22,normal,normal
1514,20,1500,0,1,0,0,63,6,22,normal,normal
60,20,40,0,1,0,0,64,6,22,normal,normal
62,20,48,0,1,0,0,110,17,0,attack,attack
60,20,40,0,1,0,0,128,6,3171,normal,normal
60,20,40,0,1,0,0,128,6,3823,normal,normal
1514,20,1500,0,1,0,0,52,6,80,normal,normal
62,20,48,0,0,0,0,128,17,0,attack,attack
1078,20,1064,0,1,0,0,52,6,51413,attack,attack
71,20,57,0,1,0,0,48,6,55123,attack,attack
1434,20,1420,0,1,0,0,241,6,80,normal,normal
1514,20,1500,0,1,0,0,51,6,80,normal,normal
1434,20,1420,0,1,0,0,241,6,80,normal,normal
60,20,40,0,1,0,0,128,6,2048,attack,attack
662,20,648,0,0,0,0,108,17,0,attack,attack
325,20,311,0,1,0,0,41,6,80,normal,normal
62,20,48,0,0,0,0,128,17,0,attack,attack
1506,20,1492,0,1,0,0,109,6,26076,attack,attack
62,20,48,0,1,0,0,41,6,80,attack,attack
1514,20,1500,0,1,0,0,63,6,22,normal,normal
1480,20,1466,0,0,0,0,111,17,0,attack,attack
60,20,40,0,0,0,0,128,6,2109,attack,attack
1506,20,1492,0,1,0,0,109,6,26076,attack,attack
142,20,128,0,1,0,0,63,6,22,normal,normal
60,20,40,0,1,0,0,64,6,22,attack,attack
177,20,163,0,0,0,0,58,17,0,normal,normal
60,20,40,0,1,0,0,128,6,4546,normal,normal
134,20,120,0,1,0,0,63,6,22,normal,normal
118,20,104,0,1,0,0,63,6,22,normal,normal
165,20,151,0,1,0,0,128,6,4947,attack,attack
1506,20,1492,0,1,0,0,112,6,35691,attack,attack
88,20,74,0,0,0,0,128,17,0,attack,attack
60,20,40,0,1,0,0,128,6,1729,normal,normal
60,20,40,0,1,0,0,128,6,51072,normal,normal
362,20,348,0,0,0,0,108,17,0,attack,attack
1514,20,1500,0,1,0,0,63,6,22,normal,normal
259,20,245,0,0,0,0,112,17,0,attack,attack
60,20,40,0,1,0,0,63,6,22,normal,normal
1514,20,1500,0,1,0,0,49,6,80,normal,normal
60,20,40,0,1,0,0,63,6,22,normal,normal
212,20,198,0,0,0,0,106,17,0,attack,attack
62,20,48,0,1,0,0,109,6,26076,attack,attack
70,20,56,0,1,0,0,128,6,15839,normal,normal
1514,20,1500,0,1,0,0,63,6,80,normal,normal
62,20,48,0,1,0,0,64,6,22,attack,attack
1514,20,1500,0,1,0,0,47,6,80,normal,normal
341,20,327,0,1,0,0,128,6,139,attack,attack
1514,20,1500,0,1,0,0,63,6,22,normal,normal
1514,20,1500,0,1,0,0,64,6,22,attack,attack
1514,20,1500,0,1,0,0,64,6,22,normal,normal
60,20,40,0,1,0,0,128,6,4181,normal,normal
212,20,198,0,0,0,0,112,17,0,attack,attack
161,20,147,0,0,0,0,58,17,0,normal,normal
1514,20,1500,0,1,0,0,64,6,22,normal,normal
62,20,48,0,1,0,0,128,6,3070,normal,normal
62,20,48,0,0,0,0,128,17,0,attack,attack
60,20,40,0,1,0,0,128,6,4015,normal,normal
1514,20,1500,0,1,0,0,64,6,22,normal,normal
208,20,194,0,1,0,0,128,6,4025,normal,normal
294,20,280,0,1,0,0,128,6,2919,attack,attack
62,20,48,0,1,0,0,63,6,22,normal,normal
60,20,40,0,1,0,0,128,6,2367,attack,attack
1514,20,1500,0,1,0,0,52,6,80,normal,normal
662,20,648,0,0,0,0,108,17,0,attack,attack
1514,20,1500,0,1,0,0,49,6,80,normal,normal
60,20,40,0,1,0,0,128,6,2114,attack,attack
62,20,48,0,0,0,0,128,17,0,attack,attack
212,20,198,0,0,0,0,112,17,0,attack,attack
110,20,96,0,1,0,0,128,6,4498,normal,normal
1514,20,1500,0,1,0,0,43,6,80,normal,normal
1514,20,1500,0,1,0,0,63,6,22,normal,normal
1514,20,1500,0,1,0,0,63,6,22,normal,normal
1514,20,1500,0,1,0,0,64,6,22,normal,attack
60,20,46,0,1,0,0,128,6,51099,normal,normal
662,20,648,0,0,0,0,105,17,0,attack,attack
380,20,366,0,1,0,0,56,6,80,normal,normal
212,20,198,0,0,0,0,112,17,0,attack,attack
94,20,80,0,1,0,0,128,6,4018,normal,normal
1514,20,1500,0,1,0,0,64,6,22,normal,attack
88,20,74,0,0,0,0,128,17,0,attack,attack
60,20,40,0,1,0,0,128,6,2090,attack,attack
142,20,128,0,1,0,0,63,6,22,normal,attack
110,20,96,0,1,0,0,128,6,4897,normal,normal
418,20,404,0,1,0,0,64,6,22,normal,normal
110,20,96,0,1,0,0,64,6,22,normal,normal
1514,20,1500,0,1,0,0,64,6,22,attack,attack
1514,20,1500,0,1,0,0,64,6,22,attack,attack
60,20,40,0,0,0,0,128,6,2141,attack,attack
60,20,40,0,1,0,0,63,6,22,normal,normal
1514,20,1500,0,1,0,0,107,6,48412,attack,attack
1514,20,1500,0,1,0,0,63,6,22,attack,attack
62,20,48,0,1,0,0,109,6,26076,attack,attack
110,20,96,0,1,0,0,64,6,22,normal,normal
94,20,80,0,1,0,0,128,6,58993,attack,attack
60,20,40,0,1,0,0,128,6,2354,attack,attack
60,0,0,0,0,0,0,0,0,0,normal,normal
60,20,40,0,1,0,0,128,6,4015,normal,normal
1514,20,1500,0,1,0,0,41,6,80,attack,attack
1213,20,1199,0,1,0,0,56,6,80,normal,normal
1514,20,1500,0,1,0,0,41,6,80,normal,normal
1480,20,1466,0,0,0,0,111,17,0,attack,attack
1514,20,1500,0,1,0,0,63,6,22,normal,normal
62,20,48,0,0,0,0,128,17,0,attack,attack
62,20,48,0,0,0,0,128,17,0,attack,attack
1480,20,1466,0,0,0,0,45,17,0,attack,attack
60,20,40,0,1,0,0,64,6,22,attack,attack
60,20,40,0,1,0,0,128,6,1724,normal,normal
1514,20,1500,0,1,0,0,63,6,80,normal,normal
60,20,40,0,1,0,0,128,6,1729,normal,normal
1514,20,1500,0,1,0,0,64,6,22,normal,normal
150,20,136,0,1,0,0,128,6,1232,normal,normal
1514,20,1500,0,1,0,0,54,6,80,normal,normal
166,20,152,0,1,0,0,128,6,1041,attack,attack
62,20,48,0,0,0,0,128,17,0,attack,attack
60,20,40,0,1,0,0,128,6,3094,normal,normal
1480,20,1466,0,0,0,0,111,17,0,attack,attack
66,20,52,0,1,0,0,64,6,50997,attack,attack
86,20,72,0,1,0,0,63,6,22,attack,attack
60,20,40,0,1,0,0,128,6,4487,normal,normal
299,20,285,0,1,0,0,48,6,80,normal,normal
60,20,40,0,1,0,0,128,6,59000,attack,attack
1514,20,1500,0,1,0,0,45,6,80,normal,normal
62,20,48,0,0,0,0,128,17,0,attack,attack
60,20,40,0,1,0,0,64,6,22,attack,attack
94,20,80,0,1,0,0,63,6,22,normal,normal
1514,20,1500,0,1,0,0,63,6,22,normal,normal
62,20,48,0,1,0,0,109,6,26076,attack,attack
60,20,40,0,1,0,0,43,6,80,normal,normal
92,20,78,0,1,0,0,128,6,58995,attack,attack
62,20,48,0,1,0,0,63,6,22,attack,attack
62,20,48,0,0,0,0,128,17,0,attack,attack
60,20,40,0,1,0,0,64,6,22,normal,normal
206,20,192,0,1,0,0,128,6,1718,normal,normal
60,20,40,0,1,0,0,128,6,2986,normal,normal
1480,20,1466,0,0,0,0,107,17,0,attack,attack
1480,20,1466,0,0,0,0,109,17,0,attack,attack
1514,20,1500,0,1,0,0,64,6,22,normal,normal
1514,20,1500,0,1,0,0,63,6,22,normal,normal
1262,20,1248,0,0,0,0,45,17,0,attack,attack
1514,20,1500,0,1,0,0,64,6,22,attack,attack
362,20,348,0,0,0,0,110,17,0,attack,attack
62,20,48,0,1,0,0,56,6,80,normal,normal
1494,20,1480,0,1,0,0,109,6,22,attack,attack
1514,20,1500,0,1,0,0,64,6,22,normal,normal
165,20,151,0,1,0,0,128,6,4959,attack,attack
590,20,576,0,0,0,0,108,6,51884,attack,attack
1514,20,1500,0,1,0,0,64,6,22,attack,attack
838,20,824,0,1,0,0,64,6,22,attack,attack
62,20,48,0,0,0,0,128,17,0,attack,attack
1514,20,1500,0,1,0,0,53,6,80,normal,normal
103,20,89,0,1,0,0,52,6,25,attack,attack
212,20,198,0,0,0,0,112,17,0,attack,attack
92,20,78,0,1,0,0,128,6,51067,normal,normal
118,20,104,0,1,0,0,63,6,22,normal,normal
62,20,48,0,1,0,0,56,6,80,normal,normal
60,20,40,0,1,0,0,128,6,15851,normal,normal
60,20,40,0,1,0,0,128,6,4499,normal,normal
1514,20,1500,0,1,0,0,41,6,80,normal,normal
126,20,112,0,1,0,0,64,6,22,normal,normal
62,20,48,0,0,0,0,128,17,0,attack,attack
60,20,40,0,1,0,0,128,6,2328,attack,attack
60,20,40,0,1,0,0,128,6,2354,attack,attack
60,20,40,0,1,0,0,128,6,2401,normal,normal
362,20,348,0,0,0,0,45,17,0,attack,attack
60,20,40,0,0,0,0,128,6,2109,attack,attack
1254,20,1240,0,1,0,0,50,6,80,normal,normal
212,20,198,0,0,0,0,112,17,0,attack,attack
590,20,576,0,1,0,0,113,6,80,attack,attack
1434,20,1420,0,1,0,0,241,6,80,normal,normal
60,20,40,0,1,0,0,128,6,2115,attack,attack
566,20,552,0,0,0,0,47,6,51413,attack,attack
1506,20,1492,0,1,0,0,109,6,26076,attack,attack
1514,20,1500,0,1,0,0,52,6,80,normal,normal
1514,20,1500,0,1,0,0,52,6,80,normal,normal
60,20,40,0,1,0,0,128,6,2195,attack,attack
1434,20,1420,0,1,0,0,241,6,80,normal,normal
1514,20,1500,0,1,0,0,63,6,22,attack,attack
1514,20,1500,0,1,0,0,64,6,22,normal,normal
1514,20,1500,0,1,0,0,63,6,22,normal,normal
1514,20,1500,0,1,0,0,54,6,80,normal,normal
141,20,127,0,0,0,0,128,17,0,attack,attack
1480,20,1466,0,0,0,0,111,17,0,attack,attack
93,20,79,0,1,0,0,64,6,22,attack,attack
60,20,40,0,1,0,0,56,6,80,normal,normal
861,20,847,0,0,0,0,105,17,0,attack,attack
60,20,40,0,1,0,0,128,6,1717,normal,normal
98,20,84,0,0,0,0,128,6,2109,attack,attack
60,20,40,0,1,0,0,128,6,2110,attack,attack
1480,20,1466,0,1,0,0,111,17,0,attack,attack
62,20,48,0,1,0,0,41,6,80,attack,attack
60,20,40,0,1,0,0,56,6,80,normal,normal
62,20,48,0,0,0,0,128,17,0,attack,attack
1480,20,1466,0,0,0,0,111,17,0,attack,attack
1514,20,1500,0,1,0,0,64,6,22,normal,normal
60,20,40,0,1,0,0,128,6,3866,normal,attack
1514,20,1500,0,1,0,0,63,6,22,normal,normal
62,20,48,0,0,0,0,128,17,0,attack,attack
68,20,54,0,0,0,0,128,17,0,attack,attack
1514,20,1500,0,1,0,0,63,6,22,normal,normal
60,20,40,0,1,0,0,128,6,4869,attack,attack
403,20,389,0,1,0,0,54,6,80,normal,normal
212,20,198,0,0,0,0,107,17,0,attack,attack
60,20,40,0,1,0,0,64,6,22,normal,normal
1514,20,1500,0,1,0,0,63,6,22,attack,attack
566,20,552,0,0,0,0,47,6,51413,attack,attack
212,20,198,0,0,0,0,45,17,0,attack,attack
60,20,40,0,1,0,0,128,6,2131,attack,attack
60,20,40,0,1,0,0,64,6,22,normal,normal
110,20,96,0,1,0,0,128,6,3165,normal,normal
1514,20,1500,0,1,0,0,64,6,22,normal,normal
1480,20,1466,0,0,0,0,106,17,0,attack,attack
442,20,428,0,0,0,0,108,6,51884,attack,attack
1514,20,1500,0,1,0,0,63,6,22,normal,normal
1514,20,1500,0,1,0,0,64,6,22,normal,normal
62,20,48,0,1,0,0,128,6,3169,normal,normal
60,20,40,0,1,0,0,64,6,22,attack,attack
60,20,40,0,1,0,0,128,6,1034,attack,attack
1514,20,1500,0,1,0,0,63,6,22,attack,attack
1514,20,1500,0,1,0,0,106,6,27571,attack,attack
110,20,96,0,1,0,0,63,6,22,normal,normal
212,20,198,0,0,0,0,107,17,0,attack,attack
1514,20,1500,0,1,0,0,52,6,51413,attack,attack
662,20,648,0,0,0,0,108,17,0,attack,attack
133,20,119,0,0,0,0,128,6,2214,attack,attack
93,20,79,0,1,0,0,63,6,22,normal,normal
1434,20,1420,0,1,0,0,241,6,80,normal,normal
131,20,117,0,1,0,0,128,6,2985,normal,normal
1480,20,1466,0,0,0,0,107,17,0,attack,attack
212,20,198,0,0,0,0,112,17,0,attack,attack
1514,20,1500,0,1,0,0,64,6,22,normal,normal
1480,20,1466,0,0,0,0,109,17,0,attack,attack
142,20,128,0,1,0,0,63,6,22,normal,normal
68,20,54,0,0,0,0,128,17,0,attack,attack
212,20,198,0,0,0,0,112,17,0,attack,attack
1514,20,1500,0,1,0,0,63,6,22,attack,attack
60,20,40,0,1,0,0,128,6,3160,normal,normal
62,20,48,0,0,0,0,110,17,0,attack,attack
1434,20,1420,0,1,0,0,241,6,80,normal,normal
102,20,88,0,1,0,0,128,6,4184,attack,attack
1514,20,1500,0,1,0,0,64,6,22,normal,normal
62,20,48,0,0,0,0,128,17,0,attack,attack
62,20,48,0,1,0,0,128,6,1044,attack,attack
62,20,48,0,1,0,0,64,6,22,attack,attack
1514,20,1500,0,1,0,0,63,6,22,normal,normal
1514,20,1500,0,1,0,0,106,6,27571,attack,attack
774,20,760,0,1,0,0,63,6,22,normal,normal
1480,20,1466,0,0,0,0,111,17,0,attack,attack
1514,20,1500,0,1,0,0,64,6,22,normal,normal
1434,20,1420,0,1,0,0,241,6,80,normal,normal
60,20,40,0,1,0,0,128,6,4504,normal,normal
1434,20,1420,0,1,0,0,241,6,80,normal,normal
60,20,45,0,1,0,0,63,6,110,attack,attack
212,20,198,0,0,0,0,108,17,0,attack,attack
126,20,112,0,1,0,0,128,6,15841,normal,normal
1514,20,1500,0,1,0,0,63,6,22,attack,attack
60,20,40,0,1,0,0,128,6,1027,attack,attack
212,20,198,0,0,0,0,105,17,0,attack,attack
1514,20,1500,0,1,0,0,63,6,22,normal,normal
1514,20,1500,0,1,0,0,64,6,22,normal,attack
1514,20,1500,0,1,0,0,63,6,22,normal,normal
62,20,48,0,0,0,0,128,17,0,attack,attack
1514,20,1500,0,1,0,0,63,6,22,normal,normal
60,20,40,0,1,0,0,63,6,22,attack,attack
110,20,96,0,1,0,0,128,6,15842,normal,normal
1262,20,1248,0,0,0,0,110,17,0,attack,attack
134,20,120,0,1,0,0,64,6,22,attack,attack
1514,20,1500,0,1,0,0,63,6,22,normal,normal
60,20,40,0,1,0,0,128,6,2354,attack,attack
70,20,56,0,1,0,0,109,6,26076,attack,attack
62,20,48,0,0,0,0,128,17,0,attack,attack
1434,20,1420,0,1,0,0,52,6,64277,attack,attack
110,20,96,0,1,0,0,128,6,4008,normal,normal
206,20,192,0,1,0,0,128,6,4497,normal,normal
60,20,40,0,1,0,0,128,6,2985,normal,normal
1514,20,1500,0,1,0,0,63,6,22,normal,normal
102,20,88,0,1,0,0,64,6,22,normal,normal
62,20,48,0,0,0,0,128,17,0,attack,attack
1514,20,1500,0,1,0,0,52,6,51413,attack,attack
212,20,198,0,0,0,0,112,17,0,attack,attack
212,20,198,0,0,0,0,105,17,0,attack,attack
60,20,40,0,1,0,0,128,6,4893,attack,attack
80,20,66,0,1,0,0,128,6,2110,attack,attack
362,20,348,0,0,0,0,111,17,0,attack,attack
102,20,88,0,1,0,0,63,6,22,normal,attack
1314,20,1300,0,1,0,0,48,6,55123,attack,attack
68,20,54,0,0,0,0,128,17,0,attack,attack
60,20,40,0,1,0,0,128,6,4484,normal,normal
206,20,192,0,1,0,0,128,6,15851,normal,normal
1514,20,1500,0,1,0,0,63,6,22,normal,normal
60,20,40,0,1,0,0,128,6,4015,normal,normal
1514,20,1500,0,1,0,0,64,6,22,normal,attack
1514,20,1500,0,1,0,0,64,6,22,normal,normal
60,20,40,0,1,0,0,113,6,80,attack,attack
142,20,128,0,1,0,0,128,6,3863,normal,attack
62,20,48,0,1,0,0,128,6,3105,normal,normal
60,20,40,0,1,0,0,128,6,4181,normal,normal
134,20,120,0,1,0,0,63,6,22,normal,normal
60,20,40,0,1,0,0,41,6,80,attack,attack
126,20,112,0,1,0,0,128,6,4015,normal,normal
150,20,136,0,1,0,0,128,6,4494,normal,normal
62,20,48,0,0,0,0,128,17,0,attack,attack
62,20,48,0,1,0,0,128,6,4575,normal,normal
212,20,198,0,0,0,0,105,17,0,attack,attack
102,20,88,0,1,0,0,64,6,22,normal,normal
62,20,48,0,0,0,0,128,17,0,attack,attack
149,20,135,0,1,0,0,128,6,4518,normal,normal
1514,20,1500,0,1,0,0,117,6,80,normal,normal
60,20,40,0,1,0,0,128,6,2115,attack,attack
102,20,88,0,1,0,0,63,6,22,normal,normal
62,20,48,0,0,0,0,128,17,0,attack,attack
1514,20,1500,0,1,0,0,52,6,80,normal,normal
126,20,112,0,1,0,0,64,6,22,attack,attack
150,20,136,0,1,0,0,64,6,22,normal,normal
60,20,40,0,1,0,0,128,6,4492,normal,normal
212,20,198,0,0,0,0,112,17,0,attack,attack
60,20,40,0,1,0,0,128,6,4181,normal,normal
1434,20,1420,0,1,0,0,241,6,80,normal,normal
126,20,112,0,1,0,0,64,6,22,attack,attack
1514,20,1500,0,1,0,0,41,6,80,normal,normal
1484,20,1470,0,0,0,0,55,6,80,normal,normal
175,20,161,0,0,0,0,128,17,0,attack,attack
60,0,0,0,0,0,0,0,0,0,normal,normal
1514,20,1500,0,1,0,0,64,6,22,normal,normal
1506,20,1492,0,1,0,0,109,6,26076,attack,attack
1514,20,1500,0,1,0,0,41,6,80,normal,normal
60,20,40,0,1,0,0,128,6,4500,normal,normal
60,20,40,0,1,0,0,128,6,3160,normal,normal
1514,20,1500,0,1,0,0,52,6,80,normal,normal
1514,20,1500,0,1,0,0,64,6,22,normal,normal
1480,20,1466,0,1,0,0,118,17,0,attack,attack
1434,20,1420,0,1,0,0,241,6,80,normal,normal
1434,20,1420,0,1,0,0,241,6,80,normal,normal
1514,20,1500,0,1,0,0,63,6,22,normal,normal
1480,20,1466,0,0,0,0,108,17,0,attack,attack
212,20,198,0,0,0,0,112,17,0,attack,attack
1514,20,1500,0,1,0,0,63,6,22,attack,attack
1480,20,1466,0,0,0,0,106,17,0,attack,attack
60,20,40,0,1,0,0,128,6,4490,normal,normal
1514,20,1500,0,1,0,0,56,6,80,normal,normal
86,20,72,0,1,0,0,255,17,0,normal,normal
212,20,198,0,0,0,0,112,17,0,attack,attack
62,20,48,0,0,0,0,128,17,0,attack,attack
60,20,40,0,1,0,0,128,6,2986,normal,normal
62,20,48,0,0,0,0,128,17,0,attack,attack
1514,20,1500,0,1,0,0,63,6,22,normal,normal
190,20,176,0,1,0,0,64,6,22,normal,normal
1506,20,1492,0,1,0,0,109,6,26076,attack,attack
62,20,48,0,0,0,0,128,17,0,attack,attack
418,20,404,0,1,0,0,64,6,22,attack,attack
70,20,56,0,1,0,0,64,6,110,normal,normal
60,20,40,0,1,0,0,128,6,15841,normal,normal
102,20,88,0,1,0,0,128,6,2098,attack,attack
110,20,96,0,1,0,0,128,6,15848,normal,normal
60,20,40,0,1,0,0,128,6,3134,normal,normal
60,20,40,0,1,0,0,63,6,22,normal,normal
1514,20,1500,0,1,0,0,64,6,22,normal,normal
60,20,40,0,1,0,0,128,6,15851,normal,normal
94,20,80,0,1,0,0,128,6,3932,normal,normal
1259,20,1245,0,1,0,0,54,6,80,normal,normal
662,20,648,0,0,0,0,108,17,0,attack,attack
60,20,40,0,1,0,0,128,6,4541,normal,normal
126,20,112,0,1,0,0,128,6,2101,normal,attack
212,20,198,0,0,0,0,112,17,0,attack,attack
60,20,40,0,1,0,0,128,6,15841,normal,normal
1514,20,1500,0,1,0,0,64,6,22,attack,attack
60,20,40,0,1,0,0,128,6,2131,attack,attack
1434,20,1420,0,1,0,0,241,6,80,normal,normal
60,20,40,0,1,0,0,128,6,15863,normal,normal
60,20,40,0,1,0,0,128,6,2115,attack,attack
1514,20,1500,0,1,0,0,52,6,80,normal,normal
774,20,760,0,1,0,0,63,6,22,normal,normal
62,20,48,0,0,0,0,128,17,0,attack,attack
110,20,96,0,1,0,0,63,6,22,attack,attack
1078,20,1064,0,1,0,0,47,6,6969,attack,attack
110,20,96,0,1,0,0,128,6,4788,attack,attack
774,20,760,0,1,0,0,63,6,22,normal,normal
391,20,377,0,1,0,0,107,6,48412,attack,attack
1514,20,1500,0,1,0,0,63,6,22,normal,normal
82,20,68,0,0,0,0,64,17,0,normal,normal
212,20,198,0,0,0,0,111,17,0,attack,attack
62,20,48,0,0,0,0,128,17,0,attack,attack
1514,20,1500,0,1,0,0,108,6,57421,attack,attack
62,20,48,0,0,0,0,128,17,0,attack,attack
662,20,648,0,0,0,0,108,17,0,attack,attack
1514,20,1500,0,1,0,0,63,6,22,normal,normal
1480,20,1466,0,0,0,0,113,17,0,attack,attack
1480,20,1466,0,0,0,0,107,17,0,attack,attack
60,20,40,0,1,0,0,128,6,3816,normal,normal
1434,20,1420,0,1,0,0,48,6,80,normal,normal
60,20,40,0,1,0,0,128,6,15864,normal,normal
60,20,40,0,1,0,0,128,6,3021,normal,normal
1514,20,1500,0,1,0,0,63,6,22,normal,normal
118,20,104,0,1,0,0,64,6,22,attack,attack
60,20,40,0,1,0,0,128,6,3852,normal,normal
212,20,198,0,0,0,0,112,17,0,attack,attack
60,20,40,0,1,0,0,45,6,51413,attack,attack
60,20,40,0,1,0,0,128,6,4788,attack,attack
142,20,128,0,1,0,0,128,6,2492,normal,normal
62,20,48,0,0,0,0,128,17,0,attack,attack
60,20,40,0,1,0,0,128,6,3171,normal,normal
1514,20,1500,0,1,0,0,63,6,22,normal,attack
418,20,404,0,1,0,0,64,6,22,normal,normal
1480,20,1466,0,0,0,0,118,17,0,attack,attack
1514,20,1500,0,1,0,0,64,6,22,normal,normal
1514,20,1500,0,1,0,0,41,6,80,attack,attack
110,20,96,0,1,0,0,128,6,1706,normal,normal
1514,20,1500,0,1,0,0,64,6,22,normal,normal
126,20,112,0,1,0,0,128,6,2672,normal,normal
1514,20,1500,0,1,0,0,64,6,22,normal,attack
60,20,40,0,1,0,0,64,6,22,attack,attack
1514,20,1500,0,1,0,0,63,6,22,normal,normal
1514,20,1500,0,1,0,0,63,6,22,normal,normal
1480,20,1466,0,0,0,0,115,17,0,attack,attack
212,20,198,0,1,0,0,111,17,0,attack,attack
1514,20,1500,0,1,0,0,52,6,80,normal,normal
60,20,40,0,1,0,0,128,6,3019,normal,normal
62,20,48,0,0,0,0,128,17,0,attack,attack
662,20,648,0,0,0,0,108,17,0,attack,attack
102,20,88,0,1,0,0,64,6,22,normal,normal
93,20,79,0,1,0,0,63,6,22,normal,normal
1262,20,1248,0,0,0,0,105,17,0,attack,attack
93,20,79,0,1,0,0,64,6,22,normal,normal
1514,20,1500,0,1,0,0,45,6,80,normal,normal
909,20,895,0,1,0,0,64,6,80,normal,normal
1480,20,1466,0,0,0,0,111,17,0,attack,attack
60,20,40,0,1,0,0,128,6,2928,normal,attack
60,20,40,0,1,0,0,128,6,4788,attack,attack
86,20,72,0,1,0,0,63,6,22,normal,normal
1514,20,1500,0,1,0,0,63,6,22,normal,normal
1514,20,1500,0,1,0,0,48,6,80,normal,normal
861,20,847,0,0,0,0,109,17,0,attack,attack
102,20,88,0,1,0,0,128,6,3932,normal,normal
60,20,40,0,1,0,0,64,6,22,normal,normal
1494,20,1480,0,1,0,0,109,6,22,attack,attack
79,20,65,0,0,0,0,128,17,0,attack,attack
110,20,96,0,1,0,0,64,6,22,normal,normal
1506,20,1492,0,1,0,0,45,6,51413,attack,attack
60,20,40,0,1,0,0,64,6,22,normal,normal
154,20,140,0,1,0,0,112,6,48544,attack,attack
1514,20,1500,0,1,0,0,59,6,80,normal,normal
1514,20,1500,0,1,0,0,63,6,22,normal,normal
62,20,48,0,0,0,0,128,17,0,attack,attack
60,20,40,0,1,0,0,128,6,15841,normal,normal
102,20,88,0,1,0,0,64,6,22,normal,normal
774,20,760,0,1,0,0,64,6,22,normal,normal
60,20,40,0,1,0,0,128,6,2110,attack,attack
1514,20,1500,0,1,0,0,59,6,80,normal,normal
60,20,40,0,1,0,0,128,6,2985,normal,normal
110,20,96,0,1,0,0,64,6,22,normal,normal
1514,20,1500,0,1,0,0,107,6,48412,attack,attack
1514,20,1500,0,1,0,0,63,6,22,normal,normal
1514,20,1500,0,1,0,0,63,6,22,normal,normal
74,20,60,0,1,0,0,128,6,1989,attack,attack
662,20,648,0,0,0,0,109,17,0,attack,attack
60,20,40,0,1,0,0,128,6,2115,attack,attack
60,20,40,0,1,0,0,128,6,15852,normal,normal
60,20,40,0,1,0,0,64,6,22,normal,normal
362,20,348,0,0,0,0,45,17,0,attack,attack
60,20,40,0,1,0,0,128,6,4501,normal,normal
859,20,845,0,0,0,0,109,17,0,attack,attack
1514,20,1500,0,1,0,0,64,6,22,normal,normal
1514,20,1500,0,1,0,0,64,6,22,normal,normal
60,20,40,0,1,0,0,128,6,2296,attack,attack
1514,20,1500,0,1,0,0,52,6,80,normal,normal
60,20,40,0,1,0,0,128,6,1739,normal,normal
62,20,48,0,1,0,0,43,6,80,normal,normal
212,20,198,0,0,0,0,112,17,0,attack,attack
212,20,198,0,0,0,0,112,17,0,attack,attack
566,20,552,0,0,0,0,47,6,51413,attack,attack
60,20,40,0,1,0,0,128,6,1039,attack,attack
62,20,48,0,1,0,0,64,6,22,normal,normal
1514,20,1500,0,1,0,0,63,6,22,normal,normal
1480,20,1466,0,0,0,0,106,17,0,attack,attack
60,20,40,0,1,0,0,128,6,2115,attack,attack
60,20,40,0,1,0,0,128,6,2115,attack,attack
212,20,198,0,0,0,0,108,17,0,attack,attack
1514,20,1500,0,1,0,0,64,6,22,normal,attack
60,20,40,0,1,0,0,63,6,22,normal,normal
62,20,48,0,0,0,0,107,17,0,attack,attack
1514,20,1500,0,1,0,0,63,6,22,normal,normal
1514,20,1500,0,1,0,0,63,6,22,normal,normal
89,20,75,0,0,0,0,128,17,0,attack,attack
62,20,48,0,0,0,0,128,17,0,attack,attack
62,20,48,0,0,0,0,128,17,0,attack,attack
60,20,40,0,1,0,0,41,6,80,attack,attack
418,20,404,0,1,0,0,64,6,22,normal,normal
62,20,48,0,1,0,0,41,6,80,attack,attack
1514,20,1500,0,1,0,0,64,6,22,normal,normal
1262,20,1248,0,0,0,0,112,17,0,attack,attack
1514,20,1500,0,1,0,0,64,6,22,attack,attack
60,20,40,0,1,0,0,49,6,80,normal,normal
102,20,88,0,1,0,0,63,6,22,normal,normal
60,20,40,0,1,0,0,41,6,80,attack,attack
1514,20,1500,0,1,0,0,64,6,22,normal,normal
1514,20,1500,0,1,0,0,63,6,22,normal,normal
60,20,40,0,1,0,0,63,6,22,attack,attack
212,20,198,0,0,0,0,45,17,0,normal,attack
206,20,192,0,1,0,0,128,6,2918,attack,attack
1434,20,1420,0,1,0,0,241,6,80,normal,normal
60,20,40,0,1,0,0,128,6,2131,attack,attack
62,20,48,0,0,0,0,128,17,0,attack,attack
79,20,65,0,0,0,0,128,17,0,attack,attack
110,20,96,0,1,0,0,63,6,22,normal,normal
418,20,404,0,1,0,0,63,6,22,attack,attack
62,20,48,0,1,0,0,128,6,3857,normal,normal
110,20,96,0,1,0,0,128,6,4504,normal,normal
1480,20,1466,0,1,0,0,117,17,0,attack,attack
1514,20,1500,0,1,0,0,63,6,22,normal,normal
60,20,40,0,1,0,0,63,6,22,attack,attack
212,20,198,0,0,0,0,105,17,0,attack,attack
1514,20,1500,0,1,0,0,64,6,22,attack,attack
118,20,104,0,1,0,0,63,6,22,normal,normal
1514,20,1500,0,1,0,0,63,6,22,normal,attack
1414,20,1400,0,1,0,0,112,6,48544,attack,attack
1514,20,1500,0,1,0,0,63,6,22,normal,normal
1514,20,1500,0,1,0,0,64,6,22,normal,normal
60,20,40,0,1,0,0,128,6,3145,normal,normal
776,20,762,0,1,0,0,50,6,80,normal,normal
60,20,40,0,1,0,0,128,6,1729,normal,normal
126,20,112,0,1,0,0,63,6,22,attack,attack
1480,20,1466,0,0,0,0,45,17,0,attack,attack
1434,20,1420,0,1,0,0,102,6,80,attack,attack
1506,20,1492,0,1,0,0,109,6,26076,attack,attack
94,20,80,0,1,0,0,128,6,4017,normal,normal
60,20,40,0,1,0,0,128,6,4563,normal,normal
1434,20,1420,0,1,0,0,241,6,80,normal,normal
175,20,161,0,1,0,0,51,6,443,normal,normal
1514,20,1500,0,1,0,0,64,6,22,normal,normal
1434,20,1420,0,1,0,0,241,6,80,normal,normal
1514,20,1500,0,1,0,0,64,6,80,normal,normal
60,20,40,0,1,0,0,63,6,22,attack,attack
134,20,120,0,1,0,0,64,6,22,normal,normal
1480,20,1466,0,0,0,0,117,17,0,attack,attack
110,20,96,0,1,0,0,63,6,22,attack,attack
1514,20,1500,0,1,0,0,64,6,22,normal,normal
1514,20,1500,0,1,0,0,45,6,80,normal,normal
60,20,40,0,1,0,0,128,6,4190,attack,attack
1514,20,1500,0,1,0,0,64,6,22,normal,attack
1502,20,1488,0,1,0,0,50,6,80,normal,normal
1514,20,1500,0,1,0,0,52,6,51413,attack,attack
60,20,40,0,1,0,0,128,6,3019,normal,normal
1480,20,1466,0,0,0,0,111,17,0,attack,attack
110,20,96,0,1,0,0,128,6,3858,attack,attack
94,20,80,0,1,0,0,128,6,4180,normal,normal
212,20,198,0,0,0,0,112,17,0,attack,attack
60,20,40,0,1,0,0,128,6,2110,attack,attack
1514,20,1500,0,1,0,0,64,6,22,normal,normal
362,20,348,0,0,0,0,108,17,0,attack,attack
1514,20,1500,0,1,0,0,63,6,22,normal,attack
62,20,48,0,0,0,0,128,17,0,attack,attack
110,20,96,0,1,0,0,64,6,22,normal,normal
1514,20,1500,0,1,0,0,64,6,22,normal,normal
70,20,56,0,1,0,0,64,6,110,normal,normal
1514,20,1500,0,1,0,0,64,6,22,normal,normal
1514,20,1500,0,1,0,0,41,6,80,normal,normal
97,20,83,0,0,0,0,128,17,0,attack,attack
1514,20,1500,0,1,0,0,47,6,80,normal,normal
86,20,72,0,1,0,0,63,6,22,normal,normal
60,20,40,0,1,0,0,128,6,1734,normal,normal
566,20,552,0,0,0,0,47,6,51413,attack,attack
590,20,576,0,0,0,0,108,6,51884,attack,attack
62,20,48,0,0,0,0,128,17,0,attack,attack
190,20,176,0,1,0,0,63,6,22,normal,normal
60,20,40,0,1,0,0,63,6,22,normal,attack
60,20,40,0,1,0,0,63,6,22,normal,normal
60,20,40,0,1,0,0,128,6,4519,normal,normal
109,20,95,0,0,0,0,112,17,0,normal,attack
93,20,79,0,1,0,0,63,6,22,normal,normal
1414,20,1400,0,1,0,0,112,6,48544,attack,attack
62,20,48,0,0,0,0,128,17,0,attack,attack
60,20,40,0,1,0,0,63,6,22,normal,normal
142,20,128,0,1,0,0,64,6,22,attack,attack
212,20,198,0,0,0,0,112,17,0,attack,attack
60,20,40,0,1,0,0,128,6,4889,normal,normal
60,20,40,0,0,0,0,128,6,2109,attack,attack
71,20,57,0,1,0,0,128,6,2328,attack,attack
62,20,48,0,1,0,0,128,6,3041,normal,normal
1514,20,1500,0,1,0,0,63,6,22,normal,attack
60,20,40,0,1,0,0,128,6,1026,attack,attack
112,20,98,0,1,0,0,128,6,1729,normal,normal
62,20,48,0,0,0,0,128,17,0,attack,attack
1514,20,1500,0,1,0,0,63,6,22,normal,attack
60,20,40,0,1,0,0,128,6,2115,attack,attack
126,20,112,0,1,0,0,64,6,22,normal,normal
62,20,48,0,0,0,0,128,17,0,attack,attack
60,20,40,0,1,0,0,128,6,15852,normal,normal
1434,20,1420,0,1,0,0,241,6,80,normal,normal
1514,20,1500,0,1,0,0,48,6,80,normal,normal
1514,20,1500,0,1,0,0,64,6,22,normal,normal
126,20,112,0,1,0,0,63,6,22,attack,attack
1514,20,1500,0,1,0,0,64,6,22,normal,normal
662,20,648,0,0,0,0,108,17,0,attack,attack
1514,20,1500,0,1,0,0,64,6,22,attack,attack
590,20,576,0,0,0,0,113,6,6880,attack,attack
142,20,128,0,1,0,0,63,6,22,normal,normal
190,20,176,0,1,0,0,63,6,22,normal,normal
70,20,56,0,1,0,0,128,6,3161,normal,normal
60,20,40,0,1,0,0,128,6,4952,attack,attack
60,20,40,0,1,0,0,128,6,4504,normal,normal
62,20,48,0,0,0,0,128,17,0,attack,attack
94,20,80,0,1,0,0,128,6,2395,normal,normal
1480,20,1466,0,0,0,0,45,17,0,attack,attack
1480,20,1466,0,0,0,0,111,17,0,attack,attack
1480,20,1466,0,0,0,0,109,17,0,attack,attack
126,20,112,0,1,0,0,63,6,22,normal,normal
1514,20,1500,0,1,0,0,41,6,80,normal,normal
212,20,198,0,0,0,0,112,17,0,attack,attack
1514,20,1500,0,1,0,0,63,6,22,normal,attack
1514,20,1500,0,1,0,0,63,6,22,normal,normal
1434,20,1420,0,1,0,0,241,6,80,normal,normal
60,20,40,0,1,0,0,128,6,3918,normal,normal
1514,20,1500,0,1,0,0,64,6,22,attack,attack
1514,20,1500,0,1,0,0,52,6,80,normal,normal
212,20,198,0,0,0,0,112,17,0,attack,attack
60,20,40,0,1,0,0,128,6,3241,attack,attack
60,20,40,0,1,0,0,63,6,22,normal,normal
60,20,40,0,1,0,0,128,6,1729,normal,normal
1514,20,1500,0,1,0,0,64,6,22,attack,attack
110,20,96,0,1,0,0,128,6,51061,normal,normal
1514,20,1500,0,1,0,0,49,6,80,normal,normal
827,20,813,0,1,0,0,47,6,51413,attack,attack
60,20,40,0,1,0,0,128,6,1229,normal,normal
212,20,198,0,0,0,0,112,17,0,attack,attack
212,20,198,0,0,0,0,112,17,0,attack,attack
1514,20,1500,0,1,0,0,64,6,22,normal,normal
454,20,440,0,1,0,0,48,6,55123,attack,attack
60,20,40,0,1,0,0,128,6,2985,normal,normal
222,20,208,0,1,0,0,45,6,51413,attack,attack
1480,20,1466,0,0,0,0,109,17,0,attack,attack
62,20,48,0,0,0,0,128,17,0,attack,attack
68,20,54,0,0,0,0,128,17,0,attack,attack
1514,20,1500,0,1,0,0,63,6,22,normal,normal
60,20,40,0,1,0,0,48,6,80,normal,normal
1480,20,1466,0,0,0,0,117,17,0,attack,attack
60,20,40,0,1,0,0,128,6,4871,attack,attack
1514,20,1500,0,1,0,0,64,6,22,normal,attack
254,20,240,0,1,0,0,48,6,55123,attack,attack
60,20,40,0,1,0,0,128,6,4969,attack,attack
142,20,128,0,1,0,0,64,6,22,normal,normal
1494,20,1480,0,1,0,0,109,6,22,attack,attack
212,20,198,0,0,0,0,112,17,0,attack,attack
1514,20,1500,0,1,0,0,64,6,22,normal,normal
62,20,48,0,0,0,0,128,17,0,attack,attack
1502,20,1488,0,1,0,0,50,6,80,normal,normal
163,20,149,0,0,0,0,107,17,0,attack,attack
60,20,40,0,1,0,0,63,6,22,attack,attack
1514,20,1500,0,1,0,0,63,6,22,attack,attack
86,20,72,0,1,0,0,63,6,22,normal,normal
86,20,72,0,1,0,0,64,6,22,normal,normal
212,20,198,0,0,0,0,105,17,0,attack,attack
1514,20,1500,0,1,0,0,64,6,22,normal,normal
62,20,48,0,0,0,0,128,17,0,attack,attack
93,20,79,0,1,0,0,63,6,22,normal,normal
62,20,48,0,0,0,0,128,17,0,attack,attack
1514,20,1500,0,1,0,0,63,6,22,normal,normal
206,20,192,0,1,0,0,128,6,4493,normal,normal
1514,20,1500,0,1,0,0,64,6,22,normal,normal
418,20,404,0,1,0,0,64,6,22,normal,normal
190,20,176,0,1,0,0,64,6,22,normal,normal
60,20,40,0,1,0,0,128,6,2318,attack,attack
60,20,40,0,1,0,0,64,6,22,normal,normal
1480,20,1466,0,1,0,0,118,17,0,attack,attack
60,20,40,0,1,0,0,63,6,22,normal,normal
1514,20,1500,0,1,0,0,63,6,22,normal,attack
1514,20,1500,0,1,0,0,64,6,22,normal,normal
212,20,198,0,0,0,0,112,17,0,attack,attack
1514,20,1500,0,1,0,0,54,6,443,normal,normal
294,20,280,0,1,0,0,128,6,4867,attack,attack
1514,20,1500,0,1,0,0,64,6,22,normal,normal
206,20,192,0,1,0,0,128,6,3170,normal,normal
1514,20,1500,0,1,0,0,56,6,80,normal,normal
1514,20,1500,0,1,0,0,64,6,22,normal,normal
60,20,40,0,1,0,0,241,6,80,normal,normal
212,20,198,0,0,0,0,106,17,0,attack,attack
60,20,40,0,1,0,0,128,6,4788,normal,attack
1514,20,1500,0,1,0,0,64,6,22,normal,normal
1514,20,1500,0,1,0,0,64,6,22,attack,attack
62,20,48,0,0,0,0,128,17,0,attack,attack
1514,20,1500,0,1,0,0,63,6,22,normal,normal
1514,20,1500,0,1,0,0,41,6,80,normal,normal
1434,20,1420,0,1,0,0,241,6,80,normal,normal
221,20,207,0,0,0,0,63,17,0,normal,normal
1514,20,1500,0,1,0,0,64,6,22,normal,normal
590,20,576,0,0,0,0,113,6,6880,attack,attack
1514,20,1500,0,1,0,0,52,6,80,normal,normal
94,20,80,0,0,0,0,64,17,0,normal,normal
1514,20,1500,0,1,0,0,63,6,22,normal,normal
1414,20,1400,0,1,0,0,112,6,48544,attack,attack
1220,20,1206,0,1,0,0,46,6,80,normal,normal
60,20,40,0,1,0,0,128,6,2195,attack,attack
60,20,40,0,0,0,0,128,6,2109,attack,attack
1514,20,1500,0,1,0,0,64,6,22,normal,normal
1480,20,1466,0,0,0,0,105,17,0,attack,attack
1514,20,1500,0,1,0,0,64,6,22,normal,attack
60,20,40,0,1,0,0,128,6,4875,attack,attack
418,20,404,0,1,0,0,64,6,22,normal,normal
1480,20,1466,0,1,0,0,110,17,0,attack,attack
1514,20,1500,0,1,0,0,64,6,22,normal,normal
60,20,40,0,1,0,0,128,6,1086,attack,attack
62,20,48,0,0,0,0,128,17,0,attack,attack
212,20,198,0,1,0,0,111,17,0,attack,attack
62,20,48,0,0,0,0,117,17,0,attack,attack
86,20,72,0,1,0,0,255,17,0,normal,normal
62,20,48,0,0,0,0,128,17,0,attack,attack
62,20,48,0,0,0,0,128,17,0,attack,attack
1434,20,1420,0,1,0,0,241,6,80,normal,normal
212,20,198,0,0,0,0,112,17,0,attack,attack
60,20,40,0,1,0,0,128,6,3816,normal,normal
688,20,674,0,1,0,0,41,6,80,attack,attack
212,20,198,0,0,0,0,106,17,0,attack,attack
118,20,104,0,1,0,0,64,6,22,normal,normal
60,20,40,0,1,0,0,128,6,2985,normal,normal
1514,20,1500,0,1,0,0,64,6,22,normal,normal
62,20,48,0,1,0,0,109,6,26076,attack,attack
206,20,192,0,1,0,0,128,6,2392,normal,normal
60,20,40,0,1,0,0,43,6,80,normal,normal
60,20,40,0,1,0,0,63,6,22,attack,attack
88,20,74,0,0,0,0,128,17,0,attack,attack
60,20,40,0,1,0,0,47,6,6969,attack,attack
60,20,40,0,1,0,0,128,6,2984,normal,normal
62,20,48,0,1,0,0,128,6,1095,attack,attack
1480,20,1466,0,0,0,0,109,17,0,attack,attack
1514,20,1500,0,1,0,0,64,6,22,normal,normal
1514,20,1500,0,1,0,0,43,6,80,normal,normal
418,20,404,0,1,0,0,63,6,22,normal,normal
60,20,40,0,1,0,0,128,6,3160,normal,normal
1514,20,1500,0,1,0,0,64,6,22,normal,normal
62,20,48,0,0,0,0,128,17,0,attack,attack
71,20,57,0,1,0,0,63,6,143,normal,normal
1434,20,1420,0,1,0,0,241,6,80,normal,normal
1514,20,1500,0,1,0,0,64,6,22,attack,attack
418,20,404,0,1,0,0,64,6,22,normal,normal
1514,20,1500,0,1,0,0,63,6,22,normal,normal
418,20,404,0,1,0,0,63,6,22,attack,attack
566,20,552,0,0,0,0,47,6,51413,attack,attack
126,20,112,0,1,0,0,128,6,4498,normal,normal
128,20,114,0,1,0,0,128,6,2985,normal,normal
1514,20,1500,0,1,0,0,64,6,22,normal,normal
212,20,198,0,0,0,0,112,17,0,attack,attack
1434,20,1420,0,1,0,0,241,6,80,normal,normal
60,20,40,0,0,0,0,128,6,2120,attack,attack
1514,20,1500,0,1,0,0,64,6,22,normal,attack
60,20,40,0,1,0,0,64,6,22,normal,normal
110,20,96,0,1,0,0,128,6,3866,attack,attack
142,20,128,0,1,0,0,128,6,3164,normal,normal
338,20,324,0,0,0,0,58,17,0,normal,normal
60,20,40,0,1,0,0,63,6,22,normal,normal
62,20,48,0,0,0,0,128,17,0,attack,attack
62,20,48,0,0,0,0,128,17,0,attack,attack
1480,20,1466,0,0,0,0,115,17,0,attack,attack
566,20,552,0,0,0,0,47,6,51413,attack,attack
1414,20,1400,0,1,0,0,112,6,48544,attack,attack
114,20,100,0,1,0,0,128,6,139,normal,normal
418,20,404,0,1,0,0,63,6,22,attack,attack
1314,20,1300,0,1,0,0,48,6,55123,attack,attack
1514,20,1500,0,1,0,0,63,6,22,normal,normal
1514,20,1500,0,1,0,0,64,6,22,normal,normal
60,20,40,0,1,0,0,41,6,80,attack,attack
60,20,40,0,1,0,0,128,6,3905,normal,normal
60,20,40,0,1,0,0,63,6,22,normal,normal
774,20,760,0,1,0,0,63,6,22,attack,attack
1514,20,1500,0,1,0,0,108,6,57421,attack,attack
1514,20,1500,0,1,0,0,64,6,22,normal,normal
1514,20,1500,0,1,0,0,64,6,22,attack,attack
60,20,40,0,1,0,0,128,6,2401,normal,normal
1514,20,1500,0,1,0,0,52,6,80,normal,normal
1514,20,1500,0,1,0,0,41,6,80,attack,attack
110,20,96,0,1,0,0,128,6,3927,normal,normal
126,20,112,0,1,0,0,64,6,22,normal,normal
60,20,40,0,1,0,0,128,6,3160,normal,normal
1514,20,1500,0,1,0,0,63,6,22,attack,attack
60,20,40,0,1,0,0,64,6,22,normal,normal
1223,20,1209,0,1,0,0,59,6,80,normal,normal
62,20,48,0,0,0,0,128,17,0,attack,attack
838,20,824,0,1,0,0,64,6,22,normal,normal
60,20,40,0,1,0,0,128,6,2090,attack,attack
60,20,40,0,1,0,0,128,6,3007,normal,normal
1434,20,1420,0,1,0,0,241,6,80,normal,normal
1262,20,1248,0,0,0,0,108,17,0,attack,attack
86,20,72,0,1,0,0,64,6,22,normal,normal
1514,20,1500,0,1,0,0,63,6,22,normal,attack
1514,20,1500,0,1,0,0,54,6,80,normal,normal
60,20,40,0,1,0,0,128,6,2115,attack,attack
60,20,40,0,1,0,0,63,6,22,normal,normal
1514,20,1500,0,1,0,0,63,6,22,normal,normal
1434,20,1420,0,1,0,0,241,6,80,normal,normal
124,20,110,0,1,0,0,128,6,4513,normal,normal
108,20,94,0,1,0,0,128,6,3842,normal,normal
60,20,40,0,1,0,0,128,6,1229,normal,normal
1514,20,1500,0,1,0,0,64,6,22,normal,normal
1514,20,1500,0,1,0,0,47,6,6969,attack,attack
1514,20,1500,0,1,0,0,64,6,22,normal,normal
1480,20,1466,0,0,0,0,45,17,0,attack,attack
116,20,102,0,1,0,0,128,6,3019,normal,normal
62,20,48,0,1,0,0,64,6,22,normal,normal
62,20,48,0,0,0,0,128,17,0,attack,attack
1434,20,1420,0,1,0,0,102,6,80,attack,attack
1464,20,1450,0,1,0,0,48,6,80,normal,normal
102,20,88,0,1,0,0,128,6,15842,normal,normal
60,20,40,0,1,0,0,63,6,22,normal,normal
1262,20,1248,0,0,0,0,110,17,0,attack,attack
1514,20,1500,0,1,0,0,43,6,80,normal,normal
60,20,40,0,1,0,0,128,6,3171,normal,normal
60,20,40,0,0,0,0,128,6,2109,attack,attack
1514,20,1500,0,1,0,0,63,6,22,normal,normal
60,20,40,0,1,0,0,128,6,4950,attack,attack
62,20,48,0,0,0,0,128,17,0,attack,attack
134,20,120,0,1,0,0,63,6,22,normal,normal
212,20,198,0,0,0,0,106,17,0,attack,attack
1514,20,1500,0,1,0,0,47,6,80,normal,normal
1514,20,1500,0,1,0,0,47,6,6969,attack,attack
212,20,198,0,0,0,0,112,17,0,attack,attack
60,20,40,0,1,0,0,128,6,3866,attack,attack
62,20,48,0,0,0,0,128,17,0,attack,attack
212,20,198,0,1,0,0,111,17,0,attack,attack
212,20,198,0,0,0,0,106,17,0,attack,attack
1514,20,1500,0,1,0,0,43,6,80,normal,normal
1434,20,1420,0,1,0,0,241,6,80,normal,normal
1514,20,1500,0,1,0,0,63,6,22,normal,normal
1514,20,1500,0,1,0,0,63,6,22,normal,normal
1514,20,1500,0,1,0,0,41,6,80,normal,normal
1514,20,1500,0,1,0,0,64,6,22,normal,normal
60,20,40,0,1,0,0,128,6,3171,normal,normal
566,20,552,0,0,0,0,47,6,51413,attack,attack
60,20,40,0,1,0,0,128,6,4021,normal,normal
60,20,40,0,1,0,0,56,6,80,normal,normal
126,20,112,0,1,0,0,128,6,51063,normal,normal
60,20,40,0,1,0,0,63,6,22,normal,normal
1506,20,1492,0,1,0,0,109,6,26076,attack,attack
60,20,40,0,1,0,0,128,6,4528,normal,normal
1514,20,1500,0,1,0,0,63,6,22,normal,normal
774,20,760,0,1,0,0,63,6,22,normal,normal
1480,20,1466,0,1,0,0,118,17,0,attack,attack
566,20,552,0,0,0,0,47,6,51413,attack,attack
212,20,198,0,0,0,0,106,17,0,attack,attack
60,20,40,0,1,0,0,128,6,3139,normal,normal
1514,20,1500,0,1,0,0,64,6,22,attack,attack
945,20,931,0,1,0,0,41,6,80,attack,attack
362,20,348,0,0,0,0,45,17,0,attack,attack
118,20,104,0,1,0,0,64,6,22,normal,normal
62,20,48,0,1,0,0,45,6,80,normal,normal
62,20,48,0,0,0,0,128,17,0,attack,attack
1514,20,1500,0,1,0,0,63,6,80,normal,normal
1078,20,1064,0,1,0,0,45,6,51413,attack,attack
60,20,40,0,1,0,0,128,6,2131,attack,attack
60,20,40,0,1,0,0,128,6,3171,normal,normal
94,20,80,0,1,0,0,128,6,3162,normal,normal
362,20,348,0,0,0,0,112,17,0,attack,attack
60,20,40,0,1,0,0,128,6,3937,normal,normal
60,20,40,0,1,0,0,128,6,1729,normal,normal
60,20,40,0,1,0,0,128,6,15852,normal,normal
1514,20,1500,0,1,0,0,63,6,22,attack,attack
662,20,648,0,0,0,0,109,17,0,attack,attack
60,20,40,0,1,0,0,128,6,4875,attack,attack
1514,20,1500,0,1,0,0,107,6,48412,attack,attack
1514,20,1500,0,1,0,0,43,6,80,normal,normal
1480,20,1466,0,0,0,0,109,17,0,attack,attack
60,20,40,0,1,0,0,128,6,2367,attack,attack
60,20,40,0,1,0,0,128,6,2928,normal,attack
1078,20,1064,0,1,0,0,52,6,51413,attack,attack
60,20,40,0,1,0,0,64,6,22,normal,normal
1514,20,1500,0,1,0,0,45,6,80,normal,normal
60,20,40,0,1,0,0,63,6,22,attack,attack
1514,20,1500,0,1,0,0,59,6,80,normal,normal
126,20,112,0,1,0,0,128,6,3174,normal,normal
62,20,48,0,0,0,0,128,17,0,attack,attack
62,20,48,0,1,0,0,63,6,22,normal,normal
1434,20,1420,0,1,0,0,52,6,64277,attack,attack
1434,20,1420,0,1,0,0,102,6,80,attack,attack
62,20,48,0,0,0,0,128,17,0,attack,attack
206,20,192,0,1,0,0,128,6,4900,normal,normal
1480,20,1466,0,1,0,0,118,17,0,attack,attack
1434,20,1420,0,1,0,0,241,6,80,normal,normal
74,20,60,0,1,0,0,64,6,58551,attack,attack
1514,20,1500,0,1,0,0,54,6,80,normal,normal
142,20,128,0,1,0,0,128,6,3864,attack,attack
60,20,40,0,1,0,0,128,6,3845,normal,normal
96,20,82,0,0,0,0,128,17,0,attack,attack
662,20,648,0,0,0,0,105,17,0,attack,attack
60,20,40,0,1,0,0,128,6,1724,normal,normal
118,20,104,0,1,0,0,64,6,22,normal,normal
838,20,824,0,1,0,0,63,6,22,attack,attack
92,20,78,0,1,0,0,128,6,4184,normal,normal
142,20,128,0,1,0,0,64,6,22,normal,normal
60,20,40,0,0,0,0,128,6,2214,attack,attack
1514,20,1500,0,1,0,0,41,6,80,normal,normal
212,20,198,0,0,0,0,112,17,0,attack,attack
60,20,40,0,1,0,0,64,6,22,attack,attack
98,20,84,0,1,0,0,128,6,2110,attack,attack
362,20,348,0,0,0,0,45,17,0,attack,attack
80,20,66,0,1,0,0,45,6,80,normal,normal
80,20,66,0,1,0,0,128,6,2110,attack,attack
1514,20,1500,0,1,0,0,56,6,80,normal,normal
1514,20,1500,0,1,0,0,64,6,22,normal,normal
1514,20,1500,0,1,0,0,63,6,22,normal,normal
60,20,40,0,1,0,0,128,6,2296,attack,attack
1514,20,1500,0,1,0,0,64,6,22,normal,normal
60,20,40,0,1,0,0,128,6,4869,normal,attack
102,20,88,0,1,0,0,128,6,2397,normal,normal
165,20,151,0,1,0,0,102,6,80,attack,attack
1514,20,1500,0,1,0,0,41,6,80,normal,normal
60,20,40,0,1,0,0,63,6,22,normal,normal
60,20,40,0,1,0,0,128,6,3154,normal,normal
212,20,198,0,0,0,0,106,17,0,attack,attack
60,20,40,0,1,0,0,64,6,22,normal,normal
1514,20,1500,0,1,0,0,56,6,80,normal,normal
662,20,648,0,0,0,0,45,17,0,attack,attack
93,20,79,0,1,0,0,63,6,22,normal,normal
190,20,176,0,1,0,0,64,6,22,normal,normal
1514,20,1500,0,1,0,0,64,6,22,normal,normal
1514,20,1500,0,1,0,0,64,6,22,normal,normal
294,20,280,0,1,0,0,128,6,3862,attack,attack
60,20,40,0,1,0,0,128,6,2106,normal,attack
60,20,40,0,1,0,0,128,6,4517,normal,normal
1514,20,1500,0,1,0,0,64,6,22,normal,normal
1514,20,1500,0,1,0,0,63,6,22,normal,normal
62,20,48,0,0,0,0,128,17,0,attack,attack
1514,20,1500,0,1,0,0,63,6,22,normal,normal
909,20,895,0,1,0,0,63,6,80,normal,normal
1514,20,1500,0,1,0,0,63,6,22,normal,attack
102,20,88,0,1,0,0,63,6,22,attack,attack
662,20,648,0,0,0,0,108,17,0,attack,attack
60,20,40,0,1,0,0,128,6,2354,attack,attack
1514,20,1500,0,1,0,0,64,6,22,normal,normal
60,20,40,0,1,0,0,128,6,3866,attack,attack
60,20,40,0,1,0,0,128,6,1734,normal,normal
566,20,552,0,0,0,0,47,6,51413,attack,attack
212,20,198,0,0,0,0,105,17,0,attack,attack
102,20,88,0,1,0,0,63,6,22,normal,normal
1514,20,1500,0,1,0,0,47,6,6969,attack,attack
62,20,48,0,0,0,0,128,17,0,attack,attack
1484,20,1470,0,0,0,0,55,6,80,normal,normal
60,20,40,0,1,0,0,128,6,2401,normal,normal
1514,20,1500,0,1,0,0,63,6,22,attack,attack
1514,20,1500,0,1,0,0,41,6,80,normal,normal
1514,20,1500,0,1,0,0,64,6,22,attack,attack
126,20,112,0,1,0,0,63,6,22,normal,attack
212,20,198,0,0,0,0,112,17,0,attack,attack
1514,20,1500,0,1,0,0,63,6,22,normal,normal
212,20,198,0,0,0,0,112,17,0,attack,attack
60,20,40,0,1,0,0,64,6,22,attack,attack
60,20,40,0,1,0,0,128,6,2115,attack,attack
60,20,40,0,1,0,0,128,6,2985,normal,normal
1506,20,1492,0,1,0,0,112,6,35691,attack,attack
60,20,40,0,1,0,0,128,6,2090,attack,attack
1514,20,1500,0,1,0,0,64,6,22,normal,normal
60,20,40,0,1,0,0,128,6,2296,attack,attack
177,20,163,0,0,0,0,105,17,0,attack,attack
1480,20,1466,0,0,0,0,111,17,0,attack,attack
1514,20,1500,0,1,0,0,43,6,80,normal,normal
60,20,40,0,1,0,0,128,6,3171,normal,normal
60,20,40,0,1,0,0,128,6,4516,normal,normal
1480,20,1466,0,0,0,0,115,17,0,attack,attack
1514,20,1500,0,1,0,0,41,6,80,attack,attack
1514,20,1500,0,1,0,0,41,6,80,normal,normal
108,20,94,0,1,0,0,45,6,80,normal,normal
418,20,404,0,1,0,0,64,6,22,attack,attack
212,20,198,0,0,0,0,105,17,0,attack,attack
838,20,824,0,1,0,0,64,6,22,normal,normal
212,20,198,0,0,0,0,112,17,0,attack,attack
86,20,72,0,1,0,0,64,6,22,normal,normal
102,20,88,0,1,0,0,63,6,22,attack,attack
60,20,40,0,1,0,0,64,6,22,attack,attack
212,20,198,0,0,0,0,112,17,0,attack,attack
70,20,56,0,1,0,0,128,6,2931,attack,attack
1514,20,1500,0,1,0,0,63,6,22,normal,normal
60,20,40,0,1,0,0,128,6,4525,normal,normal
1514,20,1500,0,1,0,0,108,6,57421,attack,attack
838,20,824,0,1,0,0,64,6,22,normal,normal
212,20,198,0,0,0,0,108,17,0,attack,attack
1434,20,1420,0,1,0,0,241,6,80,normal,normal
1514,20,1500,0,1,0,0,63,6,22,normal,normal
60,20,40,0,1,0,0,64,6,22,normal,normal
62,20,48,0,1,0,0,64,6,80,normal,normal
134,20,120,0,1,0,0,64,6,22,normal,normal
294,20,280,0,1,0,0,128,6,4497,normal,normal
418,20,404,0,1,0,0,63,6,22,attack,attack
1434,20,1420,0,1,0,0,113,6,80,attack,attack
60,20,40,0,1,0,0,128,6,4487,normal,normal
1514,20,1500,0,1,0,0,64,6,22,normal,normal
60,20,40,0,1,0,0,128,6,3069,normal,normal
1514,20,1500,0,1,0,0,64,6,22,normal,normal
362,20,348,0,0,0,0,111,17,0,attack,attack
1514,20,1500,0,1,0,0,59,6,80,normal,normal
1262,20,1248,0,0,0,0,112,17,0,attack,attack
62,20,48,0,0,0,0,128,17,0,attack,attack
1434,20,1420,0,1,0,0,241,6,80,normal,normal
774,20,760,0,1,0,0,63,6,22,normal,normal
60,20,40,0,1,0,0,128,6,4478,normal,normal
1514,20,1500,0,1,0,0,52,6,80,normal,normal
838,20,824,0,1,0,0,64,6,22,normal,normal
60,20,40,0,1,0,0,128,6,4515,normal,normal
249,20,235,0,1,0,0,50,6,80,normal,normal
1480,20,1466,0,1,0,0,110,17,0,attack,attack
1514,20,1500,0,1,0,0,59,6,80,normal,normal
362,20,348,0,0,0,0,45,17,0,attack,attack
1514,20,1500,0,1,0,0,106,6,27571,attack,attack
1514,20,1500,0,1,0,0,48,6,80,normal,normal
1514,20,1500,0,1,0,0,63,6,22,attack,attack
1480,20,1466,0,0,0,0,111,17,0,attack,attack
60,20,40,0,1,0,0,128,6,2985,normal,normal
161,20,147,0,0,0,0,107,17,0,attack,attack
60,20,40,0,1,0,0,128,6,4493,normal,normal
60,20,40,0,1,0,0,128,6,1737,normal,normal
60,20,40,0,1,0,0,64,6,22,normal,normal
63,20,49,0,1,0,0,63,6,110,normal,attack
62,20,48,0,0,0,0,128,17,0,attack,attack
190,20,176,0,1,0,0,64,6,22,normal,normal
1514,20,1500,0,1,0,0,63,6,22,normal,normal
1514,20,1500,0,1,0,0,63,6,22,normal,normal
362,20,348,0,0,0,0,45,17,0,attack,attack
1514,20,1500,0,1,0,0,52,6,80,normal,normal
662,20,648,0,0,0,0,111,17,0,attack,attack
102,20,88,0,1,0,0,63,6,22,normal,normal
1514,20,1500,0,1,0,0,63,6,22,normal,normal
110,20,96,0,1,0,0,63,6,22,normal,normal
126,20,112,0,1,0,0,63,6,22,attack,attack
362,20,348,0,0,0,0,45,17,0,attack,attack
1434,20,1420,0,1,0,0,241,6,80,normal,normal
60,20,40,0,0,0,0,128,6,2109,attack,attack
1514,20,1500,0,1,0,0,107,6,48412,attack,attack
62,20,48,0,0,0,0,128,17,0,attack,attack
60,20,40,0,1,0,0,128,6,1090,attack,attack
1514,20,1500,0,1,0,0,64,6,22,attack,attack
60,20,40,0,1,0,0,128,6,2928,attack,attack
1506,20,1492,0,1,0,0,45,6,51413,attack,attack
60,20,40,0,1,0,0,64,6,22,attack,attack
1514,20,1500,0,1,0,0,64,6,22,attack,attack
62,20,48,0,0,0,0,108,17,0,attack,attack
212,20,198,0,0,0,0,105,17,0,attack,attack
362,20,348,0,0,0,0,112,17,0,attack,attack
60,20,40,0,1,0,0,128,6,1729,normal,normal
1434,20,1420,0,1,0,0,241,6,80,normal,normal
1514,20,1500,0,1,0,0,63,6,22,normal,normal
269,20,255,0,0,0,0,58,17,0,normal,normal
64,20,50,0,1,0,0,63,6,143,normal,normal
60,20,40,0,1,0,0,41,6,9090,attack,attack
60,20,40,0,1,0,0,50,6,80,normal,normal
157,20,143,0,0,0,0,128,17,0,attack,attack
1514,20,1500,0,1,0,0,63,6,22,normal,normal
60,20,40,0,1,0,0,64,6,22,normal,normal
662,20,648,0,0,0,0,105,17,0,attack,attack
68,20,54,0,0,0,0,128,17,0,attack,attack
60,20,40,0,0,0,0,128,6,2141,attack,attack
212,20,198,0,1,0,0,111,17,0,attack,attack
62,20,48,0,0,0,0,128,17,0,attack,attack
1434,20,1420,0,1,0,0,48,6,80,normal,normal
102,20,88,0,1,0,0,64,6,22,normal,normal
62,20,48,0,1,0,0,63,6,22,normal,normal
62,20,48,0,0,0,0,128,17,0,attack,attack
60,20,40,0,1,0,0,128,6,2328,attack,attack
154,20,140,0,1,0,0,112,6,48544,attack,attack
1514,20,1500,0,1,0,0,63,6,22,normal,normal
1480,20,1466,0,0,0,0,111,17,0,attack,attack
662,20,648,0,0,0,0,111,17,0,attack,attack
62,20,48,0,0,0,0,128,17,0,attack,attack
1514,20,1500,0,1,0,0,63,6,22,normal,attack
1209,20,1195,0,1,0,0,41,6,80,normal,attack
134,20,120,0,1,0,0,52,6,64277,attack,attack
62,20,48,0,1,0,0,41,6,80,normal,attack
662,20,648,0,0,0,0,109,17,0,attack,attack
212,20,198,0,0,0,0,112,17,0,attack,attack
1490,20,1476,0,1,0,0,56,6,80,normal,normal
60,20,40,0,1,0,0,128,6,1026,attack,attack
1490,20,1476,0,1,0,0,56,6,80,normal,normal
62,20,48,0,1,0,0,109,6,26076,attack,attack
62,20,48,0,0,0,0,128,17,0,attack,attack
142,20,128,0,1,0,0,128,6,3169,normal,normal
62,20,48,0,0,0,0,128,17,0,attack,attack
1434,20,1420,0,1,0,0,241,6,80,normal,normal
362,20,348,0,0,0,0,45,17,0,attack,attack
126,20,112,0,1,0,0,128,6,1710,normal,normal
60,20,40,0,1,0,0,64,6,22,normal,normal
110,20,96,0,1,0,0,63,6,22,normal,normal
1514,20,1500,0,1,0,0,64,6,22,normal,normal
68,20,54,0,0,0,0,128,17,0,attack,attack
1514,20,1500,0,1,0,0,52,6,51413,attack,attack
60,20,40,0,1,0,0,64,6,22,attack,attack
70,20,56,0,1,0,0,128,6,2395,normal,normal
60,20,40,0,1,0,0,41,6,80,attack,attack
60,20,40,0,1,0,0,128,6,2985,normal,normal
62,20,48,0,0,0,0,128,17,0,attack,attack
60,20,40,0,1,0,0,64,6,22,normal,normal
62,20,48,0,0,0,0,128,17,0,attack,attack
1514,20,1500,0,1,0,0,108,6,57421,attack,attack
126,20,112,0,1,0,0,63,6,22,normal,normal
1514,20,1500,0,1,0,0,63,6,22,attack,attack
1514,20,1500,0,1,0,0,63,6,22,normal,normal
827,20,813,0,1,0,0,47,6,51413,attack,attack
1187,20,1173,0,1,0,0,56,6,80,normal,normal
60,20,40,0,1,0,0,128,6,3816,normal,normal
60,20,40,0,1,0,0,56,6,80,normal,normal
1514,20,1500,0,1,0,0,64,6,22,attack,attack
1514,20,1500,0,1,0,0,64,6,22,normal,normal
497,20,483,0,1,0,0,241,6,80,normal,normal
60,20,40,0,1,0,0,241,6,80,normal,normal
64,20,50,0,1,0,0,63,6,143,normal,normal
212,20,198,0,0,0,0,112,17,0,attack,attack
60,20,40,0,1,0,0,128,6,2090,attack,attack
62,20,48,0,0,0,0,128,17,0,attack,attack
1514,20,1500,0,1,0,0,63,6,22,normal,normal
134,20,120,0,1,0,0,63,6,22,normal,normal
60,20,40,0,1,0,0,112,6,35691,attack,attack
62,20,48,0,0,0,0,111,17,0,attack,attack
60,20,40,0,1,0,0,128,6,2131,attack,attack
126,20,112,0,1,0,0,128,6,59000,attack,attack
1514,20,1500,0,1,0,0,64,6,22,normal,normal
62,20,48,0,0,0,0,128,17,0,attack,attack
60,20,40,0,1,0,0,128,6,1721,normal,normal
62,20,48,0,0,0,0,128,17,0,attack,attack
1514,20,1500,0,1,0,0,63,6,22,normal,normal
62,20,48,0,0,0,0,128,17,0,attack,attack
1514,20,1500,0,1,0,0,64,6,22,normal,normal
1480,20,1466,0,0,0,0,45,17,0,attack,attack
1514,20,1500,0,1,0,0,63,6,22,attack,attack
1484,20,1470,0,0,0,0,55,6,80,normal,normal
62,20,48,0,0,0,0,128,17,0,attack,attack
62,20,48,0,1,0,0,63,6,22,attack,attack
1514,20,1500,0,1,0,0,63,6,22,normal,normal
1514,20,1500,0,1,0,0,64,6,22,normal,normal
1514,20,1500,0,1,0,0,64,6,22,normal,normal
1414,20,1400,0,1,0,0,112,6,48544,attack,attack
62,20,48,0,0,0,0,128,17,0,attack,attack
1514,20,1500,0,1,0,0,64,6,22,normal,normal
60,20,40,0,1,0,0,128,6,3019,normal,normal
1514,20,1500,0,1,0,0,63,6,22,normal,attack
1514,20,1500,0,1,0,0,64,6,22,normal,attack
212,20,198,0,0,0,0,112,17,0,attack,attack
62,20,48,0,1,0,0,41,6,80,normal,normal
62,20,48,0,0,0,0,128,17,0,attack,attack
68,20,54,0,0,0,0,128,17,0,attack,attack
110,20,96,0,1,0,0,63,6,22,normal,normal
1434,20,1420,0,1,0,0,110,6,80,normal,normal
60,20,40,0,1,0,0,128,6,4491,normal,normal
102,20,88,0,1,0,0,63,6,22,normal,normal
60,20,40,0,1,0,0,128,6,4894,normal,normal
62,20,48,0,0,0,0,128,17,0,attack,attack
122,20,108,0,1,0,0,42,6,6881,attack,attack
78,20,64,0,0,0,0,128,17,0,normal,normal
62,20,48,0,0,0,0,128,17,0,attack,attack
1514,20,1500,0,1,0,0,64,6,22,attack,attack
146,20,132,0,1,0,0,128,6,4573,normal,normal
1514,20,1500,0,1,0,0,52,6,80,normal,normal
1078,20,1064,0,1,0,0,47,6,51413,attack,attack
60,20,40,0,0,0,0,128,6,2109,attack,attack
62,20,48,0,0,0,0,128,17,0,attack,attack
102,20,88,0,1,0,0,128,6,15846,normal,normal
102,20,88,0,1,0,0,63,6,22,normal,normal
60,20,40,0,1,0,0,128,6,1028,attack,attack
566,20,552,0,0,0,0,47,6,51413,attack,attack
1506,20,1492,0,1,0,0,109,6,26076,attack,attack
1514,20,1500,0,1,0,0,41,6,80,attack,attack
1514,20,1500,0,1,0,0,106,6,27571,attack,attack
94,20,80,0,1,0,0,63,6,22,normal,normal
62,20,48,0,0,0,0,128,17,0,attack,attack
1514,20,1500,0,1,0,0,64,6,22,normal,normal
212,20,198,0,0,0,0,112,17,0,attack,attack
62,20,48,0,0,0,0,128,17,0,attack,attack
1514,20,1500,0,1,0,0,63,6,22,attack,attack
93,20,79,0,1,0,0,63,6,22,attack,attack
60,20,40,0,1,0,0,63,6,22,normal,normal
60,20,40,0,1,0,0,128,6,51060,normal,normal
774,20,760,0,1,0,0,63,6,22,attack,attack
212,20,198,0,0,0,0,111,17,0,attack,attack
1514,20,1500,0,1,0,0,64,6,22,attack,attack
1514,20,1500,0,1,0,0,41,6,80,normal,normal
427,20,413,0,1,0,0,241,6,80,normal,normal
83,20,69,0,0,0,0,64,17,0,normal,attack
363,20,349,0,1,0,0,64,6,143,normal,normal
60,20,40,0,1,0,0,128,6,2105,normal,attack
1514,20,1500,0,1,0,0,64,6,22,attack,attack
1514,20,1500,0,1,0,0,63,6,22,normal,attack
1480,20,1466,0,0,0,0,117,17,0,attack,attack
1514,20,1500,0,1,0,0,106,6,27571,attack,attack
1514,20,1500,0,1,0,0,41,6,80,normal,normal
126,20,112,0,1,0,0,128,6,3171,normal,normal
566,20,552,0,0,0,0,47,6,51413,attack,attack
60,20,40,0,1,0,0,63,6,22,normal,normal
1480,20,1466,0,0,0,0,115,17,0,attack,attack
60,20,40,0,1,0,0,63,6,22,normal,normal
62,20,48,0,0,0,0,128,17,0,attack,attack
1314,20,1300,0,1,0,0,48,6,55123,attack,attack
71,20,57,0,0,0,0,128,6,2214,attack,attack
393,20,379,0,0,0,0,63,17,0,normal,normal
62,20,48,0,0,0,0,106,17,0,attack,attack
60,20,40,0,1,0,0,128,6,3010,normal,normal
62,20,48,0,0,0,0,128,17,0,attack,attack
60,20,40,0,1,0,0,128,6,15841,normal,normal
62,20,48,0,0,0,0,128,17,0,attack,attack
1012,20,998,0,1,0,0,41,6,80,normal,normal
66,20,52,0,1,0,0,128,6,2131,attack,attack
1514,20,1500,0,1,0,0,63,6,22,attack,attack
1480,20,1466,0,0,0,0,111,17,0,attack,attack
60,20,40,0,1,0,0,128,6,15841,normal,normal
60,20,40,0,1,0,0,63,6,22,attack,attack
384,20,370,0,1,0,0,55,6,80,normal,normal
60,20,40,0,1,0,0,128,6,1729,normal,normal
1514,20,1500,0,1,0,0,64,6,22,normal,attack
68,20,54,0,0,0,0,128,17,0,attack,attack
62,20,48,0,0,0,0,128,17,0,attack,attack
1514,20,1500,0,1,0,0,64,6,22,normal,normal
60,20,40,0,1,0,0,128,6,4181,normal,normal
150,20,136,0,1,0,0,128,6,4179,normal,normal
1514,20,1500,0,1,0,0,64,6,22,normal,attack
126,20,112,0,1,0,0,128,6,4891,normal,normal
1514,20,1500,0,1,0,0,47,6,80,normal,normal
1514,20,1500,0,1,0,0,41,6,80,normal,normal
1506,20,1492,0,1,0,0,109,6,26076,attack,attack
62,20,48,0,0,0,0,128,17,0,attack,attack
1514,20,1500,0,1,0,0,108,6,57421,attack,attack
212,20,198,0,0,0,0,106,17,0,attack,attack
60,20,40,0,1,0,0,128,6,15846,normal,normal
62,20,48,0,1,0,0,56,6,80,normal,normal
60,20,40,0,1,0,0,128,6,4504,normal,normal
60,20,40,0,1,0,0,128,6,2114,attack,attack
827,20,813,0,1,0,0,52,6,51413,attack,attack
1480,20,1466,0,0,0,0,117,17,0,attack,attack
93,20,79,0,1,0,0,64,6,22,normal,attack
60,20,40,0,1,0,0,128,6,2106,attack,attack
62,20,48,0,0,0,0,128,17,0,attack,attack
60,20,40,0,1,0,0,128,6,1734,normal,normal
1514,20,1500,0,1,0,0,64,6,22,normal,normal
1506,20,1492,0,1,0,0,45,6,51413,attack,attack
60,20,40,0,1,0,0,41,6,80,attack,attack
212,20,198,0,0,0,0,105,17,0,attack,attack
460,20,446,0,1,0,0,59,6,80,normal,normal
60,20,40,0,1,0,0,63,6,22,normal,normal
418,20,404,0,1,0,0,63,6,22,normal,normal
362,20,348,0,0,0,0,112,17,0,attack,attack
60,20,40,0,1,0,0,128,6,2491,attack,normal
60,20,40,0,1,0,0,47,6,51413,attack,attack
62,20,48,0,0,0,0,107,17,0,attack,attack
60,20,40,0,1,0,0,128,6,4184,normal,normal
62,20,48,0,0,0,0,128,17,0,attack,attack
60,20,40,0,1,0,0,64,6,22,normal,normal
1514,20,1500,0,1,0,0,47,6,6969,attack,attack
62,20,48,0,0,0,0,128,17,0,attack,attack
1514,20,1500,0,1,0,0,47,6,51413,attack,attack
1514,20,1500,0,1,0,0,41,6,80,normal,normal
60,20,40,0,1,0,0,128,6,4502,normal,normal
60,20,40,0,1,0,0,64,6,22,normal,attack
62,20,48,0,0,0,0,108,17,0,attack,attack
62,20,48,0,0,0,0,128,17,0,attack,attack
60,20,40,0,1,0,0,128,6,4499,normal,normal
1514,20,1500,0,1,0,0,63,6,22,normal,normal
102,20,88,0,1,0,0,128,6,1719,normal,normal
126,20,112,0,1,0,0,128,6,15839,normal,normal
362,20,348,0,0,0,0,111,17,0,attack,attack
62,20,48,0,0,0,0,128,17,0,attack,attack
60,20,40,0,1,0,0,63,6,80,normal,normal
1514,20,1500,0,1,0,0,107,6,48412,attack,attack
62,20,48,0,0,0,0,128,17,0,attack,attack
62,20,48,0,0,0,0,128,17,0,attack,attack
1480,20,1466,0,0,0,0,113,17,0,attack,attack
1480,20,1466,0,0,0,0,110,17,0,attack,attack
60,20,40,0,1,0,0,128,6,2110,attack,attack
60,20,40,0,1,0,0,128,6,3816,normal,normal
1514,20,1500,0,1,0,0,64,6,22,normal,normal
1514,20,1500,0,1,0,0,64,6,80,normal,normal
1434,20,1420,0,1,0,0,241,6,80,normal,normal
60,20,40,0,1,0,0,128,6,2107,attack,attack
1514,20,1500,0,1,0,0,41,6,80,normal,normal
60,20,40,0,1,0,0,128,6,4181,normal,normal
1514,20,1500,0,1,0,0,63,6,22,normal,normal
60,20,40,0,1,0,0,128,6,3024,normal,normal
62,20,48,0,0,0,0,111,17,0,attack,attack
62,20,48,0,0,0,0,128,17,0,attack,attack
62,20,48,0,0,0,0,128,17,0,attack,attack
60,20,40,0,1,0,0,128,6,59000,attack,attack
362,20,348,0,0,0,0,108,17,0,attack,attack
62,20,48,0,0,0,0,128,17,0,attack,attack
650,20,636,0,1,0,0,128,6,51089,normal,normal
1480,20,1466,0,0,0,0,113,17,0,attack,attack
1434,20,1420,0,1,0,0,52,6,64277,attack,attack
454,20,440,0,1,0,0,48,6,55123,attack,attack
1514,20,1500,0,1,0,0,56,6,80,normal,normal
755,20,741,0,1,0,0,64,6,80,normal,normal
418,20,404,0,1,0,0,63,6,22,attack,attack
212,20,198,0,0,0,0,107,17,0,attack,attack
147,20,133,0,1,0,0,53,6,80,normal,normal
1514,20,1500,0,1,0,0,63,6,22,normal,normal
60,20,40,0,1,0,0,128,6,4534,normal,normal
1514,20,1500,0,1,0,0,63,6,22,normal,normal
60,20,40,0,1,0,0,128,6,2090,attack,attack
86,20,72,0,1,0,0,63,6,22,normal,normal
62,20,48,0,1,0,0,64,6,22,attack,attack
126,20,112,0,1,0,0,128,6,2397,normal,normal
60,20,40,0,1,0,0,41,6,80,normal,normal
83,20,69,0,0,0,0,64,17,0,normal,attack
1514,20,1500,0,1,0,0,64,6,22,normal,normal
1514,20,1500,0,1,0,0,63,6,22,normal,attack
60,20,40,0,1,0,0,128,6,2114,attack,attack
126,20,112,0,1,0,0,64,6,22,normal,normal
212,20,198,0,0,0,0,105,17,0,attack,attack
362,20,348,0,0,0,0,111,17,0,attack,attack
126,20,112,0,1,0,0,63,6,22,normal,normal
1514,20,1500,0,1,0,0,47,6,6969,attack,attack
212,20,198,0,0,0,0,112,17,0,attack,attack
1514,20,1500,0,1,0,0,64,6,22,normal,normal
60,20,40,0,1,0,0,128,6,3019,normal,normal
93,20,79,0,1,0,0,64,6,22,normal,normal
62,20,48,0,0,0,0,128,17,0,attack,attack
362,20,348,0,0,0,0,112,17,0,attack,attack
1514,20,1500,0,1,0,0,43,6,80,normal,normal
212,20,198,0,0,0,0,112,17,0,attack,attack
566,20,552,0,0,0,0,47,6,51413,attack,attack
1514,20,1500,0,1,0,0,64,6,22,attack,attack
212,20,198,0,0,0,0,106,17,0,attack,attack
62,20,48,0,0,0,0,128,17,0,attack,attack
1514,20,1500,0,1,0,0,64,6,22,normal,normal
391,20,377,0,1,0,0,108,6,57421,attack,attack
60,20,40,0,1,0,0,128,6,15866,normal,normal
1514,20,1500,0,1,0,0,63,6,22,normal,normal
1434,20,1420,0,1,0,0,241,6,80,normal,normal
62,20,48,0,0,0,0,128,17,0,attack,attack
1514,20,1500,0,1,0,0,64,6,22,normal,normal
110,20,96,0,1,0,0,63,6,22,normal,normal
60,20,40,0,1,0,0,128,6,4501,normal,normal
212,20,198,0,1,0,0,111,17,0,attack,attack
566,20,552,0,0,0,0,47,6,51413,attack,attack
62,20,48,0,1,0,0,128,6,3868,attack,attack
1514,20,1500,0,1,0,0,63,6,22,normal,normal
1514,20,1500,0,1,0,0,63,6,22,normal,normal
1514,20,1500,0,1,0,0,64,6,22,normal,normal
62,20,48,0,0,0,0,128,17,0,attack,attack
62,20,48,0,0,0,0,128,17,0,attack,attack
60,20,40,0,1,0,0,128,6,3937,normal,normal
60,20,40,0,1,0,0,128,6,3858,normal,normal
1480,20,1466,0,0,0,0,105,17,0,attack,attack
60,20,40,0,1,0,0,64,6,22,attack,attack
1514,20,1500,0,1,0,0,48,6,80,normal,normal
1514,20,1500,0,1,0,0,63,6,22,normal,normal
1514,20,1500,0,1,0,0,64,6,22,normal,normal
1514,20,1500,0,1,0,0,64,6,22,normal,normal
566,20,552,0,0,0,0,47,6,51413,attack,attack
62,20,48,0,1,0,0,41,6,80,normal,normal
1078,20,1064,0,1,0,0,41,6,9090,attack,attack
362,20,348,0,0,0,0,110,17,0,attack,attack
126,20,112,0,1,0,0,63,6,22,normal,normal
1434,20,1420,0,1,0,0,241,6,80,normal,normal
88,20,74,0,0,0,0,128,17,0,attack,attack
1480,20,1466,0,0,0,0,45,17,0,attack,attack
60,20,40,0,0,0,0,128,6,2214,attack,attack
1514,20,1500,0,1,0,0,64,6,22,normal,normal
1514,20,1500,0,1,0,0,64,6,22,normal,normal
60,20,40,0,1,0,0,41,6,80,normal,normal
86,20,72,0,1,0,0,64,6,22,normal,normal
212,20,198,0,1,0,0,111,17,0,attack,attack
362,20,348,0,0,0,0,112,17,0,attack,attack
60,20,40,0,1,0,0,128,6,1027,attack,attack
1514,20,1500,0,1,0,0,64,6,22,normal,normal
60,20,40,0,0,0,0,128,6,2214,attack,attack
60,20,40,0,1,0,0,45,6,80,normal,normal
60,20,40,0,1,0,0,48,6,80,normal,normal
1514,20,1500,0,1,0,0,64,6,22,normal,normal
1514,20,1500,0,1,0,0,64,6,22,normal,normal
1514,20,1500,0,1,0,0,64,6,22,normal,normal
86,20,72,0,1,0,0,255,17,0,attack,attack
62,20,48,0,1,0,0,128,6,3042,normal,normal
102,20,88,0,1,0,0,63,6,22,attack,attack
60,20,40,0,1,0,0,64,6,22,normal,normal
98,20,84,0,1,0,0,128,6,2296,attack,attack
1434,20,1420,0,1,0,0,241,6,80,normal,normal
1514,20,1500,0,1,0,0,63,6,22,normal,normal
1514,20,1500,0,1,0,0,64,6,22,normal,normal
212,20,198,0,1,0,0,111,17,0,attack,attack
1514,20,1500,0,1,0,0,64,6,22,normal,attack
838,20,824,0,1,0,0,64,6,22,attack,attack
60,20,40,0,1,0,0,41,6,80,normal,normal
60,20,40,0,1,0,0,63,6,22,attack,attack
1480,20,1466,0,1,0,0,110,17,0,attack,attack
1514,20,1500,0,1,0,0,63,6,22,attack,attack
62,20,48,0,1,0,0,64,6,22,normal,normal
60,20,40,0,1,0,0,64,6,22,normal,normal
134,20,120,0,1,0,0,64,6,22,normal,normal
662,20,648,0,0,0,0,112,17,0,attack,attack
134,20,120,0,1,0,0,52,6,64277,attack,attack
60,20,40,0,1,0,0,128,6,4015,normal,normal
1514,20,1500,0,1,0,0,63,6,22,normal,normal
62,20,48,0,0,0,0,128,17,0,attack,attack
60,20,40,0,1,0,0,56,6,80,normal,normal
1444,20,1430,0,1,0,0,56,6,80,normal,normal
62,20,48,0,0,0,0,128,17,0,attack,attack
1514,20,1500,0,1,0,0,41,6,80,normal,normal
60,20,40,0,1,0,0,128,6,4887,attack,attack
1514,20,1500,0,1,0,0,47,6,51413,attack,attack
60,20,40,0,1,0,0,64,6,80,normal,normal
62,20,48,0,0,0,0,128,17,0,attack,attack
62,20,48,0,0,0,0,128,17,0,attack,attack
212,20,198,0,0,0,0,112,17,0,attack,attack
60,20,40,0,1,0,0,128,6,2984,normal,normal
1480,20,1466,0,0,0,0,107,17,0,attack,attack
60,20,40,0,1,0,0,41,6,80,attack,attack
94,20,80,0,1,0,0,63,6,22,normal,normal
1514,20,1500,0,1,0,0,63,6,22,normal,normal
60,20,40,0,1,0,0,128,6,4901,normal,normal
294,20,280,0,1,0,0,128,6,1227,normal,normal
1514,20,1500,0,1,0,0,63,6,22,normal,normal
60,20,40,0,1,0,0,56,6,80,normal,normal
66,20,52,0,1,0,0,128,6,1989,attack,attack
60,20,40,0,1,0,0,128,6,3857,normal,normal
1514,20,1500,0,1,0,0,64,6,22,normal,attack
1480,20,1466,0,1,0,0,118,17,0,attack,attack
1514,20,1500,0,1,0,0,63,6,22,normal,normal
60,20,40,0,1,0,0,128,6,4575,normal,normal
107,20,93,0,1,0,0,128,6,2114,attack,attack
212,20,198,0,0,0,0,112,17,0,attack,attack
1514,20,1500,0,1,0,0,64,6,22,normal,normal
60,20,40,0,1,0,0,128,6,4501,normal,normal
212,20,198,0,0,0,0,105,17,0,attack,attack
909,20,895,0,1,0,0,63,6,80,normal,normal
62,20,48,0,0,0,0,128,17,0,attack,attack
60,20,40,0,1,0,0,63,6,22,normal,normal
60,20,40,0,1,0,0,64,6,22,normal,normal
1514,20,1500,0,1,0,0,64,6,22,normal,normal
60,20,40,0,1,0,0,128,6,3171,normal,normal
1514,20,1500,0,1,0,0,51,6,80,normal,normal
1480,20,1466,0,0,0,0,111,17,0,attack,attack
60,20,40,0,1,0,0,128,6,1739,normal,normal
60,20,40,0,1,0,0,128,6,2985,normal,normal
212,20,198,0,0,0,0,112,17,0,attack,attack
1514,20,1500,0,1,0,0,63,6,22,normal,attack
60,20,40,0,1,0,0,128,6,2396,normal,normal
838,20,824,0,1,0,0,64,6,22,normal,normal
60,20,40,0,1,0,0,128,6,4563,normal,normal
362,20,348,0,0,0,0,112,17,0,attack,attack
1480,20,1466,0,0,0,0,115,17,0,attack,attack
60,20,40,0,1,0,0,64,6,22,normal,normal
72,20,58,0,0,0,0,128,17,0,attack,attack
60,20,40,0,1,0,0,128,6,4026,normal,normal
1514,20,1500,0,1,0,0,54,6,80,normal,normal
1480,20,1466,0,1,0,0,110,17,0,attack,attack
62,20,48,0,0,0,0,128,17,0,attack,attack
1262,20,1248,0,0,0,0,110,17,0,attack,attack
1514,20,1500,0,1,0,0,64,6,22,attack,attack
60,20,40,0,1,0,0,128,6,1735,normal,normal
60,20,40,0,1,0,0,63,6,22,normal,normal
212,20,198,0,0,0,0,109,17,0,attack,attack
566,20,552,0,0,0,0,47,6,51413,attack,attack
60,20,40,0,1,0,0,128,6,4530,normal,normal
60,20,40,0,1,0,0,128,6,2090,attack,attack
1434,20,1420,0,1,0,0,52,6,64277,attack,attack
62,20,48,0,0,0,0,128,17,0,attack,attack
1480,20,1466,0,0,0,0,107,17,0,attack,attack
274,20,260,0,0,0,0,64,17,0,normal,normal
110,20,96,0,1,0,0,63,6,22,normal,attack
1514,20,1500,0,1,0,0,64,6,22,normal,normal
60,20,40,0,1,0,0,128,6,2985,normal,normal
60,20,40,0,1,0,0,128,6,4563,normal,normal
1434,20,1420,0,1,0,0,241,6,80,normal,normal
102,20,88,0,1,0,0,128,6,4786,attack,attack
1514,20,1500,0,1,0,0,107,6,48412,attack,attack
1480,20,1466,0,0,0,0,110,17,0,attack,attack
662,20,648,0,0,0,0,108,17,0,attack,attack
1514,20,1500,0,1,0,0,51,6,80,normal,normal
110,20,96,0,1,0,0,128,6,4859,attack,attack
1506,20,1492,0,1,0,0,112,6,35691,attack,attack
1480,20,1466,0,1,0,0,110,17,0,attack,attack
62,20,48,0,1,0,0,41,6,80,normal,normal
102,20,88,0,1,0,0,64,6,22,normal,normal
142,20,128,0,1,0,0,63,6,22,normal,attack
1490,20,1476,0,1,0,0,56,6,80,normal,normal
1514,20,1500,0,1,0,0,64,6,22,attack,attack
212,20,198,0,0,0,0,112,17,0,attack,attack
60,20,40,0,1,0,0,64,6,22,normal,normal
1514,20,1500,0,1,0,0,107,6,48412,attack,attack
66,20,52,0,1,0,0,128,6,51065,normal,normal
60,20,40,0,1,0,0,56,6,80,normal,normal
1480,20,1466,0,0,0,0,107,17,0,attack,attack
142,20,128,0,1,0,0,63,6,22,attack,attack
1514,20,1500,0,1,0,0,59,6,80,normal,normal
60,20,40,0,0,0,0,128,6,2109,attack,attack
1514,20,1500,0,1,0,0,63,6,22,normal,normal
62,20,48,0,0,0,0,112,17,0,attack,attack
86,20,72,0,1,0,0,63,6,22,normal,normal
62,20,48,0,0,0,0,128,17,0,attack,attack
110,20,96,0,1,0,0,128,6,4870,normal,attack
60,20,40,0,1,0,0,64,6,22,normal,attack
62,20,48,0,0,0,0,128,17,0,attack,attack
62,20,48,0,0,0,0,128,17,0,attack,attack
160,20,146,0,0,0,0,64,17,0,normal,normal
60,20,40,0,1,0,0,56,6,80,normal,normal
60,20,40,0,1,0,0,59,6,80,normal,normal
1514,20,1500,0,1,0,0,64,6,22,attack,attack
1514,20,1500,0,1,0,0,63,6,22,normal,normal
1514,20,1500,0,1,0,0,64,6,22,normal,normal
1514,20,1500,0,1,0,0,64,6,22,normal,normal
1262,20,1248,0,0,0,0,45,17,0,attack,attack
62,20,48,0,0,0,0,128,17,0,attack,attack
62,20,48,0,0,0,0,128,17,0,attack,attack
62,20,48,0,0,0,0,128,17,0,attack,attack
1514,20,1500,0,1,0,0,41,6,80,normal,normal
60,20,40,0,1,0,0,128,6,3866,attack,attack
62,20,48,0,1,0,0,64,6,22,normal,normal
373,20,359,0,1,0,0,48,6,80,normal,normal
60,20,40,0,1,0,0,128,6,1724,normal,normal
60,20,40,0,1,0,0,128,6,1240,normal,normal
1514,20,1500,0,1,0,0,64,6,22,normal,normal
1514,20,1500,0,1,0,0,48,6,80,normal,normal
117,20,103,0,1,0,0,128,6,3822,normal,normal
1514,20,1500,0,1,0,0,64,6,22,normal,normal
60,20,45,0,1,0,0,112,6,44817,attack,attack
136,20,122,0,1,0,0,128,6,15864,normal,normal
1514,20,1500,0,1,0,0,64,6,22,normal,normal
1434,20,1420,0,1,0,0,241,6,80,normal,normal
60,20,40,0,1,0,0,128,6,2115,attack,attack
498,20,484,0,1,0,0,241,6,80,normal,normal
416,20,402,0,1,0,0,241,6,80,normal,normal
60,20,40,0,1,0,0,64,6,22,normal,normal
60,20,40,0,0,0,0,128,6,2120,attack,attack
68,20,54,0,0,0,0,128,17,0,attack,attack
1514,20,1500,0,1,0,0,64,6,22,normal,normal
60,20,40,0,1,0,0,128,6,2472,normal,normal
1514,20,1500,0,1,0,0,64,6,22,normal,normal
1514,20,1500,0,1,0,0,63,6,22,normal,attack
60,20,40,0,1,0,0,128,6,15874,normal,normal
1480,20,1466,0,1,0,0,110,17,0,attack,attack
60,20,40,0,0,0,0,47,6,51413,attack,attack
60,20,40,0,1,0,0,128,6,2928,attack,attack
102,20,88,0,1,0,0,64,6,22,attack,attack
1506,20,1492,0,1,0,0,109,6,26076,attack,attack
212,20,198,0,0,0,0,112,17,0,attack,attack
1514,20,1500,0,1,0,0,50,6,80,normal,normal
206,20,192,0,1,0,0,128,6,2921,attack,attack
66,20,52,0,1,0,0,55,6,80,normal,normal
1514,20,1500,0,1,0,0,64,6,22,normal,normal
110,20,96,0,1,0,0,64,6,22,attack,attack
62,20,48,0,1,0,0,64,6,22,normal,normal
62,20,48,0,0,0,0,128,17,0,attack,attack
1514,20,1500,0,1,0,0,47,6,80,normal,normal
212,20,198,0,0,0,0,106,17,0,attack,attack
1514,20,1500,0,1,0,0,54,6,80,normal,normal
1514,20,1500,0,1,0,0,41,6,80,normal,normal
72,20,58,0,1,0,0,63,6,110,attack,attack
1480,20,1466,0,0,0,0,109,17,0,attack,attack
60,20,40,0,1,0,0,63,6,22,normal,normal
62,20,48,0,0,0,0,128,17,0,attack,attack
110,20,96,0,1,0,0,128,6,3172,normal,normal
60,20,40,0,1,0,0,128,6,3151,normal,normal
1514,20,1500,0,1,0,0,64,6,22,normal,normal
1514,20,1500,0,1,0,0,64,6,22,normal,normal
97,20,83,0,1,0,0,128,6,139,normal,normal
1434,20,1420,0,1,0,0,241,6,80,normal,normal
1514,20,1500,0,1,0,0,64,6,22,normal,normal
1480,20,1466,0,0,0,0,111,17,0,attack,attack
60,20,40,0,1,0,0,63,6,22,normal,normal
206,20,192,0,1,0,0,128,6,4864,attack,attack
124,20,110,0,0,0,0,64,17,0,attack,attack
1514,20,1500,0,1,0,0,63,6,22,normal,normal
248,20,234,0,1,0,0,246,6,80,normal,normal
1514,20,1500,0,1,0,0,47,6,51413,attack,attack
60,20,40,0,1,0,0,128,6,2997,normal,normal
1514,20,1500,0,1,0,0,64,6,22,normal,normal
60,20,40,0,1,0,0,128,6,4544,normal,normal
1514,20,1500,0,1,0,0,64,6,22,normal,attack
60,20,40,0,1,0,0,128,6,1027,attack,attack
60,20,40,0,1,0,0,128,6,2106,normal,attack
60,20,40,0,1,0,0,128,6,1715,normal,normal
1514,20,1500,0,1,0,0,63,6,22,normal,normal
1514,20,1500,0,1,0,0,64,6,22,normal,normal
110,20,96,0,1,0,0,64,6,22,normal,normal
662,20,648,0,0,0,0,112,17,0,attack,attack
154,20,140,0,1,0,0,112,6,48544,attack,attack
212,20,198,0,0,0,0,108,17,0,attack,attack
1514,20,1500,0,1,0,0,64,6,22,normal,normal
118,20,104,0,1,0,0,63,6,22,attack,attack
1480,20,1466,0,0,0,0,107,17,0,attack,attack
1514,20,1500,0,1,0,0,41,6,80,normal,normal
1480,20,1466,0,0,0,0,113,17,0,attack,attack
66,20,52,0,0,0,0,128,6,2109,attack,attack
1434,20,1420,0,1,0,0,241,6,80,normal,normal
1514,20,1500,0,1,0,0,64,6,22,attack,attack
1514,20,1500,0,1,0,0,59,6,80,normal,normal
62,20,48,0,0,0,0,128,17,0,attack,attack
294,20,280,0,1,0,0,128,6,1713,normal,normal
1514,20,1500,0,1,0,0,63,6,22,attack,attack
1434,20,1420,0,1,0,0,241,6,80,normal,normal
1514,20,1500,0,1,0,0,47,6,6969,attack,attack
861,20,847,0,0,0,0,115,17,0,attack,attack
60,20,40,0,1,0,0,128,6,4516,normal,normal
1514,20,1500,0,1,0,0,41,6,80,attack,attack
1514,20,1500,0,1,0,0,63,6,22,normal,normal
1514,20,1500,0,1,0,0,64,6,22,attack,normal
110,20,96,0,1,0,0,128,6,16816,normal,normal
60,20,40,0,1,0,0,128,6,1721,normal,normal
62,20,48,0,0,0,0,128,17,0,attack,attack
1434,20,1420,0,1,0,0,241,6,80,normal,normal
230,20,216,0,1,0,0,241,6,80,normal,normal
62,20,48,0,0,0,0,128,17,0,attack,attack
60,20,40,0,1,0,0,128,6,2309,attack,attack
1514,20,1500,0,1,0,0,63,6,22,attack,attack
60,20,40,0,1,0,0,128,6,2382,attack,attack
62,20,48,0,1,0,0,128,6,4971,attack,attack
92,20,78,0,1,0,0,128,6,3170,normal,normal
1514,20,1500,0,0,0,0,242,6,80,normal,normal
60,20,40,0,1,0,0,64,6,22,normal,normal
1506,20,1492,0,1,0,0,45,6,51413,attack,attack
62,20,48,0,1,0,0,43,6,80,normal,normal
60,20,40,0,1,0,0,128,6,4499,normal,normal
60,20,40,0,1,0,0,128,6,2401,normal,normal
1514,20,1500,0,1,0,0,63,6,22,normal,normal
362,20,348,0,0,0,0,45,17,0,attack,attack
68,20,54,0,0,0,0,128,17,0,attack,attack
1514,20,1500,0,1,0,0,63,6,22,normal,normal
1514,20,1500,0,1,0,0,64,6,22,normal,normal
1514,20,1500,0,1,0,0,63,6,22,attack,attack
62,20,48,0,0,0,0,128,17,0,attack,attack
93,20,79,0,1,0,0,63,6,22,normal,normal
1514,20,1500,0,1,0,0,64,6,22,normal,attack
1514,20,1500,0,1,0,0,64,6,22,normal,normal
60,20,40,0,1,0,0,128,6,16816,normal,normal
212,20,198,0,0,0,0,112,17,0,attack,attack
92,20,78,0,0,0,0,128,17,0,attack,attack
60,20,40,0,1,0,0,128,6,2107,attack,attack
62,20,48,0,0,0,0,128,17,0,attack,attack
1480,20,1466,0,0,0,0,113,17,0,attack,attack
92,20,78,0,1,0,0,56,6,80,normal,normal
212,20,198,0,0,0,0,106,17,0,attack,attack
154,20,140,0,1,0,0,112,6,48544,attack,attack
212,20,198,0,0,0,0,112,17,0,attack,attack
60,20,40,0,1,0,0,128,6,3816,normal,normal
62,20,48,0,0,0,0,128,17,0,attack,attack
1506,20,1492,0,1,0,0,45,6,51413,attack,attack
90,20,76,0,0,0,0,64,17,0,normal,normal
1514,20,1500,0,1,0,0,63,6,22,normal,normal
62,20,48,0,0,0,0,128,17,0,attack,attack
62,20,48,0,1,0,0,56,6,80,normal,normal
60,20,40,0,1,0,0,128,6,2985,normal,normal
1514,20,1500,0,1,0,0,52,6,80,normal,normal
62,20,48,0,0,0,0,112,17,0,attack,attack
110,20,96,0,1,0,0,128,6,4185,attack,attack
838,20,824,0,1,0,0,64,6,22,normal,normal
62,20,48,0,0,0,0,128,17,0,attack,attack
212,20,198,0,0,0,0,106,17,0,attack,attack
1480,20,1466,0,1,0,0,110,17,0,attack,attack
1514,20,1500,0,1,0,0,45,6,80,normal,normal
294,20,280,0,1,0,0,128,6,4787,attack,attack
62,20,48,0,1,0,0,128,6,1740,normal,normal
60,20,40,0,1,0,0,128,6,3816,normal,normal
60,20,40,0,1,0,0,63,6,22,attack,attack
60,20,40,0,1,0,0,128,6,4499,normal,normal
60,20,40,0,1,0,0,48,6,80,normal,normal
362,20,348,0,0,0,0,45,17,0,attack,attack
60,20,40,0,1,0,0,128,6,16816,normal,normal
1262,20,1248,0,0,0,0,110,17,0,attack,attack
1514,20,1500,0,1,0,0,64,6,22,attack,attack
1514,20,1500,0,1,0,0,106,6,27571,attack,attack
1514,20,1500,0,1,0,0,41,6,80,attack,attack
84,20,70,0,0,0,0,64,17,0,normal,normal
60,20,40,0,1,0,0,128,6,4901,normal,normal
774,20,760,0,1,0,0,63,6,22,normal,normal
62,20,48,0,0,0,0,128,17,0,attack,attack
60,20,40,0,1,0,0,128,6,3019,normal,normal
62,20,48,0,0,0,0,128,17,0,attack,attack
1514,20,1500,0,1,0,0,47,6,51413,attack,attack
1514,20,1500,0,1,0,0,43,6,80,attack,attack
861,20,847,0,0,0,0,113,17,0,attack,attack
1414,20,1400,0,1,0,0,112,6,48544,attack,attack
206,20,192,0,1,0,0,128,6,2926,attack,attack
60,20,40,0,0,0,0,128,6,2141,attack,attack
60,20,40,0,1,0,0,64,6,22,normal,normal
60,20,40,0,1,0,0,63,6,22,normal,normal
1514,20,1500,0,1,0,0,54,6,80,normal,normal
662,20,648,0,0,0,0,111,17,0,attack,attack
189,20,175,0,0,0,0,63,17,0,normal,normal
1434,20,1420,0,1,0,0,241,6,80,normal,normal
1514,20,1500,0,1,0,0,63,6,22,normal,normal
1514,20,1500,0,1,0,0,41,6,80,normal,normal
1514,20,1500,0,1,0,0,64,6,22,normal,normal
92,20,78,0,1,0,0,128,6,1228,normal,normal
60,20,40,0,1,0,0,128,6,4882,attack,attack
86,20,72,0,1,0,0,63,6,22,attack,attack
1514,20,1500,0,1,0,0,64,6,22,normal,normal
62,20,48,0,0,0,0,128,17,0,attack,attack
212,20,198,0,0,0,0,106,17,0,attack,attack
1514,20,1500,0,1,0,0,64,6,22,attack,attack
110,20,96,0,1,0,0,63,6,22,normal,normal
60,20,40,0,1,0,0,128,6,4966,attack,attack
126,20,112,0,1,0,0,64,6,22,normal,normal
62,20,48,0,0,0,0,128,17,0,attack,attack
60,20,40,0,1,0,0,128,6,4026,normal,normal
62,20,48,0,0,0,0,128,17,0,attack,attack
60,20,40,0,1,0,0,50,6,80,normal,normal
68,20,54,0,0,0,0,128,17,0,attack,attack
62,20,48,0,0,0,0,128,17,0,attack,attack
60,20,40,0,1,0,0,128,6,16816,normal,normal
1480,20,1466,0,0,0,0,115,17,0,attack,attack
60,20,40,0,1,0,0,63,6,22,normal,normal
212,20,198,0,0,0,0,112,17,0,attack,attack
1514,20,1500,0,1,0,0,63,6,22,normal,normal
1434,20,1420,0,1,0,0,240,6,80,normal,normal
1514,20,1500,0,1,0,0,45,6,80,normal,normal
706,20,692,0,1,0,0,64,6,80,normal,normal
1514,20,1500,0,1,0,0,63,6,22,normal,normal
1480,20,1466,0,1,0,0,118,17,0,attack,attack
62,20,48,0,0,0,0,128,17,0,attack,attack
142,20,128,0,1,0,0,128,6,4899,normal,normal
60,20,40,0,1,0,0,128,6,3019,normal,normal
60,20,40,0,1,0,0,128,6,2985,normal,normal
62,20,48,0,1,0,0,41,6,80,attack,attack
1514,20,1500,0,1,0,0,63,6,22,normal,normal
62,20,48,0,0,0,0,128,17,0,attack,attack
93,20,79,0,1,0,0,63,6,22,normal,normal
861,20,847,0,0,0,0,106,17,0,attack,attack
1514,20,1500,0,1,0,0,64,6,22,normal,normal
1490,20,1476,0,1,0,0,63,6,22,normal,normal
662,20,648,0,0,0,0,112,17,0,attack,attack
79,20,65,0,0,0,0,128,17,0,attack,attack
60,20,40,0,1,0,0,64,6,22,normal,normal
62,20,48,0,1,0,0,128,6,3863,attack,attack
62,20,48,0,1,0,0,128,6,4508,normal,normal
1514,20,1500,0,1,0,0,47,6,51413,attack,attack
161,20,147,0,1,0,0,128,6,4546,normal,normal
60,20,40,0,1,0,0,56,6,80,normal,normal
60,20,40,0,1,0,0,128,6,2367,attack,attack
838,20,824,0,1,0,0,63,6,22,normal,normal
60,20,40,0,1,0,0,128,6,3019,normal,normal
142,20,128,0,1,0,0,128,6,15850,normal,normal
212,20,198,0,0,0,0,112,17,0,attack,attack
590,20,576,0,0,0,0,113,6,6880,attack,attack
60,20,40,0,1,0,0,128,6,4875,attack,attack
1480,20,1466,0,0,0,0,107,17,0,attack,attack
1514,20,1500,0,1,0,0,64,6,22,normal,normal
1514,20,1500,0,1,0,0,64,6,22,attack,attack
1514,20,1500,0,1,0,0,64,6,22,normal,normal
1434,20,1420,0,1,0,0,241,6,80,normal,normal
60,20,40,0,1,0,0,63,6,22,normal,normal
1514,20,1500,0,1,0,0,52,6,80,normal,normal
1514,20,1500,0,1,0,0,64,6,22,attack,attack
1514,20,1500,0,1,0,0,107,6,48412,attack,attack
60,20,40,0,1,0,0,128,6,1722,normal,normal
1434,20,1420,0,1,0,0,46,6,80,normal,normal
1514,20,1500,0,1,0,0,43,6,80,attack,attack
1514,20,1500,0,1,0,0,43,6,80,normal,normal
362,20,348,0,0,0,0,45,17,0,attack,attack
1514,20,1500,0,1,0,0,63,6,22,normal,normal
102,20,88,0,1,0,0,63,6,22,attack,attack
191,20,177,0,1,0,0,128,6,4772,attack,attack
62,20,48,0,1,0,0,41,6,80,normal,normal
1514,20,1500,0,1,0,0,106,6,27571,attack,attack
1514,20,1500,0,1,0,0,52,6,80,normal,normal
1514,20,1500,0,1,0,0,41,6,80,normal,normal
1514,20,1500,0,1,0,0,63,6,22,normal,normal
1434,20,1420,0,1,0,0,240,6,80,normal,normal
1514,20,1500,0,1,0,0,64,6,22,attack,attack
1262,20,1248,0,0,0,0,110,17,0,attack,attack
1514,20,1500,0,1,0,0,106,6,27571,attack,attack
60,20,40,0,1,0,0,63,6,22,normal,normal
1514,20,1500,0,1,0,0,45,6,80,normal,normal
1514,20,1500,0,1,0,0,63,6,22,normal,attack
362,20,348,0,0,0,0,112,17,0,attack,attack
1514,20,1500,0,1,0,0,64,6,22,normal,normal
212,20,198,0,0,0,0,45,17,0,attack,attack
362,20,348,0,0,0,0,110,17,0,attack,attack
662,20,648,0,0,0,0,112,17,0,attack,attack
60,20,40,0,1,0,0,64,6,22,normal,attack
62,20,48,0,0,0,0,128,17,0,attack,attack
62,20,48,0,1,0,0,128,6,4534,normal,normal
1514,20,1500,0,1,0,0,64,6,22,attack,attack
1514,20,1500,0,1,0,0,63,6,22,normal,normal
590,20,576,0,0,0,0,113,6,6880,attack,attack
126,20,112,0,1,0,0,128,6,1711,normal,normal
62,20,48,0,0,0,0,128,17,0,attack,attack
1514,20,1500,0,1,0,0,64,6,22,normal,normal
126,20,112,0,1,0,0,63,6,22,attack,attack
1514,20,1500,0,1,0,0,64,6,22,normal,normal
62,20,48,0,0,0,0,128,17,0,attack,attack
60,20,40,0,1,0,0,64,6,22,normal,normal
362,20,348,0,0,0,0,45,17,0,attack,attack
60,20,40,0,1,0,0,63,6,22,normal,normal
86,20,72,0,0,0,0,64,17,0,normal,normal
60,20,40,0,1,0,0,128,6,2328,attack,attack
1514,20,1500,0,1,0,0,64,6,22,normal,normal
1514,20,1500,0,1,0,0,64,6,22,attack,attack
62,20,48,0,0,0,0,128,17,0,attack,attack
212,20,198,0,0,0,0,105,17,0,attack,attack
134,20,120,0,1,0,0,64,6,22,normal,normal
1514,20,1500,0,1,0,0,63,6,22,normal,attack
638,20,624,0,1,0,0,64,6,22,normal,attack
1514,20,1500,0,1,0,0,64,6,22,attack,attack
134,20,120,0,1,0,0,64,6,22,normal,normal
1514,20,1500,0,1,0,0,52,6,80,normal,normal
62,20,48,0,0,0,0,128,17,0,attack,attack
1506,20,1492,0,1,0,0,45,6,51413,attack,attack
60,20,40,0,1,0,0,128,6,51063,normal,normal
212,20,198,0,0,0,0,112,17,0,attack,attack
1434,20,1420,0,1,0,0,102,6,80,attack,attack
662,20,648,0,0,0,0,112,17,0,attack,attack
60,20,40,0,1,0,0,63,6,22,normal,normal
60,20,40,0,1,0,0,48,6,80,normal,normal
62,20,48,0,1,0,0,109,6,26076,attack,attack
62,20,48,0,0,0,0,128,17,0,attack,attack
1514,20,1500,0,1,0,0,41,6,80,normal,normal
1514,20,1500,0,1,0,0,64,6,22,normal,normal
60,20,40,0,1,0,0,128,6,1735,normal,normal
212,20,198,0,0,0,0,112,17,0,attack,attack
1078,20,1064,0,1,0,0,41,6,9090,attack,attack
1314,20,1300,0,1,0,0,48,6,55123,attack,attack
566,20,552,0,0,0,0,47,6,51413,attack,attack
1434,20,1420,0,1,0,0,240,6,80,normal,normal
1514,20,1500,0,1,0,0,64,6,22,normal,normal
212,20,198,0,0,0,0,112,17,0,attack,attack
146,20,132,0,1,0,0,128,6,1062,attack,attack
1514,20,1500,0,1,0,0,49,6,80,normal,normal
1514,20,1500,0,1,0,0,41,6,80,normal,normal
1514,20,1500,0,1,0,0,52,6,80,normal,normal
1514,20,1500,0,1,0,0,64,6,22,normal,normal
1514,20,1500,0,1,0,0,64,6,22,normal,normal
118,20,104,0,1,0,0,64,6,22,normal,normal
60,20,40,0,0,0,0,128,6,2141,attack,attack
1514,20,1500,0,1,0,0,63,6,22,normal,normal
62,20,48,0,0,0,0,128,17,0,attack,attack
1514,20,1500,0,1,0,0,64,6,22,normal,attack
62,20,48,0,1,0,0,50,6,80,normal,normal
1514,20,1500,0,1,0,0,63,6,22,normal,normal
60,20,40,0,1,0,0,128,6,3077,normal,normal
1514,20,1500,0,1,0,0,55,6,80,normal,normal
254,20,240,0,1,0,0,48,6,55123,attack,attack
62,20,48,0,0,0,0,128,17,0,attack,attack
60,20,40,0,1,0,0,128,6,1729,normal,normal
60,20,40,0,1,0,0,128,6,3816,normal,normal
212,20,198,0,0,0,0,112,17,0,attack,attack
1434,20,1420,0,1,0,0,241,6,80,normal,normal
1514,20,1500,0,1,0,0,64,6,22,normal,normal
212,20,198,0,0,0,0,108,17,0,attack,attack
102,20,88,0,1,0,0,128,6,16807,normal,normal
62,20,48,0,1,0,0,63,6,22,normal,normal
1514,20,1500,0,1,0,0,64,6,22,normal,normal
294,20,280,0,1,0,0,128,6,1220,normal,normal
1434,20,1420,0,1,0,0,241,6,80,normal,normal
62,20,48,0,0,0,0,128,17,0,attack,attack
1514,20,1500,0,1,0,0,41,6,80,normal,normal
1434,20,1420,0,1,0,0,241,6,80,normal,normal
60,20,40,0,1,0,0,128,6,3816,normal,normal
60,20,40,0,1,0,0,128,6,2090,attack,attack
71,20,57,0,0,0,0,128,6,2109,attack,attack
126,20,112,0,1,0,0,64,6,22,normal,normal
60,20,40,0,1,0,0,128,6,4516,normal,normal
60,20,40,0,1,0,0,128,6,4023,normal,normal
60,0,0,0,0,0,0,0,0,0,normal,normal
1514,20,1500,0,1,0,0,46,6,80,normal,normal
1434,20,1420,0,1,0,0,241,6,80,normal,normal
1434,20,1420,0,1,0,0,241,6,80,normal,normal
1502,20,1488,0,1,0,0,50,6,80,normal,normal
189,20,175,0,1,0,0,241,6,80,normal,normal
566,20,552,0,0,0,0,47,6,51413,attack,attack
1514,20,1500,0,1,0,0,47,6,51413,attack,attack
1262,20,1248,0,0,0,0,110,17,0,attack,attack
1514,20,1500,0,1,0,0,41,6,80,normal,normal
418,20,404,0,1,0,0,63,6,22,normal,normal
1514,20,1500,0,1,0,0,63,6,22,normal,normal
1514,20,1500,0,1,0,0,43,6,80,normal,normal
1514,20,1500,0,1,0,0,63,6,22,normal,normal
454,20,440,0,1,0,0,48,6,55123,attack,attack
60,20,40,0,0,0,0,128,6,2120,attack,attack
62,20,48,0,1,0,0,128,6,4493,normal,normal
1514,20,1500,0,1,0,0,64,6,22,normal,normal
102,20,88,0,1,0,0,64,6,22,normal,normal
1480,20,1466,0,0,0,0,45,17,0,attack,attack
1434,20,1420,0,1,0,0,241,6,80,normal,normal
110,20,96,0,1,0,0,128,6,58995,attack,attack
1506,20,1492,0,1,0,0,109,6,26076,attack,attack
1514,20,1500,0,1,0,0,117,6,80,normal,normal
294,20,280,0,1,0,0,128,6,2097,attack,attack
60,20,40,0,1,0,0,128,6,2296,attack,attack
126,20,112,0,1,0,0,128,6,16806,normal,normal
1434,20,1420,0,1,0,0,241,6,80,normal,normal
71,20,57,0,0,0,0,128,17,0,attack,attack
80,20,66,0,1,0,0,128,6,2110,attack,attack
1514,20,1500,0,1,0,0,63,6,22,normal,normal
838,20,824,0,1,0,0,64,6,22,attack,attack
838,20,824,0,1,0,0,64,6,22,attack,attack
60,20,40,0,1,0,0,64,6,22,attack,attack
212,20,198,0,0,0,0,107,17,0,attack,attack
60,20,40,0,1,0,0,42,6,6881,attack,attack
154,20,140,0,1,0,0,128,6,4506,normal,normal
1514,20,1500,0,1,0,0,64,6,22,attack,attack
86,20,72,0,1,0,0,255,17,0,attack,attack
1514,20,1500,0,1,0,0,63,6,22,normal,normal
126,20,112,0,1,0,0,128,6,4499,normal,normal
60,20,40,0,1,0,0,128,6,2354,attack,attack
662,20,648,0,0,0,0,111,17,0,attack,attack
827,20,813,0,1,0,0,47,6,51413,attack,attack
60,20,40,0,1,0,0,64,6,22,normal,normal
1514,20,1500,0,1,0,0,117,6,80,normal,normal
362,20,348,0,0,0,0,45,17,0,attack,attack
1434,20,1420,0,1,0,0,110,6,80,normal,normal
60,20,40,0,1,0,0,128,6,3160,normal,normal
418,20,404,0,1,0,0,64,6,22,normal,normal
60,20,40,0,1,0,0,128,6,2354,attack,attack
1514,20,1500,0,1,0,0,63,6,22,normal,normal
60,20,40,0,1,0,0,128,6,2404,normal,normal
62,20,48,0,0,0,0,128,17,0,attack,attack
62,20,48,0,0,0,0,128,17,0,attack,attack
60,20,40,0,1,0,0,128,6,4989,attack,attack
662,20,648,0,0,0,0,111,17,0,attack,attack
102,20,88,0,1,0,0,128,6,4863,attack,attack
60,20,40,0,1,0,0,64,6,22,normal,normal
66,20,52,0,1,0,0,55,6,80,normal,normal
212,20,198,0,0,0,0,106,17,0,attack,attack
1514,20,1500,0,1,0,0,64,6,22,attack,attack
60,20,40,0,1,0,0,56,6,80,normal,normal
66,20,52,0,1,0,0,128,6,51061,normal,normal
1514,20,1500,0,1,0,0,63,6,22,normal,normal
418,20,404,0,1,0,0,63,6,22,attack,attack
212,20,198,0,0,0,0,112,17,0,attack,attack
60,20,40,0,1,0,0,64,6,22,normal,normal
60,20,40,0,1,0,0,64,6,22,normal,normal
66,20,52,0,1,0,0,128,6,1989,attack,attack
110,20,96,0,1,0,0,128,6,2402,normal,normal
254,20,240,0,1,0,0,48,6,55123,attack,attack
1514,20,1500,0,1,0,0,63,6,22,normal,normal
60,20,40,0,1,0,0,63,6,22,normal,normal
1514,20,1500,0,1,0,0,117,6,80,normal,normal
1434,20,1420,0,1,0,0,241,6,80,normal,normal
1514,20,1500,0,1,0,0,64,6,22,attack,attack
1514,20,1500,0,1,0,0,108,6,57421,attack,attack
1514,20,1500,0,1,0,0,52,6,80,normal,normal
1262,20,1248,0,0,0,0,110,17,0,attack,attack
60,20,40,0,1,0,0,128,6,2928,normal,attack
1514,20,1500,0,1,0,0,45,6,80,normal,normal
212,20,198,0,0,0,0,45,17,0,attack,attack
60,20,40,0,1,0,0,64,6,22,normal,normal
1514,20,1500,0,1,0,0,63,6,22,normal,normal
62,20,48,0,0,0,0,128,17,0,attack,attack
1480,20,1466,0,1,0,0,110,17,0,attack,attack
62,20,48,0,0,0,0,128,17,0,attack,attack
1480,20,1466,0,0,0,0,111,17,0,attack,attack
62,20,48,0,1,0,0,64,6,22,attack,attack
1514,20,1500,0,1,0,0,63,6,22,normal,attack
60,20,40,0,1,0,0,128,6,2354,attack,attack
60,20,40,0,1,0,0,63,6,22,attack,attack
1514,20,1500,0,1,0,0,63,6,22,normal,normal
191,20,177,0,1,0,0,128,6,15864,normal,normal
1514,20,1500,0,1,0,0,63,6,22,attack,attack
62,20,48,0,0,0,0,128,17,0,attack,attack
60,20,40,0,1,0,0,63,6,80,normal,normal
60,20,40,0,1,0,0,128,6,3019,normal,normal
1514,20,1500,0,1,0,0,49,6,80,normal,normal
60,20,40,0,1,0,0,128,6,1734,normal,normal
1434,20,1420,0,1,0,0,102,6,80,attack,attack
212,20,198,0,0,0,0,112,17,0,attack,attack
60,20,40,0,1,0,0,63,6,22,normal,normal
1514,20,1500,0,1,0,0,64,6,22,normal,normal
60,20,40,0,0,0,0,128,6,2120,attack,attack
110,20,96,0,1,0,0,64,6,22,attack,attack
62,20,48,0,0,0,0,128,17,0,attack,attack
62,20,48,0,1,0,0,63,6,110,normal,normal
1514,20,1500,0,1,0,0,41,6,80,normal,normal
60,20,40,0,1,0,0,128,6,2131,attack,attack
60,20,40,0,1,0,0,128,6,3866,normal,attack
1514,20,1500,0,1,0,0,63,6,22,normal,normal
1514,20,1500,0,1,0,0,63,6,22,attack,attack
1514,20,1500,0,1,0,0,64,6,22,normal,normal
62,20,48,0,1,0,0,128,6,4178,normal,normal
206,20,192,0,1,0,0,128,6,1231,normal,normal
1514,20,1500,0,1,0,0,59,6,80,normal,normal
110,20,96,0,1,0,0,128,6,2492,normal,normal
62,20,48,0,0,0,0,128,17,0,attack,attack
60,20,40,0,1,0,0,128,6,16816,normal,normal
60,20,40,0,1,0,0,128,6,2328,attack,attack
60,20,40,0,1,0,0,128,6,3171,normal,normal
1514,20,1500,0,1,0,0,63,6,22,attack,attack
62,20,48,0,0,0,0,111,17,0,attack,attack
86,20,72,0,1,0,0,255,17,0,attack,attack
62,20,48,0,1,0,0,41,6,80,normal,normal
60,20,40,0,1,0,0,128,6,4875,attack,attack
60,20,40,0,1,0,0,128,6,4946,attack,attack
1514,20,1500,0,1,0,0,52,6,80,normal,normal
1514,20,1500,0,1,0,0,64,6,22,normal,normal
60,20,40,0,1,0,0,128,6,3937,normal,normal
212,20,198,0,0,0,0,108,17,0,attack,attack
60,20,40,0,1,0,0,128,6,3843,normal,normal
62,20,48,0,0,0,0,108,17,0,attack,attack
70,20,56,0,1,0,0,128,6,4187,attack,attack
60,20,40,0,1,0,0,64,6,22,normal,normal
70,20,56,0,1,0,0,128,6,2485,normal,normal
212,20,198,0,0,0,0,45,17,0,attack,attack
60,20,40,0,1,0,0,64,6,22,normal,normal
1514,20,1500,0,1,0,0,63,6,22,attack,attack
62,20,48,0,0,0,0,128,17,0,attack,attack
1514,20,1500,0,1,0,0,64,6,22,normal,normal
60,20,40,0,1,0,0,128,6,4532,normal,normal
62,20,48,0,0,0,0,128,17,0,attack,attack
1480,20,1466,0,1,0,0,118,17,0,attack,attack
60,20,40,0,1,0,0,128,6,2115,attack,attack
1434,20,1420,0,1,0,0,110,6,80,normal,normal
1514,20,1500,0,1,0,0,64,6,22,normal,normal
60,20,40,0,1,0,0,128,6,4563,normal,normal
1514,20,1500,0,1,0,0,54,6,80,normal,normal
1514,20,1500,0,1,0,0,63,6,22,normal,normal
212,20,198,0,0,0,0,105,17,0,attack,attack
1502,20,1488,0,1,0,0,50,6,80,normal,normal
60,20,40,0,1,0,0,128,6,3816,normal,normal
1514,20,1500,0,1,0,0,63,6,22,attack,attack
362,20,348,0,0,0,0,105,17,0,attack,attack
1514,20,1500,0,1,0,0,45,6,80,normal,normal
1514,20,1500,0,1,0,0,54,6,80,normal,normal
861,20,847,0,0,0,0,107,17,0,attack,attack
60,20,40,0,1,0,0,64,6,22,attack,attack
60,20,40,0,1,0,0,64,6,22,normal,normal
60,20,40,0,1,0,0,128,6,4529,normal,normal
60,20,40,0,1,0,0,64,6,22,normal,normal
1514,20,1500,0,1,0,0,64,6,22,attack,attack
1514,20,1500,0,1,0,0,41,6,80,normal,normal
62,20,48,0,0,0,0,128,17,0,attack,attack
141,20,127,0,0,0,0,111,17,0,attack,attack
212,20,198,0,0,0,0,112,17,0,attack,attack
94,20,80,0,1,0,0,64,6,22,normal,normal
62,20,48,0,0,0,0,128,17,0,attack,attack
94,20,80,0,1,0,0,128,6,3167,normal,normal
1434,20,1420,0,1,0,0,241,6,80,normal,normal
60,20,40,0,0,0,0,128,6,2141,attack,attack
1502,20,1488,0,1,0,0,50,6,80,normal,normal
60,20,40,0,1,0,0,128,6,2106,attack,attack
62,20,48,0,0,0,0,106,17,0,attack,attack
60,20,40,0,1,0,0,128,6,4788,attack,attack
60,20,40,0,1,0,0,64,6,22,attack,attack
62,20,48,0,0,0,0,128,17,0,attack,attack
60,20,40,0,1,0,0,128,6,2985,normal,normal
60,20,40,0,1,0,0,128,6,4563,normal,normal
86,20,72,0,1,0,0,64,6,22,attack,attack
60,20,40,0,1,0,0,128,6,3818,normal,normal
1434,20,1420,0,1,0,0,102,6,80,attack,attack
60,20,40,0,1,0,0,56,6,80,normal,normal
418,20,404,0,1,0,0,63,6,22,normal,normal
1514,20,1500,0,1,0,0,64,6,22,normal,normal
1514,20,1500,0,1,0,0,64,6,22,normal,normal
60,20,40,0,1,0,0,63,6,22,normal,normal
126,20,112,0,1,0,0,128,6,3937,normal,normal
68,20,54,0,0,0,0,128,17,0,attack,attack
60,20,40,0,1,0,0,128,6,1735,normal,normal
60,20,40,0,1,0,0,56,6,80,normal,normal
60,20,40,0,1,0,0,128,6,4181,normal,normal
60,20,40,0,1,0,0,64,6,22,normal,normal
189,20,175,0,1,0,0,241,6,80,normal,normal
1514,20,1500,0,1,0,0,64,6,22,normal,normal
60,20,40,0,1,0,0,64,6,22,normal,normal
1514,20,1500,0,1,0,0,41,6,80,normal,normal
1514,20,1500,0,1,0,0,63,6,22,normal,normal
1514,20,1500,0,1,0,0,41,6,80,normal,normal
60,20,40,0,1,0,0,128,6,3859,normal,normal
1514,20,1500,0,1,0,0,54,6,80,normal,normal
1514,20,1500,0,1,0,0,63,6,22,attack,attack
88,20,74,0,0,0,0,128,17,0,attack,attack
1514,20,1500,0,1,0,0,64,6,22,normal,normal
60,20,40,0,1,0,0,63,6,22,attack,attack
1514,20,1500,0,1,0,0,64,6,22,attack,attack
1514,20,1500,0,1,0,0,64,6,22,attack,attack
1514,20,1500,0,1,0,0,63,6,22,normal,attack
1514,20,1500,0,1,0,0,64,6,22,normal,attack
212,20,198,0,0,0,0,112,17,0,attack,attack
138,20,124,0,1,0,0,128,6,1027,attack,attack
62,20,48,0,0,0,0,128,17,0,attack,attack
1514,20,1500,0,1,0,0,43,6,80,normal,normal
399,20,385,0,1,0,0,109,6,26076,attack,attack
1514,20,1500,0,1,0,0,63,6,22,attack,attack
62,20,48,0,0,0,0,128,17,0,attack,attack
94,20,80,0,1,0,0,64,6,22,normal,normal
60,20,40,0,1,0,0,241,6,80,normal,normal
1514,20,1500,0,1,0,0,63,6,22,attack,attack
566,20,552,0,0,0,0,47,6,51413,attack,attack
86,20,72,0,1,0,0,63,6,22,normal,attack
60,20,40,0,1,0,0,128,6,2985,normal,normal
566,20,552,0,0,0,0,47,6,51413,attack,attack
60,20,40,0,1,0,0,128,6,3044,normal,normal
62,20,48,0,0,0,0,128,17,0,attack,attack
1414,20,1400,0,1,0,0,112,6,48544,attack,attack
1434,20,1420,0,1,0,0,241,6,80,normal,normal
1480,20,1466,0,1,0,0,110,17,0,attack,attack
362,20,348,0,0,0,0,112,17,0,attack,attack
212,20,198,0,0,0,0,106,17,0,attack,attack
60,0,0,0,0,0,0,0,0,0,normal,normal
1514,20,1500,0,1,0,0,64,6,22,normal,normal
1434,20,1420,0,1,0,0,102,6,80,attack,attack
60,20,40,0,1,0,0,128,6,1989,attack,attack
60,20,40,0,1,0,0,128,6,4901,normal,normal
1480,20,1466,0,0,0,0,111,17,0,attack,attack
60,20,40,0,1,0,0,64,6,22,normal,normal
60,20,40,0,1,0,0,128,6,2195,attack,attack
1514,20,1500,0,1,0,0,64,6,22,normal,normal
1434,20,1420,0,1,0,0,241,6,80,normal,normal
362,20,348,0,0,0,0,108,17,0,attack,attack
62,20,48,0,0,0,0,128,17,0,attack,attack
212,20,198,0,0,0,0,45,17,0,attack,attack
212,20,198,0,0,0,0,112,17,0,attack,attack
1514,20,1500,0,1,0,0,64,6,22,normal,normal
827,20,813,0,1,0,0,47,6,51413,attack,attack
60,20,40,0,1,0,0,128,6,2115,attack,attack
1514,20,1500,0,1,0,0,64,6,22,normal,normal
662,20,648,0,0,0,0,108,17,0,attack,attack
774,20,760,0,1,0,0,63,6,22,attack,attack
70,20,56,0,1,0,0,128,6,4491,normal,normal
774,20,760,0,1,0,0,63,6,22,normal,normal
590,20,576,0,0,0,0,113,6,6880,attack,attack
1514,20,1500,0,1,0,0,63,6,80,normal,normal
65,20,51,0,0,0,0,109,17,0,attack,attack
662,20,648,0,0,0,0,108,17,0,attack,attack
62,20,48,0,0,0,0,128,17,0,attack,attack
1480,20,1466,0,0,0,0,106,17,0,attack,attack
102,20,88,0,1,0,0,128,6,4494,normal,normal
1480,20,1466,0,0,0,0,107,17,0,attack,attack
212,20,198,0,0,0,0,112,17,0,normal,attack
1514,20,1500,0,1,0,0,64,6,22,normal,attack
206,20,192,0,1,0,0,128,6,4181,normal,normal
92,20,78,0,1,0,0,128,6,4005,normal,normal
1484,20,1470,0,0,0,0,55,6,80,normal,normal
130,20,116,0,1,0,0,128,6,3104,normal,normal
1480,20,1466,0,0,0,0,118,17,0,attack,attack
60,20,40,0,1,0,0,63,6,22,normal,normal
60,20,40,0,1,0,0,41,6,80,attack,attack
60,20,40,0,1,0,0,128,6,2106,attack,attack
1514,20,1500,0,1,0,0,64,6,22,attack,attack
60,20,40,0,1,0,0,63,6,22,normal,normal
134,20,120,0,1,0,0,64,6,22,normal,normal
1514,20,1500,0,1,0,0,63,6,22,normal,normal
60,20,40,0,1,0,0,128,6,3019,normal,normal
126,20,112,0,1,0,0,128,6,16814,normal,normal
60,20,40,0,1,0,0,63,6,22,normal,normal
60,20,40,0,1,0,0,64,6,22,normal,normal
294,20,280,0,1,0,0,128,6,58992,attack,attack
220,20,206,0,0,0,0,58,17,0,normal,normal
60,20,40,0,1,0,0,128,6,1027,attack,attack
60,20,40,0,1,0,0,128,6,2090,attack,attack
134,20,120,0,1,0,0,63,6,22,normal,normal
62,20,48,0,0,0,0,128,17,0,attack,attack
134,20,120,0,1,0,0,63,6,22,normal,normal
1514,20,1500,0,1,0,0,63,6,22,normal,attack
1514,20,1500,0,1,0,0,63,6,22,normal,normal
1514,20,1500,0,1,0,0,52,6,51413,attack,attack
60,20,40,0,1,0,0,128,6,4911,normal,normal
60,20,40,0,1,0,0,128,6,3866,normal,attack
212,20,198,0,0,0,0,112,17,0,attack,attack
60,20,40,0,0,0,0,128,6,2120,attack,attack
1434,20,1420,0,1,0,0,241,6,80,normal,normal
1480,20,1466,0,0,0,0,111,17,0,attack,attack
134,20,120,0,1,0,0,63,6,22,attack,attack
1434,20,1420,0,1,0,0,52,6,64277,attack,attack
60,20,40,0,1,0,0,128,6,1729,normal,normal
1514,20,1500,0,1,0,0,64,6,22,normal,normal
60,20,40,0,1,0,0,128,6,2929,attack,attack
134,20,120,0,1,0,0,52,6,64277,attack,attack
1514,20,1500,0,1,0,0,64,6,22,normal,normal
1514,20,1500,0,1,0,0,64,6,22,normal,normal
1514,20,1500,0,1,0,0,63,6,22,normal,normal
62,20,48,0,0,0,0,128,17,0,attack,attack
1434,20,1420,0,1,0,0,240,6,80,normal,normal
1414,20,1400,0,1,0,0,112,6,48544,attack,attack
60,20,40,0,1,0,0,128,6,3002,normal,normal
1514,20,1500,0,1,0,0,64,6,22,normal,normal
126,20,112,0,1,0,0,128,6,59000,attack,attack
60,20,40,0,1,0,0,63,6,22,normal,normal
1434,20,1420,0,1,0,0,241,6,80,normal,normal
60,20,40,0,1,0,0,128,6,59000,attack,attack
62,20,48,0,1,0,0,128,6,1032,attack,attack
62,20,48,0,0,0,0,128,17,0,attack,attack
1434,20,1420,0,1,0,0,52,6,64277,attack,attack
1434,20,1420,0,1,0,0,241,6,80,normal,normal
1480,20,1466,0,0,0,0,108,17,0,attack,attack
62,20,48,0,1,0,0,128,6,58991,attack,attack
60,20,40,0,1,0,0,64,6,22,normal,normal
60,20,40,0,1,0,0,63,6,22,normal,normal
60,20,40,0,1,0,0,128,6,2115,attack,attack
212,20,198,0,0,0,0,112,17,0,attack,attack
62,20,48,0,1,0,0,63,6,22,attack,attack
1480,20,1466,0,0,0,0,115,17,0,attack,attack
1506,20,1492,0,1,0,0,109,6,26076,attack,attack
165,20,151,0,1,0,0,128,6,4493,normal,normal
1514,20,1500,0,1,0,0,63,6,22,normal,normal
1480,20,1466,0,0,0,0,115,17,0,attack,attack
110,20,96,0,1,0,0,128,6,4013,normal,normal
60,20,40,0,1,0,0,128,6,4869,normal,attack
60,20,40,0,1,0,0,128,6,51063,normal,normal
662,20,648,0,0,0,0,108,17,0,attack,attack
102,20,88,0,1,0,0,128,6,2404,normal,normal
79,20,65,0,0,0,0,128,17,0,attack,attack
60,20,40,0,1,0,0,128,6,4025,normal,normal
60,20,40,0,1,0,0,128,6,15840,normal,normal
60,20,40,0,1,0,0,112,6,35691,attack,attack
88,20,74,0,0,0,0,128,17,0,attack,attack
1514,20,1500,0,1,0,0,64,6,22,attack,attack
147,20,133,0,1,0,0,108,6,57421,attack,attack
1484,20,1470,0,0,0,0,55,6,80,normal,normal
62,20,48,0,1,0,0,63,6,22,normal,normal
62,20,48,0,0,0,0,107,17,0,attack,attack
1480,20,1466,0,0,0,0,111,17,0,attack,attack
774,20,760,0,1,0,0,64,6,22,normal,normal
212,20,198,0,0,0,0,112,17,0,attack,attack
62,20,48,0,1,0,0,109,6,26076,attack,attack
60,20,40,0,1,0,0,128,6,15852,normal,normal
60,20,40,0,1,0,0,128,6,2367,attack,attack
60,20,40,0,1,0,0,128,6,1724,normal,normal
145,20,131,0,1,0,0,128,6,4962,attack,attack
60,20,40,0,1,0,0,64,6,22,attack,attack
362,20,348,0,0,0,0,45,17,0,attack,attack
1514,20,1500,0,1,0,0,63,6,22,normal,normal
662,20,648,0,0,0,0,108,17,0,attack,attack
1514,20,1500,0,1,0,0,48,6,80,normal,normal
60,20,40,0,1,0,0,128,6,2115,attack,attack
212,20,198,0,0,0,0,112,17,0,attack,attack
1480,20,1466,0,0,0,0,108,17,0,attack,attack
62,20,48,0,0,0,0,128,17,0,attack,attack
362,20,348,0,0,0,0,112,17,0,attack,attack
1514,20,1500,0,1,0,0,64,6,22,normal,normal
1514,20,1500,0,1,0,0,64,6,22,normal,normal
134,20,120,0,1,0,0,64,6,22,normal,normal
60,20,40,0,1,0,0,128,6,16819,normal,normal
60,20,40,0,1,0,0,128,6,3174,normal,normal
1514,20,1500,0,1,0,0,64,6,22,normal,normal
1514,20,1500,0,1,0,0,64,6,22,attack,attack
1484,20,1470,0,0,0,0,55,6,80,normal,normal
60,20,40,0,1,0,0,64,6,22,attack,attack
1514,20,1500,0,1,0,0,64,6,22,normal,normal
566,20,552,0,0,0,0,47,6,51413,attack,attack
154,20,140,0,1,0,0,112,6,48544,attack,attack
212,20,198,0,0,0,0,112,17,0,attack,attack
706,20,692,0,1,0,0,63,6,80,normal,normal
62,20,48,0,0,0,0,128,17,0,attack,attack
60,20,40,0,1,0,0,128,6,4182,attack,normal
60,20,40,0,1,0,0,128,6,2985,normal,normal
60,20,40,0,1,0,0,128,6,1721,normal,normal
60,20,40,0,1,0,0,63,6,22,normal,normal
62,20,48,0,1,0,0,63,6,22,normal,normal
1514,20,1500,0,1,0,0,64,6,22,normal,attack
215,20,201,0,1,0,0,50,6,80,normal,normal
1514,20,1500,0,1,0,0,47,6,80,normal,normal
62,20,48,0,0,0,0,128,17,0,attack,attack
212,20,198,0,1,0,0,111,17,0,attack,attack
60,20,40,0,1,0,0,63,6,22,normal,normal
1514,20,1500,0,1,0,0,52,6,80,normal,normal
97,20,83,0,0,0,0,128,17,0,attack,attack
60,20,40,0,1,0,0,128,6,4945,attack,attack
1514,20,1500,0,1,0,0,64,6,22,attack,attack
1514,20,1500,0,1,0,0,64,6,22,normal,normal
80,20,66,0,1,0,0,128,6,2090,attack,attack
1434,20,1420,0,1,0,0,241,6,80,normal,normal
60,20,40,0,1,0,0,128,6,2296,attack,attack
93,20,79,0,1,0,0,63,6,22,normal,normal
62,20,48,0,1,0,0,63,6,110,attack,attack
62,20,48,0,0,0,0,128,17,0,attack,attack
362,20,348,0,0,0,0,45,17,0,attack,attack
75,20,61,0,0,0,0,128,17,0,attack,attack
662,20,648,0,0,0,0,108,17,0,attack,attack
1514,20,1500,0,1,0,0,64,6,22,normal,normal
1514,20,1500,0,1,0,0,63,6,22,normal,normal
68,20,54,0,0,0,0,128,17,0,attack,attack
1434,20,1420,0,1,0,0,241,6,80,normal,normal
60,20,40,0,1,0,0,128,6,4504,normal,normal
147,20,133,0,1,0,0,128,6,1027,attack,attack
60,20,40,0,1,0,0,128,6,2401,normal,normal
60,20,40,0,1,0,0,128,6,1729,normal,normal
1480,20,1466,0,0,0,0,111,17,0,attack,attack
1514,20,1500,0,1,0,0,64,6,22,normal,attack
60,20,40,0,1,0,0,128,6,2131,attack,attack
838,20,824,0,1,0,0,64,6,22,normal,normal
662,20,648,0,0,0,0,112,17,0,attack,attack
60,20,40,0,1,0,0,128,6,15872,normal,normal
60,20,40,0,1,0,0,41,6,80,attack,attack
60,20,40,0,0,0,0,128,6,2141,attack,attack
212,20,198,0,0,0,0,108,17,0,attack,attack
60,20,40,0,1,0,0,128,6,1729,normal,normal
60,20,40,0,1,0,0,128,6,3866,attack,attack
130,20,116,0,1,0,0,128,6,3143,normal,normal
838,20,824,0,1,0,0,63,6,22,normal,normal
60,20,40,0,1,0,0,128,6,2195,attack,attack
1514,20,1500,0,1,0,0,63,6,22,normal,normal
60,20,40,0,1,0,0,63,6,80,normal,normal
60,20,40,0,1,0,0,41,6,80,attack,attack
60,20,40,0,1,0,0,128,6,2985,normal,normal
60,20,40,0,1,0,0,48,6,80,normal,normal
86,20,72,0,1,0,0,63,6,22,attack,attack
62,20,48,0,0,0,0,128,17,0,attack,attack
1506,20,1492,0,1,0,0,109,6,26076,attack,attack
774,20,760,0,1,0,0,63,6,22,attack,attack
60,20,40,0,1,0,0,56,6,80,normal,normal
62,20,48,0,0,0,0,128,17,0,attack,attack
60,20,40,0,1,0,0,128,6,3865,attack,attack
60,20,40,0,1,0,0,128,6,2318,attack,attack
60,20,40,0,1,0,0,128,6,3854,normal,normal
60,20,40,0,1,0,0,128,6,4479,normal,normal
102,20,88,0,1,0,0,64,6,22,attack,attack
1506,20,1492,0,1,0,0,45,6,51413,attack,attack
212,20,198,0,0,0,0,105,17,0,attack,attack
362,20,348,0,0,0,0,112,17,0,attack,attack
60,20,40,0,1,0,0,128,6,2367,attack,attack
1514,20,1500,0,1,0,0,63,6,22,normal,attack
60,20,40,0,1,0,0,128,6,2930,normal,attack
1514,20,1500,0,1,0,0,64,6,22,attack,attack
1434,20,1420,0,1,0,0,241,6,80,normal,normal
936,20,922,0,1,0,0,64,6,80,normal,normal
68,20,54,0,0,0,0,128,17,0,attack,attack
60,20,40,0,1,0,0,64,6,22,normal,normal
1514,20,1500,0,1,0,0,63,6,22,normal,normal
60,20,40,0,1,0,0,128,6,1225,normal,normal
89,20,75,0,1,0,0,128,6,2131,attack,attack
774,20,760,0,1,0,0,63,6,22,normal,normal
154,20,140,0,1,0,0,112,6,48544,attack,attack
662,20,648,0,0,0,0,108,17,0,attack,attack
1514,20,1500,0,1,0,0,64,6,22,normal,normal
1514,20,1500,0,1,0,0,64,6,22,attack,attack
294,20,280,0,1,0,0,128,6,4897,normal,normal
60,20,40,0,1,0,0,128,6,3019,normal,normal
88,20,74,0,0,0,0,128,17,0,attack,attack
1480,20,1466,0,0,0,0,117,17,0,attack,attack
1514,20,1500,0,1,0,0,54,6,80,normal,normal
1514,20,1500,0,1,0,0,64,6,22,normal,normal
212,20,198,0,0,0,0,105,17,0,attack,attack
60,20,40,0,1,0,0,128,6,3824,normal,normal
60,20,40,0,1,0,0,128,6,2985,normal,normal
60,20,40,0,1,0,0,128,6,4015,normal,normal
102,20,88,0,1,0,0,64,6,22,attack,attack
1514,20,1500,0,1,0,0,63,6,22,attack,attack
60,20,40,0,1,0,0,128,6,16816,normal,normal
1480,20,1466,0,0,0,0,45,17,0,attack,attack
62,20,48,0,1,0,0,109,6,26076,attack,attack
1514,20,1500,0,1,0,0,64,6,22,normal,normal
590,20,576,0,0,0,0,113,6,6880,attack,attack
1514,20,1500,0,1,0,0,64,6,22,normal,normal
126,20,112,0,1,0,0,63,6,22,normal,normal
62,20,48,0,0,0,0,128,17,0,attack,attack
331,20,317,0,1,0,0,48,6,55123,attack,attack
1514,20,1500,0,1,0,0,54,6,80,normal,normal
60,20,40,0,1,0,0,128,6,3009,normal,normal
62,20,48,0,0,0,0,106,17,0,attack,attack
1514,20,1500,0,1,0,0,64,6,22,normal,normal
418,20,404,0,1,0,0,64,6,22,normal,attack
1506,20,1492,0,1,0,0,45,6,51413,attack,attack
60,20,40,0,1,0,0,128,6,15875,normal,normal
62,20,48,0,0,0,0,128,17,0,attack,attack
60,20,40,0,1,0,0,128,6,3866,attack,attack
861,20,847,0,0,0,0,113,17,0,attack,attack
60,20,40,0,1,0,0,128,6,3132,normal,normal
1434,20,1420,0,1,0,0,241,6,80,normal,normal
60,20,40,0,1,0,0,128,6,2048,attack,attack
60,20,40,0,1,0,0,128,6,2928,attack,attack
362,20,348,0,0,0,0,112,17,0,attack,attack
1514,20,1500,0,1,0,0,59,6,80,normal,normal
62,20,48,0,0,0,0,128,17,0,attack,attack
820,20,806,0,1,0,0,53,6,80,normal,normal
1514,20,1500,0,1,0,0,64,6,22,normal,normal
362,20,348,0,0,0,0,108,17,0,attack,attack
60,20,40,0,1,0,0,128,6,4900,normal,normal
60,20,40,0,1,0,0,128,6,1724,normal,normal
212,20,198,0,0,0,0,112,17,0,attack,attack
60,20,40,0,1,0,0,64,6,22,attack,attack
1514,20,1500,0,1,0,0,41,6,80,normal,normal
110,20,96,0,1,0,0,64,6,22,attack,attack
212,20,198,0,0,0,0,112,17,0,attack,attack
608,20,594,0,1,0,0,241,6,80,normal,normal
1514,20,1500,0,1,0,0,64,6,22,normal,normal
62,20,48,0,0,0,0,128,17,0,attack,attack
60,20,40,0,1,0,0,128,6,3171,normal,normal
60,20,40,0,1,0,0,47,6,51413,attack,attack
60,20,40,0,1,0,0,128,6,4528,normal,normal
63,20,49,0,1,0,0,64,6,110,normal,normal
1262,20,1248,0,0,0,0,110,17,0,attack,attack
60,20,40,0,1,0,0,128,6,4511,normal,normal
566,20,552,0,0,0,0,47,6,51413,attack,attack
60,20,40,0,1,0,0,52,6,64277,attack,attack
774,20,760,0,1,0,0,64,6,22,attack,attack
62,20,48,0,0,0,0,110,17,0,attack,attack
1514,20,1500,0,1,0,0,64,6,22,normal,normal
110,20,96,0,1,0,0,64,6,22,attack,attack
1514,20,1500,0,1,0,0,63,6,22,normal,normal
1514,20,1500,0,1,0,0,64,6,22,normal,normal
60,20,40,0,1,0,0,128,6,3111,normal,normal
60,20,40,0,1,0,0,63,6,22,normal,normal
115,20,101,0,1,0,0,128,6,4486,normal,normal
60,20,40,0,1,0,0,128,6,4873,attack,attack
1514,20,1500,0,1,0,0,54,6,80,normal,normal
60,20,40,0,1,0,0,63,6,22,attack,attack
1480,20,1466,0,1,0,0,118,17,0,attack,attack
1434,20,1420,0,1,0,0,102,6,80,attack,attack
1078,20,1064,0,1,0,0,41,6,9090,attack,attack
60,20,40,0,1,0,0,128,6,4947,normal,attack
1514,20,1500,0,1,0,0,63,6,22,attack,attack
1506,20,1492,0,1,0,0,42,6,6881,attack,attack
1514,20,1500,0,1,0,0,41,6,80,attack,attack
60,20,40,0,1,0,0,128,6,4491,normal,normal
166,20,152,0,1,0,0,128,6,1737,normal,normal
86,20,72,0,1,0,0,255,17,0,attack,attack
212,20,198,0,0,0,0,45,17,0,attack,attack
62,20,48,0,1,0,0,63,6,80,normal,normal
62,20,48,0,0,0,0,128,17,0,attack,attack
62,20,48,0,0,0,0,128,17,0,attack,attack
212,20,198,0,0,0,0,112,17,0,attack,attack
1514,20,1500,0,1,0,0,63,6,22,normal,normal
60,20,40,0,1,0,0,128,6,2987,normal,normal
60,20,40,0,1,0,0,128,6,4501,normal,normal
60,20,40,0,1,0,0,128,6,2110,attack,attack
60,20,40,0,1,0,0,64,6,22,normal,normal
212,20,198,0,0,0,0,112,17,0,attack,attack
71,20,57,0,0,0,0,128,6,2109,attack,attack
212,20,198,0,0,0,0,112,17,0,attack,attack
60,20,40,0,1,0,0,128,6,2110,attack,attack
1480,20,1466,0,0,0,0,115,17,0,attack,attack
1434,20,1420,0,1,0,0,241,6,80,normal,normal
294,20,280,0,1,0,0,128,6,16806,normal,normal
60,20,40,0,1,0,0,128,6,4545,normal,normal
62,20,48,0,0,0,0,128,17,0,attack,attack
60,20,40,0,1,0,0,63,6,22,attack,attack
86,20,72,0,1,0,0,63,6,22,normal,normal
212,20,198,0,1,0,0,111,17,0,attack,attack
212,20,198,0,0,0,0,111,17,0,attack,attack
60,20,40,0,1,0,0,128,6,1239,normal,normal
1514,20,1500,0,1,0,0,64,6,22,normal,normal
1514,20,1500,0,1,0,0,64,6,22,attack,attack
294,20,280,0,1,0,0,128,6,4778,attack,attack
1506,20,1492,0,1,0,0,112,6,35691,attack,attack
60,20,40,0,1,0,0,128,6,1223,normal,normal
1514,20,1500,0,1,0,0,48,6,80,normal,normal
212,20,198,0,0,0,0,112,17,0,attack,attack
1514,20,1500,0,1,0,0,43,6,80,normal,normal
60,20,40,0,1,0,0,128,6,4869,normal,attack
60,20,40,0,1,0,0,128,6,3152,normal,normal
60,20,40,0,1,0,0,128,6,59000,attack,attack
418,20,404,0,1,0,0,63,6,22,normal,normal
1514,20,1500,0,1,0,0,47,6,51413,attack,attack
662,20,648,0,0,0,0,111,17,0,attack,attack
60,20,40,0,1,0,0,128,6,3866,attack,attack
60,20,40,0,1,0,0,128,6,3937,normal,normal
88,20,74,0,0,0,0,128,17,0,attack,attack
1514,20,1500,0,1,0,0,108,6,57421,attack,attack
62,20,48,0,0,0,0,128,17,0,attack,attack
1514,20,1500,0,1,0,0,64,6,22,normal,normal
338,20,324,0,0,0,0,58,17,0,normal,normal
1480,20,1466,0,0,0,0,113,17,0,attack,attack
1514,20,1500,0,1,0,0,52,6,51413,attack,attack
212,20,198,0,0,0,0,108,17,0,attack,attack
212,20,198,0,0,0,0,112,17,0,attack,attack
1494,20,1480,0,1,0,0,52,6,80,normal,normal
60,20,40,0,1,0,0,128,6,3019,normal,normal
60,20,40,0,1,0,0,128,6,4015,normal,normal
60,20,40,0,1,0,0,128,6,4517,normal,normal
134,20,120,0,1,0,0,63,6,22,attack,attack
60,20,40,0,1,0,0,128,6,51093,normal,normal
1434,20,1420,0,1,0,0,241,6,80,normal,normal
60,20,40,0,1,0,0,128,6,3144,normal,normal
1514,20,1500,0,1,0,0,64,6,22,normal,normal
60,20,40,0,1,0,0,63,6,22,normal,normal
1514,20,1500,0,1,0,0,63,6,22,normal,normal
1514,20,1500,0,1,0,0,64,6,22,attack,attack
62,20,48,0,0,0,0,128,17,0,attack,attack
1434,20,1420,0,1,0,0,241,6,80,normal,normal
60,20,40,0,1,0,0,63,6,22,normal,normal
60,20,40,0,1,0,0,63,6,22,attack,attack
62,20,48,0,0,0,0,111,17,0,attack,attack
60,20,44,0,1,0,0,128,6,139,normal,normal
190,20,176,0,1,0,0,64,6,22,normal,normal
1514,20,1500,0,1,0,0,64,6,22,normal,normal
60,20,40,0,1,0,0,128,6,15872,normal,normal
362,20,348,0,0,0,0,45,17,0,attack,attack
74,20,60,0,1,0,0,64,6,110,attack,attack
1434,20,1420,0,1,0,0,102,6,80,attack,attack
60,20,40,0,1,0,0,128,6,2296,attack,attack
443,20,429,0,0,0,0,63,17,0,normal,normal
62,20,48,0,0,0,0,128,17,0,attack,attack
60,20,40,0,1,0,0,128,6,1735,normal,normal
60,20,40,0,1,0,0,128,6,1058,attack,attack
1514,20,1500,0,1,0,0,64,6,22,normal,normal
1514,20,1500,0,1,0,0,64,6,22,attack,attack
60,20,40,0,1,0,0,128,6,1729,normal,normal
1514,20,1500,0,1,0,0,106,6,27571,attack,attack
134,20,120,0,1,0,0,63,6,22,normal,normal
60,20,40,0,1,0,0,128,6,4532,normal,normal
1514,20,1500,0,1,0,0,64,6,22,attack,normal
590,20,576,0,0,0,0,113,6,6880,attack,attack
1514,20,1500,0,1,0,0,64,6,22,normal,normal
60,20,40,0,1,0,0,128,6,2296,attack,attack
1514,20,1500,0,1,0,0,63,6,22,normal,normal
1514,20,1500,0,1,0,0,64,6,22,normal,normal
60,20,40,0,1,0,0,128,6,3023,normal,normal
60,20,40,0,1,0,0,128,6,2296,attack,attack
1514,20,1500,0,1,0,0,64,6,22,attack,attack
1514,20,1500,0,1,0,0,43,6,80,normal,normal
60,20,40,0,1,0,0,64,6,22,normal,normal
60,20,40,0,1,0,0,240,6,80,normal,normal
1106,20,1092,0,1,0,0,63,6,22,attack,attack
1434,20,1420,0,1,0,0,241,6,80,normal,normal
1514,20,1500,0,1,0,0,64,6,22,normal,normal
1514,20,1500,0,1,0,0,63,6,22,normal,normal
1514,20,1500,0,1,0,0,41,6,80,normal,normal
62,20,48,0,0,0,0,128,17,0,attack,attack
1514,20,1500,0,1,0,0,47,6,51413,attack,attack
1514,20,1500,0,1,0,0,64,6,22,normal,normal
60,20,40,0,1,0,0,128,6,4499,normal,normal
418,20,404,0,1,0,0,64,6,22,attack,attack
60,20,40,0,1,0,0,128,6,3019,normal,normal
60,20,40,0,1,0,0,53,6,80,normal,normal
126,20,112,0,1,0,0,64,6,22,normal,normal
157,20,143,0,1,0,0,128,6,1027,attack,attack
60,20,40,0,1,0,0,128,6,3820,normal,normal
60,20,40,0,1,0,0,128,6,1730,normal,normal
71,20,57,0,1,0,0,128,6,2115,attack,attack
102,20,88,0,1,0,0,63,6,22,normal,normal
212,20,198,0,0,0,0,111,17,0,attack,attack
60,20,40,0,1,0,0,128,6,2114,attack,attack
86,20,72,0,1,0,0,63,6,22,normal,normal
89,20,75,0,1,0,0,128,6,2367,attack,attack
60,20,40,0,1,0,0,128,6,1989,attack,attack
154,20,140,0,1,0,0,112,6,48544,normal,attack
102,20,88,0,1,0,0,64,6,22,normal,normal
1480,20,1466,0,0,0,0,108,17,0,attack,attack
60,20,40,0,1,0,0,63,6,22,attack,attack
1514,20,1500,0,1,0,0,63,6,22,normal,normal
1480,20,1466,0,1,0,0,110,17,0,attack,attack
62,20,48,0,0,0,0,128,17,0,attack,attack
1514,20,1500,0,1,0,0,49,6,80,normal,normal
190,20,176,0,1,0,0,64,6,22,normal,normal
1514,20,1500,0,1,0,0,41,6,80,attack,attack
60,20,40,0,1,0,0,128,6,1027,normal,attack
1514,20,1500,0,1,0,0,64,6,22,normal,normal
60,20,40,0,1,0,0,63,6,22,normal,normal
1514,20,1500,0,1,0,0,64,6,22,normal,normal
212,20,198,0,0,0,0,105,17,0,attack,attack
60,20,40,0,1,0,0,128,6,2985,normal,normal
1434,20,1420,0,1,0,0,241,6,80,normal,normal
537,20,523,0,1,0,0,47,6,80,normal,normal
71,20,57,0,1,0,0,41,6,80,attack,attack
1480,20,1466,0,0,0,0,111,17,0,attack,attack
1514,20,1500,0,1,0,0,64,6,22,attack,attack
60,20,40,0,1,0,0,128,6,15852,normal,normal
175,20,161,0,0,0,0,110,17,0,attack,attack
1514,20,1500,0,1,0,0,63,6,22,attack,attack
212,20,198,0,0,0,0,112,17,0,attack,attack
89,20,75,0,0,0,0,128,17,0,normal,normal
1506,20,1492,0,1,0,0,109,6,26076,attack,attack
60,20,40,0,1,0,0,128,6,4501,normal,normal
593,20,579,0,1,0,0,48,6,80,normal,normal
62,20,48,0,0,0,0,128,17,0,attack,attack
1262,20,1248,0,0,0,0,112,17,0,attack,attack
212,20,198,0,0,0,0,112,17,0,attack,attack
212,20,198,0,0,0,0,112,17,0,attack,attack
60,20,40,0,1,0,0,64,6,22,attack,attack
60,20,40,0,1,0,0,128,6,4788,normal,attack
60,20,40,0,1,0,0,63,6,22,normal,normal
60,20,40,0,1,0,0,128,6,1229,normal,normal
60,20,40,0,1,0,0,128,6,1092,attack,attack
1514,20,1500,0,1,0,0,47,6,80,normal,normal
391,20,377,0,1,0,0,108,6,57421,attack,attack
1514,20,1500,0,1,0,0,63,6,22,normal,normal
1514,20,1500,0,1,0,0,52,6,80,normal,normal
1514,20,1500,0,1,0,0,64,6,22,normal,normal
60,20,40,0,1,0,0,64,6,22,normal,normal
1514,20,1500,0,1,0,0,64,6,22,normal,normal
60,20,40,0,1,0,0,128,6,1723,normal,normal
142,20,128,0,1,0,0,128,6,3859,attack,attack
62,20,48,0,0,0,0,115,17,0,attack,attack
60,20,40,0,1,0,0,128,6,1729,normal,normal
60,20,40,0,1,0,0,64,6,22,attack,attack
60,20,40,0,1,0,0,128,6,4484,normal,normal
1514,20,1500,0,1,0,0,63,6,22,normal,normal
1514,20,1500,0,1,0,0,64,6,22,normal,normal
62,20,48,0,0,0,0,128,17,0,attack,attack
62,20,48,0,1,0,0,46,6,80,normal,normal
60,20,40,0,1,0,0,128,6,3019,normal,normal
1514,20,1500,0,1,0,0,117,6,80,normal,normal
1514,20,1500,0,1,0,0,63,6,22,normal,attack
60,20,40,0,1,0,0,49,6,80,normal,normal
1434,20,1420,0,1,0,0,241,6,80,normal,normal
212,20,198,0,0,0,0,112,17,0,attack,attack
118,20,104,0,1,0,0,63,6,22,attack,attack
1514,20,1500,0,1,0,0,64,6,22,normal,normal
1514,20,1500,0,1,0,0,64,6,22,normal,normal
212,20,198,0,0,0,0,106,17,0,attack,attack
150,20,136,0,0,0,0,128,17,0,attack,attack
212,20,198,0,0,0,0,112,17,0,attack,attack
60,20,40,0,1,0,0,128,6,15841,normal,normal
88,20,74,0,0,0,0,128,17,0,attack,attack
1314,20,1300,0,1,0,0,48,6,55123,attack,attack
1514,20,1500,0,1,0,0,63,6,22,normal,attack
78,20,64,0,1,0,0,109,6,26076,attack,attack
60,20,40,0,1,0,0,128,6,51063,normal,normal
566,20,552,0,0,0,0,47,6,51413,attack,attack
110,20,96,0,1,0,0,64,6,22,normal,normal
1514,20,1500,0,1,0,0,64,6,22,normal,normal
1514,20,1500,0,1,0,0,41,6,80,normal,normal
60,20,40,0,1,0,0,64,6,22,attack,attack
60,20,40,0,1,0,0,63,6,22,normal,normal
1514,20,1500,0,1,0,0,63,6,22,normal,normal
60,20,40,0,1,0,0,128,6,2985,normal,normal
1514,20,1500,0,1,0,0,63,6,22,normal,normal
60,20,40,0,1,0,0,128,6,2115,attack,attack
1514,20,1500,0,1,0,0,64,6,22,normal,normal
60,20,40,0,1,0,0,128,6,2354,attack,attack
1078,20,1064,0,1,0,0,41,6,9090,attack,attack
62,20,48,0,1,0,0,63,6,22,attack,attack
1514,20,1500,0,1,0,0,63,6,22,normal,normal
1480,20,1466,0,0,0,0,106,17,0,attack,attack
60,20,40,0,1,0,0,128,6,4788,normal,attack
62,20,48,0,1,0,0,56,6,80,normal,normal
861,20,847,0,0,0,0,115,17,0,attack,attack
62,20,48,0,0,0,0,128,17,0,attack,attack
60,20,40,0,1,0,0,128,6,4913,normal,normal
1514,20,1500,0,1,0,0,64,6,22,normal,normal
60,20,40,0,1,0,0,128,6,2195,attack,attack
62,20,48,0,0,0,0,128,17,0,attack,attack
62,20,48,0,0,0,0,128,17,0,attack,attack
60,20,40,0,1,0,0,128,6,3086,normal,normal
60,20,40,0,1,0,0,128,6,3848,normal,normal
60,20,40,0,1,0,0,64,6,22,attack,attack
566,20,552,0,0,0,0,47,6,51413,attack,attack
60,20,40,0,1,0,0,128,6,1722,normal,normal
1434,20,1420,0,1,0,0,241,6,80,normal,normal
60,20,40,0,1,0,0,128,6,1729,normal,normal
1480,20,1466,0,1,0,0,110,17,0,attack,attack
1434,20,1420,0,1,0,0,241,6,80,normal,normal
1514,20,1500,0,1,0,0,64,6,22,normal,normal
1514,20,1500,0,1,0,0,59,6,80,normal,normal
60,20,40,0,1,0,0,128,6,4788,attack,attack
1434,20,1420,0,1,0,0,48,6,80,normal,normal
1514,20,1500,0,1,0,0,51,6,80,normal,normal
60,20,40,0,1,0,0,128,6,2106,normal,attack
110,20,96,0,1,0,0,64,6,22,normal,normal
62,20,48,0,0,0,0,128,17,0,attack,attack
1514,20,1500,0,1,0,0,64,6,22,normal,normal
60,20,40,0,1,0,0,63,6,22,attack,attack
60,20,40,0,0,0,0,128,6,2120,attack,attack
212,20,198,0,0,0,0,106,17,0,attack,attack
62,20,48,0,0,0,0,128,17,0,attack,attack
1514,20,1500,0,1,0,0,107,6,48412,attack,attack
254,20,240,0,1,0,0,48,6,55123,attack,attack
1434,20,1420,0,0,0,0,46,6,80,normal,normal
60,20,40,0,1,0,0,128,6,2106,normal,attack
62,20,48,0,0,0,0,128,17,0,attack,attack
60,20,40,0,1,0,0,63,6,22,attack,attack
60,20,40,0,1,0,0,128,6,4505,normal,normal
1514,20,1500,0,1,0,0,63,6,22,attack,attack
133,20,119,0,1,0,0,128,6,1726,normal,normal
88,20,74,0,0,0,0,128,17,0,attack,attack
706,20,692,0,1,0,0,64,6,80,normal,normal
60,20,40,0,1,0,0,128,6,4788,attack,attack
60,20,40,0,1,0,0,128,6,4544,normal,normal
1514,20,1500,0,1,0,0,47,6,51413,attack,attack
362,20,348,0,0,0,0,45,17,0,attack,attack
60,20,40,0,1,0,0,128,6,3172,normal,normal
1514,20,1500,0,1,0,0,41,6,80,normal,normal
1480,20,1466,0,0,0,0,106,17,0,attack,attack
60,20,40,0,1,0,0,128,6,2354,attack,attack
60,20,40,0,1,0,0,128,6,3866,attack,attack
190,20,176,0,1,0,0,63,6,22,normal,attack
1514,20,1500,0,1,0,0,45,6,80,normal,normal
1506,20,1492,0,1,0,0,112,6,35691,attack,attack
62,20,48,0,1,0,0,128,6,2394,normal,normal
60,20,40,0,1,0,0,128,6,2928,normal,attack
60,20,40,0,1,0,0,56,6,80,normal,normal
1514,20,1500,0,1,0,0,43,6,80,normal,normal
212,20,198,0,0,0,0,112,17,0,attack,attack
60,20,40,0,1,0,0,128,6,15873,normal,normal
60,20,40,0,1,0,0,128,6,3014,normal,normal
1480,20,1466,0,0,0,0,107,17,0,attack,attack
60,20,40,0,1,0,0,128,6,1229,normal,normal
60,20,40,0,1,0,0,63,6,22,normal,normal
1514,20,1500,0,1,0,0,63,6,22,attack,attack
118,20,104,0,1,0,0,64,6,22,normal,normal
1514,20,1500,0,1,0,0,63,6,22,normal,normal
1514,20,1500,0,1,0,0,52,6,80,normal,normal
62,20,48,0,0,0,0,128,17,0,attack,attack
60,20,40,0,1,0,0,128,6,2928,attack,attack
362,20,348,0,0,0,0,105,17,0,attack,attack
60,20,40,0,1,0,0,128,6,51070,normal,normal
1514,20,1500,0,1,0,0,63,6,22,normal,normal
60,20,40,0,1,0,0,128,6,1727,normal,normal
1514,20,1500,0,1,0,0,63,6,22,normal,normal
126,20,112,0,1,0,0,128,6,4181,normal,normal
142,20,128,0,1,0,0,64,6,22,normal,normal
62,20,48,0,1,0,0,128,6,4880,attack,attack
1262,20,1248,0,0,0,0,110,17,0,attack,attack
1078,20,1064,0,1,0,0,52,6,51413,attack,attack
1514,20,1500,0,1,0,0,106,6,27571,attack,attack
1514,20,1500,0,1,0,0,63,6,22,normal,normal
178,20,164,0,0,0,0,63,17,0,normal,normal
102,20,88,0,1,0,0,63,6,22,normal,normal
1514,20,1500,0,1,0,0,63,6,22,normal,normal
1514,20,1500,0,1,0,0,64,6,22,attack,attack
62,20,48,0,0,0,0,128,17,0,attack,attack
362,20,348,0,0,0,0,112,17,0,attack,attack
62,20,48,0,1,0,0,63,6,22,normal,normal
60,20,40,0,0,0,0,128,6,2120,attack,attack
60,20,40,0,1,0,0,128,6,2402,normal,normal
86,20,72,0,1,0,0,63,6,22,attack,attack
86,20,72,0,1,0,0,64,6,22,normal,normal
110,20,96,0,1,0,0,64,6,22,normal,normal
547,20,533,0,1,0,0,47,6,80,normal,normal
566,20,552,0,0,0,0,47,6,51413,attack,attack
60,20,40,0,1,0,0,64,6,22,normal,normal
1480,20,1466,0,0,0,0,45,17,0,attack,attack
60,20,40,0,1,0,0,64,6,22,normal,normal
782,20,768,0,1,0,0,63,6,22,normal,normal
1514,20,1500,0,1,0,0,64,6,22,attack,attack
391,20,377,0,0,0,0,108,6,51884,attack,attack
566,20,552,0,0,0,0,47,6,51413,attack,attack
126,20,112,0,1,0,0,128,6,2399,normal,normal
86,20,72,0,1,0,0,64,6,22,normal,normal
60,20,40,0,1,0,0,64,6,22,normal,normal
566,20,552,0,0,0,0,47,6,51413,attack,attack
60,20,40,0,1,0,0,128,6,3823,normal,normal
126,20,112,0,1,0,0,128,6,2106,normal,attack
60,20,40,0,1,0,0,128,6,3019,normal,normal
62,20,48,0,1,0,0,128,6,4568,normal,normal
60,20,40,0,1,0,0,128,6,1989,attack,attack
60,20,40,0,1,0,0,128,6,1734,normal,normal
102,20,88,0,1,0,0,63,6,22,normal,normal
60,20,40,0,1,0,0,63,6,22,normal,normal
102,20,88,0,1,0,0,128,6,1224,normal,normal
60,20,40,0,1,0,0,128,6,4485,normal,normal
212,20,198,0,0,0,0,112,17,0,normal,attack
212,20,198,0,0,0,0,112,17,0,attack,attack
254,20,240,0,1,0,0,48,6,55123,attack,attack
80,20,66,0,1,0,0,128,6,2115,attack,attack
62,20,48,0,0,0,0,128,17,0,attack,attack
62,20,48,0,0,0,0,128,17,0,attack,attack
212,20,198,0,0,0,0,112,17,0,attack,attack
60,20,40,0,1,0,0,63,6,22,normal,normal
1514,20,1500,0,1,0,0,64,6,22,normal,normal
1514,20,1500,0,1,0,0,64,6,22,normal,normal
60,20,40,0,1,0,0,59,6,80,normal,normal
1514,20,1500,0,1,0,0,64,6,22,attack,attack
1514,20,1500,0,1,0,0,107,6,48412,attack,attack
60,20,40,0,1,0,0,128,6,2985,normal,normal
212,20,198,0,0,0,0,112,17,0,attack,attack
62,20,48,0,1,0,0,63,6,22,normal,normal
62,20,48,0,0,0,0,128,17,0,attack,attack
60,20,40,0,1,0,0,64,6,22,normal,normal
62,20,48,0,0,0,0,128,17,0,attack,attack
60,20,40,0,1,0,0,48,6,80,normal,normal
62,20,48,0,1,0,0,43,6,80,normal,normal
134,20,120,0,1,0,0,241,6,80,normal,normal
60,20,40,0,1,0,0,128,6,1724,normal,normal
98,20,84,0,1,0,0,128,6,2115,attack,attack
62,20,48,0,0,0,0,128,17,0,attack,attack
1514,20,1500,0,1,0,0,63,6,22,normal,normal
1514,20,1500,0,1,0,0,64,6,22,normal,attack
1514,20,1500,0,1,0,0,64,6,22,attack,attack
1514,20,1500,0,1,0,0,41,6,80,normal,normal
1434,20,1420,0,1,0,0,241,6,80,normal,normal
1514,20,1500,0,1,0,0,63,6,22,attack,attack
110,20,96,0,1,0,0,64,6,22,normal,normal
274,20,260,0,1,0,0,50,6,80,normal,normal
62,20,48,0,0,0,0,128,17,0,attack,attack
67,20,53,0,1,0,0,45,6,51413,attack,attack
60,20,40,0,1,0,0,52,6,64277,attack,attack
60,20,40,0,1,0,0,56,6,80,normal,normal
1514,20,1500,0,1,0,0,64,6,22,normal,attack
62,20,48,0,1,0,0,56,6,80,normal,normal
78,20,64,0,0,0,0,128,17,0,normal,normal
60,20,40,0,1,0,0,54,6,80,normal,normal
60,20,40,0,1,0,0,128,6,4493,normal,normal
126,20,112,0,1,0,0,64,6,22,attack,attack
86,20,72,0,1,0,0,255,17,0,attack,attack
60,20,40,0,1,0,0,128,6,1741,normal,normal
1514,20,1500,0,1,0,0,107,6,48412,attack,attack
62,20,48,0,0,0,0,128,17,0,attack,attack
1434,20,1420,0,1,0,0,52,6,64277,attack,attack
1514,20,1500,0,1,0,0,63,6,22,attack,attack
1514,20,1500,0,1,0,0,63,6,22,normal,normal
60,20,40,0,1,0,0,128,6,3068,normal,normal
212,20,198,0,1,0,0,111,17,0,attack,attack
1514,20,1500,0,1,0,0,59,6,80,normal,normal
60,20,40,0,1,0,0,41,6,80,attack,attack
60,20,40,0,1,0,0,128,6,3858,normal,normal
93,20,79,0,1,0,0,64,6,22,normal,normal
62,20,48,0,0,0,0,128,17,0,attack,attack
60,20,40,0,1,0,0,128,6,4501,normal,normal
60,20,40,0,1,0,0,128,6,1027,attack,attack
60,20,40,0,1,0,0,64,6,22,normal,attack
1514,20,1500,0,1,0,0,47,6,80,normal,normal
60,20,40,0,1,0,0,128,6,2115,attack,attack
86,20,72,0,1,0,0,64,6,22,attack,attack
102,20,88,0,1,0,0,63,6,22,attack,attack
190,20,176,0,1,0,0,63,6,22,normal,normal
62,20,48,0,0,0,0,128,17,0,attack,attack
1514,20,1500,0,1,0,0,106,6,27571,attack,attack
60,20,40,0,1,0,0,128,6,2115,attack,attack
62,20,48,0,0,0,0,128,17,0,attack,attack
1514,20,1500,0,1,0,0,63,6,22,normal,normal
1514,20,1500,0,1,0,0,64,6,22,attack,attack
1514,20,1500,0,1,0,0,63,6,22,normal,normal
126,20,112,0,1,0,0,128,6,4501,normal,normal
66,20,52,0,1,0,0,64,6,52173,attack,attack
1434,20,1420,0,1,0,0,241,6,80,normal,normal
566,20,552,0,0,0,0,47,6,51413,attack,attack
62,20,48,0,0,0,0,128,17,0,attack,attack
1514,20,1500,0,1,0,0,54,6,80,normal,normal
384,20,370,0,1,0,0,55,6,80,normal,normal
62,20,48,0,0,0,0,128,17,0,attack,attack
60,20,40,0,1,0,0,128,6,1739,normal,normal
66,20,52,0,1,0,0,55,6,80,normal,normal
1514,20,1500,0,1,0,0,64,6,22,attack,attack
212,20,198,0,0,0,0,112,17,0,attack,attack
62,20,48,0,0,0,0,128,17,0,attack,attack
60,20,40,0,1,0,0,128,6,3019,normal,normal
418,20,404,0,1,0,0,63,6,22,normal,normal
102,20,88,0,1,0,0,128,6,3161,normal,normal
1514,20,1500,0,1,0,0,117,6,80,normal,normal
1434,20,1420,0,1,0,0,241,6,80,normal,normal
1514,20,1500,0,1,0,0,63,6,22,normal,normal
1414,20,1400,0,1,0,0,112,6,48544,attack,attack
418,20,404,0,1,0,0,64,6,22,normal,normal
60,20,40,0,1,0,0,63,6,22,attack,attack
60,20,40,0,0,0,0,128,6,2109,attack,attack
1480,20,1466,0,0,0,0,111,17,0,attack,attack
102,20,88,0,1,0,0,63,6,22,attack,attack
212,20,198,0,1,0,0,111,17,0,attack,attack
418,20,404,0,1,0,0,63,6,22,normal,normal
362,20,348,0,0,0,0,45,17,0,attack,attack
1514,20,1500,0,1,0,0,52,6,80,normal,normal
62,20,48,0,0,0,0,115,17,0,attack,attack
1514,20,1500,0,1,0,0,63,6,22,normal,attack
60,20,40,0,1,0,0,128,6,2318,attack,attack
1514,20,1500,0,1,0,0,41,6,80,normal,normal
92,20,78,0,1,0,0,128,6,2673,normal,normal
1514,20,1500,0,1,0,0,63,6,22,attack,attack
60,20,40,0,1,0,0,64,6,22,normal,normal
1514,20,1500,0,1,0,0,64,6,22,normal,normal
62,20,48,0,1,0,0,128,6,3076,normal,normal
1290,20,1276,0,0,0,0,55,6,80,normal,normal
60,20,40,0,1,0,0,128,6,3171,normal,normal
330,20,316,0,1,0,0,63,6,143,normal,normal
62,20,48,0,0,0,0,128,17,0,attack,attack
60,20,40,0,1,0,0,128,6,4186,normal,normal
1506,20,1492,0,1,0,0,45,6,51413,attack,attack
1434,20,1420,0,1,0,0,241,6,80,normal,normal
62,20,48,0,1,0,0,112,6,35691,attack,attack
1514,20,1500,0,1,0,0,63,6,22,normal,normal
60,20,40,0,1,0,0,128,6,4875,attack,attack
1514,20,1500,0,1,0,0,63,6,22,normal,normal
1514,20,1500,0,1,0,0,63,6,22,normal,normal
1514,20,1500,0,1,0,0,64,6,22,normal,attack
62,20,48,0,0,0,0,128,17,0,attack,attack
1514,20,1500,0,1,0,0,47,6,80,normal,normal
1434,20,1420,0,1,0,0,241,6,80,normal,normal
1514,20,1500,0,1,0,0,64,6,22,normal,normal
566,20,552,0,0,0,0,47,6,51413,attack,attack
60,20,40,0,1,0,0,63,6,22,normal,normal
590,20,576,0,0,0,0,108,6,51884,attack,attack
60,20,40,0,1,0,0,107,6,48412,attack,attack
249,20,235,0,0,0,0,58,17,0,attack,attack
662,20,648,0,0,0,0,108,17,0,attack,attack
1514,20,1500,0,1,0,0,64,6,22,normal,normal
1480,20,1466,0,0,0,0,106,17,0,attack,attack
1480,20,1466,0,0,0,0,106,17,0,attack,attack
1514,20,1500,0,1,0,0,49,6,80,normal,normal
118,20,104,0,1,0,0,64,6,22,normal,normal
62,20,48,0,0,0,0,128,17,0,attack,attack
60,20,40,0,1,0,0,63,6,22,attack,attack
60,20,40,0,1,0,0,128,6,4508,normal,normal
1514,20,1500,0,1,0,0,43,6,80,normal,normal
60,20,40,0,1,0,0,128,6,4869,attack,attack
60,20,40,0,1,0,0,48,6,80,normal,normal
62,20,48,0,0,0,0,128,17,0,attack,attack
60,20,40,0,1,0,0,128,6,1044,attack,attack
72,20,58,0,1,0,0,64,6,110,attack,attack
1434,20,1420,0,1,0,0,241,6,80,normal,normal
362,20,348,0,0,0,0,112,17,0,attack,attack
60,20,40,0,1,0,0,128,6,3167,normal,normal
60,20,40,0,1,0,0,128,6,4515,normal,normal
1514,20,1500,0,1,0,0,64,6,22,normal,normal
1514,20,1500,0,1,0,0,64,6,22,normal,normal
187,20,173,0,1,0,0,128,6,3023,normal,normal
62,20,48,0,0,0,0,128,17,0,attack,attack
1514,20,1500,0,1,0,0,41,6,80,normal,normal
212,20,198,0,0,0,0,112,17,0,attack,attack
62,20,48,0,0,0,0,128,17,0,attack,attack
212,20,198,0,0,0,0,106,17,0,attack,attack
176,20,162,0,0,0,0,128,17,0,attack,attack
60,20,40,0,1,0,0,128,6,4025,normal,normal
1514,20,1500,0,1,0,0,64,6,22,normal,attack
86,20,72,0,1,0,0,255,17,0,normal,normal
1514,20,1500,0,1,0,0,64,6,22,normal,normal
62,20,48,0,1,0,0,64,6,22,normal,normal
60,20,40,0,1,0,0,128,6,2367,attack,attack
60,20,40,0,1,0,0,63,6,22,attack,attack
1514,20,1500,0,1,0,0,63,6,22,normal,normal
62,20,48,0,0,0,0,128,17,0,attack,attack
60,20,40,0,1,0,0,128,6,3019,normal,normal
142,20,128,0,1,0,0,64,6,22,attack,attack
60,20,40,0,1,0,0,128,6,3933,normal,normal
1514,20,1500,0,1,0,0,63,6,22,attack,attack
102,20,88,0,1,0,0,128,6,4495,normal,normal
362,20,348,0,0,0,0,111,17,0,attack,attack
1514,20,1500,0,1,0,0,52,6,80,normal,normal
60,20,40,0,1,0,0,128,6,2490,normal,normal
212,20,198,0,0,0,0,112,17,0,attack,attack
85,20,71,0,0,0,0,64,17,0,normal,normal
782,20,768,0,1,0,0,64,6,22,normal,normal
60,20,40,0,1,0,0,64,6,22,normal,normal
60,20,46,0,1,0,0,128,6,3926,normal,normal
774,20,760,0,1,0,0,64,6,22,normal,normal
212,20,198,0,0,0,0,112,17,0,attack,attack
60,20,40,0,1,0,0,64,6,22,normal,normal
60,20,40,0,1,0,0,128,6,3058,normal,normal
1514,20,1500,0,1,0,0,52,6,80,normal,normal
1262,20,1248,0,0,0,0,110,17,0,attack,attack
60,20,40,0,1,0,0,128,6,15875,normal,normal
62,20,48,0,0,0,0,55,6,80,normal,normal
60,20,40,0,1,0,0,128,6,2296,attack,attack
1514,20,1500,0,1,0,0,63,6,22,normal,normal
1514,20,1500,0,1,0,0,64,6,22,normal,normal
60,20,40,0,1,0,0,128,6,4788,normal,attack
418,20,404,0,1,0,0,63,6,22,attack,attack
391,20,377,0,1,0,0,108,6,57421,attack,attack
1514,20,1500,0,1,0,0,63,6,22,normal,normal
68,20,54,0,0,0,0,128,17,0,attack,attack
1262,20,1248,0,0,0,0,110,17,0,attack,attack
1434,20,1420,0,1,0,0,241,6,80,normal,normal
60,20,40,0,1,0,0,63,6,22,normal,normal
68,20,54,0,0,0,0,128,17,0,attack,attack
62,20,48,0,0,0,0,128,17,0,attack,attack
60,20,40,0,1,0,0,128,6,3074,normal,normal
212,20,198,0,0,0,0,109,17,0,attack,attack
1480,20,1466,0,0,0,0,106,17,0,attack,attack
60,20,40,0,1,0,0,41,6,80,attack,attack
418,20,404,0,1,0,0,64,6,22,normal,normal
1434,20,1420,0,1,0,0,241,6,80,normal,normal
1514,20,1500,0,1,0,0,64,6,22,normal,normal
1434,20,1420,0,1,0,0,241,6,80,normal,normal
212,20,198,0,1,0,0,111,17,0,attack,attack
187,20,173,0,1,0,0,54,6,80,normal,normal
79,20,65,0,0,0,0,128,17,0,attack,attack
110,20,96,0,1,0,0,64,6,22,normal,normal
62,20,48,0,0,0,0,128,17,0,attack,attack
1514,20,1500,0,1,0,0,63,6,22,attack,attack
1514,20,1500,0,1,0,0,64,6,22,normal,normal
62,20,48,0,0,0,0,128,17,0,attack,attack
1514,20,1500,0,1,0,0,64,6,22,normal,normal
60,20,40,0,1,0,0,128,6,1033,attack,attack
60,20,40,0,1,0,0,128,6,4901,attack,attack
836,20,822,0,1,0,0,64,6,80,normal,normal
60,20,40,0,1,0,0,128,6,1027,attack,attack
1514,20,1500,0,1,0,0,64,6,22,normal,normal
1262,20,1248,0,0,0,0,110,17,0,attack,attack
362,20,348,0,0,0,0,45,17,0,attack,attack
102,20,88,0,1,0,0,63,6,22,normal,normal
60,20,40,0,0,0,0,128,6,2109,attack,attack
1060,20,1046,0,1,0,0,241,6,80,normal,normal
60,20,40,0,1,0,0,64,6,22,attack,attack
62,20,48,0,0,0,0,107,17,0,attack,attack
212,20,198,0,0,0,0,106,17,0,attack,attack
190,20,176,0,1,0,0,63,6,22,normal,normal
60,20,40,0,1,0,0,128,6,1729,normal,normal
1514,20,1500,0,1,0,0,63,6,22,attack,attack
93,20,79,0,1,0,0,63,6,22,normal,normal
212,20,198,0,0,0,0,106,17,0,attack,attack
1434,20,1420,0,1,0,0,241,6,80,normal,normal
60,20,40,0,0,0,0,128,6,2214,attack,attack
1514,20,1500,0,1,0,0,64,6,22,attack,attack
60,20,40,0,1,0,0,128,6,1041,attack,attack
62,20,48,0,0,0,0,128,17,0,attack,attack
86,20,72,0,1,0,0,63,6,22,normal,normal
60,20,40,0,0,0,0,128,6,2120,attack,attack
60,20,40,0,1,0,0,63,6,22,normal,normal
62,20,48,0,0,0,0,128,17,0,attack,attack
60,20,40,0,1,0,0,128,6,3009,normal,normal
1514,20,1500,0,1,0,0,63,6,22,attack,attack
62,20,48,0,0,0,0,128,17,0,attack,attack
62,20,48,0,0,0,0,128,17,0,attack,attack
1434,20,1420,0,1,0,0,102,6,80,attack,attack
1480,20,1466,0,1,0,0,110,17,0,attack,attack
1514,20,1500,0,1,0,0,41,6,80,normal,normal
62,20,48,0,0,0,0,128,17,0,attack,attack
1514,20,1500,0,1,0,0,63,6,22,normal,attack
1514,20,1500,0,1,0,0,64,6,22,normal,normal
362,20,348,0,0,0,0,45,17,0,attack,attack
1434,20,1420,0,1,0,0,241,6,80,normal,normal
60,20,40,0,0,0,0,128,6,2141,attack,attack
1514,20,1500,0,1,0,0,43,6,80,normal,normal
126,20,112,0,1,0,0,64,6,22,attack,attack
102,20,88,0,1,0,0,128,6,58993,attack,attack
1514,20,1500,0,1,0,0,52,6,80,normal,normal
60,20,40,0,1,0,0,128,6,4181,attack,normal
60,20,40,0,1,0,0,113,6,80,attack,attack
176,20,162,0,1,0,0,128,6,4504,normal,normal
1514,20,1500,0,1,0,0,63,6,22,normal,normal
418,20,404,0,1,0,0,64,6,22,normal,normal
1434,20,1420,0,1,0,0,241,6,80,normal,normal
1514,20,1500,0,1,0,0,64,6,22,attack,attack
150,20,136,0,0,0,0,128,17,0,attack,attack
110,20,96,0,1,0,0,64,6,22,normal,attack
1514,20,1500,0,1,0,0,63,6,22,normal,normal
62,20,48,0,0,0,0,128,17,0,attack,attack
86,20,72,0,1,0,0,255,17,0,normal,normal
60,20,40,0,1,0,0,64,6,22,attack,attack
60,20,40,0,1,0,0,43,6,80,normal,normal
93,20,79,0,1,0,0,63,6,22,normal,normal
60,20,40,0,1,0,0,128,6,3019,normal,normal
60,20,40,0,1,0,0,52,6,80,normal,normal
62,20,48,0,0,0,0,128,17,0,attack,attack
142,20,128,0,1,0,0,64,6,22,normal,normal
60,20,40,0,1,0,0,128,6,2490,normal,normal
1434,20,1420,0,1,0,0,241,6,80,normal,normal
662,20,648,0,0,0,0,108,17,0,attack,attack
212,20,198,0,0,0,0,107,17,0,attack,attack
1514,20,1500,0,1,0,0,53,6,80,normal,normal
60,20,40,0,1,0,0,128,6,4869,normal,attack
212,20,198,0,0,0,0,106,17,0,attack,attack
566,20,552,0,0,0,0,47,6,51413,attack,attack
60,20,40,0,1,0,0,128,6,2328,attack,attack
736,20,722,0,1,0,0,241,6,80,normal,normal
62,20,48,0,1,0,0,128,6,1042,attack,attack
1514,20,1500,0,1,0,0,63,6,22,normal,normal
60,20,40,0,1,0,0,63,6,22,attack,attack
882,20,868,0,1,0,0,63,6,22,normal,normal
60,20,40,0,1,0,0,128,6,4552,normal,normal
118,20,104,0,1,0,0,64,6,22,attack,attack
133,20,119,0,1,0,0,128,6,1027,attack,attack
1514,20,1500,0,1,0,0,64,6,22,attack,attack
62,20,48,0,1,0,0,128,6,2099,attack,attack
1514,20,1500,0,1,0,0,63,6,22,normal,normal
60,20,40,0,1,0,0,64,6,22,normal,normal
1514,20,1500,0,1,0,0,107,6,48412,attack,attack
1514,20,1500,0,1,0,0,64,6,22,attack,attack
60,20,40,0,1,0,0,128,6,4015,normal,normal
212,20,198,0,0,0,0,112,17,0,attack,attack
1480,20,1466,0,0,0,0,45,17,0,attack,attack
60,20,40,0,1,0,0,54,6,80,normal,normal
1434,20,1420,0,1,0,0,241,6,80,normal,normal
1514,20,1500,0,1,0,0,63,6,22,attack,attack
62,20,48,0,0,0,0,108,17,0,attack,attack
102,20,88,0,1,0,0,64,6,22,normal,normal
1480,20,1466,0,0,0,0,112,17,0,attack,attack
1480,20,1466,0,0,0,0,115,17,0,attack,attack
60,20,40,0,1,0,0,56,6,80,normal,normal
134,20,120,0,1,0,0,52,6,64277,attack,attack
62,20,48,0,0,0,0,128,17,0,attack,attack
62,20,48,0,0,0,0,128,17,0,attack,attack
154,20,140,0,1,0,0,128,6,4506,normal,normal
60,20,40,0,1,0,0,128,6,3107,normal,normal
60,20,40,0,0,0,0,128,6,2141,attack,attack
62,20,48,0,1,0,0,41,6,80,attack,attack
1514,20,1500,0,1,0,0,64,6,22,normal,normal
212,20,198,0,0,0,0,112,17,0,attack,attack
774,20,760,0,1,0,0,64,6,22,normal,normal
1514,20,1500,0,1,0,0,64,6,22,attack,attack
60,20,40,0,1,0,0,128,6,1736,normal,normal
1514,20,1500,0,1,0,0,63,6,22,normal,attack
62,20,48,0,0,0,0,128,17,0,attack,attack
110,20,96,0,1,0,0,63,6,22,normal,normal
60,20,40,0,1,0,0,41,6,80,attack,attack
212,20,198,0,0,0,0,112,17,0,attack,attack
566,20,552,0,0,0,0,47,6,51413,attack,attack
60,20,40,0,1,0,0,64,6,22,normal,normal
110,20,96,0,1,0,0,64,6,22,attack,attack
1434,20,1420,0,1,0,0,102,6,80,attack,attack
1514,20,1500,0,1,0,0,63,6,22,attack,attack
1514,20,1500,0,1,0,0,64,6,22,normal,normal
212,20,198,0,0,0,0,108,17,0,attack,attack
1514,20,1500,0,1,0,0,63,6,22,normal,normal
1514,20,1500,0,1,0,0,52,6,80,normal,normal
126,20,112,0,1,0,0,128,6,2928,attack,attack
1480,20,1466,0,0,0,0,111,17,0,attack,attack
212,20,198,0,0,0,0,112,17,0,attack,attack
102,20,88,0,1,0,0,64,6,22,normal,normal
1434,20,1420,0,1,0,0,241,6,80,normal,normal
1502,20,1488,0,1,0,0,50,6,80,normal,normal
1514,20,1500,0,1,0,0,108,6,57421,attack,attack
60,20,40,0,1,0,0,63,6,22,attack,attack
60,20,40,0,1,0,0,128,6,2318,attack,attack
1514,20,1500,0,1,0,0,63,6,22,normal,normal
60,20,40,0,1,0,0,128,6,1729,normal,normal
1480,20,1466,0,0,0,0,111,17,0,attack,attack
1434,20,1420,0,1,0,0,241,6,80,normal,normal
1434,20,1420,0,1,0,0,241,6,80,normal,normal
1514,20,1500,0,1,0,0,107,6,48412,attack,attack
1514,20,1500,0,1,0,0,107,6,48412,attack,attack
60,20,40,0,1,0,0,64,6,22,normal,normal
62,20,48,0,0,0,0,128,17,0,attack,attack
198,20,184,0,0,0,0,58,17,0,normal,normal
60,20,40,0,1,0,0,128,6,3019,normal,normal
62,20,48,0,1,0,0,41,6,80,attack,attack
62,20,48,0,0,0,0,128,17,0,attack,attack
1514,20,1500,0,1,0,0,63,6,22,normal,normal
1514,20,1500,0,1,0,0,63,6,22,attack,attack
1514,20,1500,0,1,0,0,41,6,80,normal,normal
60,20,40,0,1,0,0,128,6,2985,normal,normal
1514,20,1500,0,1,0,0,41,6,80,normal,normal
62,20,48,0,1,0,0,128,6,15853,normal,normal
1480,20,1466,0,0,0,0,111,17,0,attack,attack
1514,20,1500,0,1,0,0,63,6,22,attack,attack
1078,20,1064,0,1,0,0,41,6,9090,attack,attack
1514,20,1500,0,1,0,0,64,6,22,normal,normal
1434,20,1420,0,1,0,0,241,6,80,normal,normal
60,20,40,0,1,0,0,63,6,22,normal,normal
60,20,40,0,1,0,0,63,6,22,normal,normal
60,20,40,0,1,0,0,45,6,80,normal,normal
1514,20,1500,0,1,0,0,41,6,80,normal,normal
62,20,48,0,0,0,0,128,17,0,attack,attack
566,20,552,0,0,0,0,47,6,51413,attack,attack
110,20,96,0,1,0,0,128,6,2928,attack,attack
110,20,96,0,1,0,0,63,6,22,normal,normal
62,20,48,0,0,0,0,128,17,0,attack,attack
60,20,40,0,1,0,0,128,6,2309,attack,attack
60,20,40,0,1,0,0,128,6,2482,normal,normal
362,20,348,0,0,0,0,112,17,0,attack,attack
60,20,40,0,1,0,0,128,6,4869,attack,attack
60,20,40,0,1,0,0,128,6,2195,attack,attack
1078,20,1064,0,1,0,0,47,6,51413,attack,attack
1514,20,1500,0,1,0,0,107,6,48412,attack,attack
1494,20,1480,0,1,0,0,109,6,22,attack,attack
566,20,552,0,0,0,0,47,6,51413,attack,attack
1514,20,1500,0,1,0,0,64,6,22,normal,attack
60,20,40,0,1,0,0,128,6,2296,attack,attack
62,20,48,0,0,0,0,128,17,0,attack,attack
166,20,152,0,1,0,0,128,6,1061,attack,attack
62,20,48,0,0,0,0,128,17,0,attack,attack
1514,20,1500,0,1,0,0,63,6,22,normal,normal
60,20,40,0,1,0,0,64,6,22,normal,normal
1514,20,1500,0,1,0,0,63,6,22,normal,normal
1434,20,1420,0,1,0,0,52,6,64277,attack,attack
110,20,96,0,1,0,0,128,6,4895,normal,normal
1494,20,1480,0,1,0,0,109,6,22,attack,attack
662,20,648,0,0,0,0,111,17,0,attack,attack
1514,20,1500,0,1,0,0,45,6,80,normal,normal
566,20,552,0,0,0,0,47,6,51413,attack,attack
126,20,112,0,1,0,0,64,6,22,normal,normal
60,20,40,0,1,0,0,128,6,2115,attack,attack
1506,20,1492,0,1,0,0,42,6,6881,attack,attack
1514,20,1500,0,1,0,0,63,6,22,normal,normal
126,20,112,0,1,0,0,128,6,2929,attack,attack
1514,20,1500,0,1,0,0,47,6,80,normal,normal
1514,20,1500,0,1,0,0,64,6,22,attack,attack
60,20,40,0,1,0,0,128,6,3818,normal,normal
362,20,348,0,0,0,0,45,17,0,attack,attack
362,20,348,0,0,0,0,112,17,0,attack,attack
1514,20,1500,0,1,0,0,41,6,80,normal,normal
86,20,72,0,1,0,0,255,17,0,normal,normal
60,20,40,0,1,0,0,63,6,22,attack,attack
1506,20,1492,0,1,0,0,112,6,35691,attack,attack
212,20,198,0,0,0,0,109,17,0,attack,attack
60,20,40,0,1,0,0,241,6,80,normal,normal
60,20,40,0,1,0,0,41,6,80,attack,attack
1434,20,1420,0,1,0,0,241,6,80,normal,normal
62,20,48,0,0,0,0,128,17,0,attack,attack
60,0,0,0,0,0,0,0,0,0,attack,attack
1514,20,1500,0,1,0,0,43,6,80,normal,normal
838,20,824,0,1,0,0,63,6,22,attack,attack
150,20,136,0,1,0,0,128,6,1229,normal,normal
70,20,56,0,1,0,0,128,6,2919,attack,attack
102,20,88,0,1,0,0,63,6,22,normal,normal
212,20,198,0,0,0,0,112,17,0,attack,attack
60,20,40,0,1,0,0,128,6,51063,normal,normal
60,20,40,0,1,0,0,64,6,22,normal,normal
212,20,198,0,0,0,0,112,17,0,attack,attack
60,20,40,0,1,0,0,128,6,15871,normal,normal
1514,20,1500,0,1,0,0,52,6,80,normal,normal
1514,20,1500,0,1,0,0,63,6,22,normal,attack
60,20,40,0,1,0,0,128,6,2985,normal,normal
1514,20,1500,0,1,0,0,63,6,22,normal,normal
1434,20,1420,0,1,0,0,241,6,80,normal,normal
60,20,40,0,1,0,0,241,6,80,normal,normal
60,20,40,0,1,0,0,128,6,51063,normal,normal
1480,20,1466,0,0,0,0,107,17,0,attack,attack
60,20,40,0,1,0,0,128,6,2106,normal,attack
566,20,552,0,0,0,0,47,6,51413,attack,attack
362,20,348,0,0,0,0,110,17,0,attack,attack
60,20,40,0,1,0,0,128,6,1721,normal,normal
68,20,54,0,0,0,0,128,17,0,attack,attack
1514,20,1500,0,1,0,0,64,6,22,normal,attack
60,20,40,0,0,0,0,128,6,2141,attack,attack
60,20,40,0,1,0,0,56,6,80,normal,normal
1514,20,1500,0,1,0,0,64,6,22,normal,normal
1514,20,1500,0,1,0,0,41,6,80,normal,normal
102,20,88,0,1,0,0,64,6,22,attack,attack
362,20,348,0,0,0,0,45,17,0,attack,attack
1514,20,1500,0,1,0,0,63,6,22,normal,normal
1506,20,1492,0,1,0,0,109,6,26076,attack,attack
1506,20,1492,0,1,0,0,45,6,51413,attack,attack
142,20,128,0,1,0,0,64,6,22,normal,normal
1514,20,1500,0,1,0,0,46,6,80,normal,normal
1514,20,1500,0,1,0,0,64,6,22,attack,attack
126,20,112,0,1,0,0,64,6,22,normal,attack
662,20,648,0,0,0,0,108,17,0,attack,attack
1514,20,1500,0,1,0,0,41,6,80,normal,normal
60,20,40,0,1,0,0,128,6,3818,normal,normal
1514,20,1500,0,1,0,0,63,6,22,normal,normal
142,20,128,0,1,0,0,128,6,58991,attack,attack
1514,20,1500,0,1,0,0,41,6,80,normal,normal
66,20,52,0,0,0,0,128,6,2109,attack,attack
1434,20,1420,0,1,0,0,241,6,80,normal,normal
62,20,48,0,1,0,0,128,6,2397,normal,normal
222,20,208,0,1,0,0,45,6,51413,attack,attack
60,20,40,0,1,0,0,128,6,4489,normal,normal
1514,20,1500,0,1,0,0,63,6,22,attack,attack
60,20,40,0,1,0,0,128,6,4523,normal,normal
60,20,40,0,1,0,0,128,6,1735,normal,normal
212,20,198,0,1,0,0,111,17,0,attack,attack
1434,20,1420,0,1,0,0,241,6,80,normal,normal
102,20,88,0,1,0,0,64,6,22,attack,attack
60,20,40,0,1,0,0,128,6,16816,normal,normal
243,20,229,0,0,0,0,128,17,0,normal,normal
1514,20,1500,0,1,0,0,63,6,22,attack,attack
60,20,40,0,1,0,0,128,6,59000,attack,attack
1480,20,1466,0,0,0,0,111,17,0,attack,attack
1514,20,1500,0,1,0,0,41,6,80,normal,normal
60,20,40,0,1,0,0,128,6,3936,normal,normal
662,20,648,0,0,0,0,108,17,0,attack,attack
1514,20,1500,0,1,0,0,47,6,51413,attack,attack
1480,20,1466,0,0,0,0,109,17,0,attack,attack
590,20,576,0,0,0,0,108,6,51884,attack,attack
1514,20,1500,0,1,0,0,63,6,22,normal,normal
1514,20,1500,0,1,0,0,64,6,22,normal,normal
60,20,40,0,1,0,0,64,6,22,normal,normal
1262,20,1248,0,0,0,0,112,17,0,attack,attack
588,20,574,0,1,0,0,56,6,80,normal,normal
127,20,113,0,1,0,0,128,6,3019,normal,normal
60,20,40,0,1,0,0,128,6,15861,normal,normal
1514,20,1500,0,1,0,0,63,6,22,normal,normal
1514,20,1500,0,1,0,0,52,6,51413,attack,attack
142,20,128,0,1,0,0,63,6,22,attack,attack
60,20,40,0,0,0,0,128,6,2120,attack,attack
60,20,40,0,1,0,0,64,6,22,attack,attack
62,20,48,0,0,0,0,128,17,0,attack,attack
62,20,48,0,0,0,0,128,17,0,attack,attack
1514,20,1500,0,1,0,0,52,6,51413,attack,attack
1514,20,1500,0,1,0,0,63,6,22,normal,attack
1514,20,1500,0,1,0,0,64,6,22,normal,normal
1514,20,1500,0,1,0,0,106,6,27571,attack,attack
93,20,79,0,1,0,0,64,6,22,normal,normal
62,20,48,0,0,0,0,128,17,0,attack,attack
60,20,40,0,1,0,0,128,6,2115,attack,attack
62,20,48,0,1,0,0,64,6,22,normal,normal
66,20,52,0,1,0,0,55,6,80,normal,normal
1514,20,1500,0,1,0,0,63,6,22,normal,normal
1514,20,1500,0,1,0,0,63,6,22,normal,normal
1514,20,1500,0,1,0,0,63,6,22,attack,attack
60,20,40,0,1,0,0,64,6,22,normal,normal
60,20,40,0,1,0,0,128,6,3866,normal,attack
1514,20,1500,0,1,0,0,63,6,22,normal,normal
1514,20,1500,0,1,0,0,64,6,22,attack,normal
1514,20,1500,0,1,0,0,52,6,80,normal,normal
1434,20,1420,0,1,0,0,102,6,80,attack,attack
126,20,112,0,1,0,0,64,6,22,normal,normal
1514,20,1500,0,1,0,0,54,6,80,normal,normal
1514,20,1500,0,1,0,0,64,6,22,normal,normal
60,20,40,0,1,0,0,128,6,2367,attack,attack
60,20,40,0,1,0,0,63,6,22,attack,attack
60,20,40,0,1,0,0,128,6,4874,attack,attack
362,20,348,0,0,0,0,108,17,0,attack,attack
60,20,40,0,1,0,0,128,6,4530,normal,normal
1506,20,1492,0,1,0,0,109,6,26076,attack,attack
62,20,48,0,1,0,0,109,6,26076,attack,attack
1434,20,1420,0,1,0,0,241,6,80,normal,normal
93,20,79,0,1,0,0,64,6,22,attack,attack
60,20,40,0,1,0,0,128,6,4971,attack,attack
1514,20,1500,0,1,0,0,63,6,22,normal,normal
60,20,40,0,1,0,0,128,6,4534,normal,normal
1490,20,1476,0,1,0,0,56,6,80,normal,normal
60,20,40,0,1,0,0,128,6,2131,attack,attack
62,20,48,0,0,0,0,128,17,0,attack,attack
1514,20,1500,0,1,0,0,64,6,22,normal,normal
1514,20,1500,0,1,0,0,52,6,80,normal,normal
97,20,83,0,0,0,0,128,17,0,attack,attack
60,20,40,0,1,0,0,128,6,1715,normal,normal
142,20,128,0,1,0,0,63,6,22,normal,normal
827,20,813,0,1,0,0,52,6,51413,attack,attack
62,20,48,0,0,0,0,128,17,0,normal,attack
60,20,40,0,1,0,0,64,6,22,normal,normal
662,20,648,0,0,0,0,109,17,0,attack,attack
142,20,128,0,1,0,0,64,6,22,attack,attack
60,20,40,0,1,0,0,128,6,2110,attack,attack
838,20,824,0,1,0,0,63,6,22,normal,normal
62,20,48,0,0,0,0,128,17,0,attack,attack
60,20,40,0,1,0,0,64,6,22,normal,normal
60,20,40,0,1,0,0,63,6,22,normal,normal
1514,20,1500,0,1,0,0,52,6,80,normal,normal
1514,20,1500,0,1,0,0,63,6,22,normal,normal
1480,20,1466,0,0,0,0,109,17,0,attack,attack
1262,20,1248,0,0,0,0,105,17,0,attack,attack
60,20,40,0,1,0,0,128,6,3019,normal,normal
60,20,40,0,1,0,0,128,6,3019,normal,normal
110,20,96,0,1,0,0,128,6,58993,attack,attack
62,20,48,0,1,0,0,128,6,3152,normal,normal
1434,20,1420,0,1,0,0,241,6,80,normal,normal
60,20,40,0,1,0,0,128,6,2985,normal,normal
60,20,40,0,1,0,0,128,6,3822,normal,normal
151,20,137,0,1,0,0,52,6,80,normal,normal
110,20,96,0,1,0,0,64,6,22,normal,normal
1514,20,1500,0,1,0,0,50,6,80,normal,normal
1514,20,1500,0,1,0,0,41,6,80,normal,normal
60,20,40,0,1,0,0,128,6,59000,attack,attack
662,20,648,0,0,0,0,112,17,0,attack,attack
79,20,65,0,1,0,0,63,6,143,normal,normal
154,20,140,0,1,0,0,112,6,48544,attack,attack
60,20,40,0,1,0,0,128,6,3937,normal,normal
212,20,198,0,0,0,0,109,17,0,attack,attack
60,20,40,0,1,0,0,128,6,2985,normal,normal
1262,20,1248,0,0,0,0,112,17,0,attack,attack
62,20,48,0,1,0,0,128,6,4517,normal,normal
60,20,40,0,1,0,0,128,6,2367,attack,attack
362,20,348,0,0,0,0,45,17,0,attack,attack
62,20,48,0,0,0,0,128,17,0,attack,attack
62,20,48,0,0,0,0,128,17,0,attack,attack
62,20,48,0,0,0,0,128,17,0,attack,attack
102,20,88,0,1,0,0,128,6,2480,attack,normal
1514,20,1500,0,1,0,0,63,6,22,attack,attack
1434,20,1420,0,1,0,0,102,6,80,attack,attack
1514,20,1500,0,1,0,0,63,6,22,normal,normal
60,20,40,0,0,0,0,128,6,2120,attack,attack
1506,20,1492,0,1,0,0,112,6,35691,attack,attack
1514,20,1500,0,1,0,0,41,6,80,attack,attack
1434,20,1420,0,1,0,0,241,6,80,normal,normal
110,20,96,0,1,0,0,64,6,22,normal,normal
60,20,40,0,1,0,0,128,6,59000,attack,attack
1514,20,1500,0,1,0,0,63,6,22,normal,normal
1514,20,1500,0,1,0,0,64,6,22,attack,attack
60,20,40,0,1,0,0,128,6,4543,normal,normal
60,20,40,0,1,0,0,128,6,1241,normal,normal
60,20,40,0,1,0,0,128,6,3816,normal,normal
774,20,760,0,1,0,0,64,6,22,normal,normal
60,20,40,0,1,0,0,128,6,2401,normal,normal
66,20,52,0,1,0,0,52,6,25,attack,attack
1262,20,1248,0,0,0,0,110,17,0,attack,attack
60,20,40,0,1,0,0,128,6,2309,attack,attack
1434,20,1420,0,1,0,0,102,6,80,attack,attack
60,20,40,0,1,0,0,128,6,3866,attack,attack
1514,20,1500,0,1,0,0,63,6,22,normal,normal
142,20,128,0,1,0,0,63,6,22,normal,normal
1514,20,1500,0,1,0,0,106,6,27571,attack,attack
92,20,78,0,1,0,0,128,6,1715,normal,normal
1514,20,1500,0,1,0,0,64,6,22,attack,attack
60,20,40,0,1,0,0,64,6,22,normal,normal
838,20,824,0,1,0,0,63,6,22,normal,normal
62,20,48,0,0,0,0,128,17,0,attack,attack
60,20,40,0,1,0,0,128,6,1734,normal,normal
60,20,40,0,1,0,0,128,6,2318,attack,attack
221,20,207,0,0,0,0,63,17,0,normal,normal
60,20,40,0,1,0,0,128,6,4901,normal,normal
60,20,40,0,1,0,0,64,6,22,normal,normal
1514,20,1500,0,1,0,0,64,6,80,normal,normal
62,20,48,0,0,0,0,128,17,0,attack,attack
60,20,40,0,1,0,0,41,6,80,attack,attack
130,20,116,0,1,0,0,128,6,3142,normal,normal
60,20,40,0,0,0,0,128,6,2120,attack,attack
1494,20,1480,0,1,0,0,109,6,22,attack,attack
662,20,648,0,0,0,0,108,17,0,attack,attack
212,20,198,0,0,0,0,112,17,0,attack,attack
60,20,40,0,1,0,0,128,6,16807,normal,normal
1480,20,1466,0,0,0,0,106,17,0,attack,attack
418,20,404,0,1,0,0,64,6,22,attack,attack
114,20,100,0,1,0,0,63,6,22,normal,normal
212,20,198,0,0,0,0,112,17,0,attack,attack
62,20,48,0,0,0,0,128,17,0,attack,attack
1514,20,1500,0,1,0,0,63,6,22,attack,attack
1480,20,1466,0,0,0,0,110,17,0,attack,attack
566,20,552,0,0,0,0,47,6,51413,attack,attack
1434,20,1420,0,1,0,0,241,6,80,normal,normal
418,20,404,0,1,0,0,63,6,22,attack,attack
66,20,52,0,0,0,0,128,6,2109,attack,attack
60,20,40,0,1,0,0,45,6,80,normal,normal
62,20,48,0,0,0,0,128,17,0,attack,attack
60,20,40,0,1,0,0,128,6,4534,normal,normal
774,20,760,0,1,0,0,63,6,22,attack,attack
154,20,140,0,1,0,0,112,6,48544,attack,attack
1514,20,1500,0,1,0,0,52,6,80,normal,normal
60,20,40,0,1,0,0,63,6,22,normal,normal
984,20,970,0,1,0,0,43,6,80,normal,normal
109,20,95,0,1,0,0,128,6,1240,normal,normal
1514,20,1500,0,1,0,0,48,6,80,normal,normal
60,20,40,0,1,0,0,128,6,1729,normal,normal
1514,20,1500,0,1,0,0,64,6,22,normal,normal
138,20,124,0,1,0,0,128,6,1027,attack,attack
212,20,198,0,0,0,0,112,17,0,attack,attack
774,20,760,0,1,0,0,64,6,22,normal,normal
1414,20,1400,0,1,0,0,112,6,48544,attack,attack
60,20,40,0,1,0,0,128,6,4901,normal,normal
102,20,88,0,1,0,0,128,6,2482,normal,normal
60,20,40,0,1,0,0,128,6,2354,attack,attack
1514,20,1500,0,1,0,0,41,6,80,normal,normal
93,20,79,0,1,0,0,64,6,22,attack,attack
60,20,40,0,1,0,0,128,6,2354,attack,attack
126,20,112,0,1,0,0,64,6,22,attack,attack
1514,20,1500,0,1,0,0,63,6,22,attack,attack
60,20,40,0,1,0,0,128,6,4015,normal,normal
98,20,84,0,1,0,0,128,6,2296,attack,attack
1514,20,1500,0,1,0,0,51,6,80,normal,normal
60,20,40,0,1,0,0,64,6,22,attack,attack
60,20,40,0,1,0,0,128,6,3001,normal,normal
1480,20,1466,0,1,0,0,110,17,0,attack,attack
190,20,176,0,1,0,0,64,6,22,attack,normal
1514,20,1500,0,1,0,0,52,6,80,normal,normal
1514,20,1500,0,1,0,0,64,6,22,normal,normal
590,20,576,0,0,0,0,108,6,51884,attack,attack
1514,20,1500,0,1,0,0,64,6,22,normal,normal
1434,20,1420,0,1,0,0,102,6,80,attack,attack
60,20,40,0,1,0,0,128,6,2309,attack,attack
1514,20,1500,0,1,0,0,63,6,22,normal,normal
1514,20,1500,0,1,0,0,52,6,80,normal,normal
1514,20,1500,0,1,0,0,64,6,22,normal,attack
362,20,348,0,0,0,0,112,17,0,attack,attack
134,20,120,0,1,0,0,128,6,2985,normal,normal
154,20,140,0,1,0,0,112,6,48544,attack,attack
1514,20,1500,0,1,0,0,41,6,80,attack,attack
60,20,40,0,1,0,0,128,6,1027,attack,attack
1514,20,1500,0,1,0,0,63,6,22,normal,normal
1173,20,1159,0,1,0,0,56,6,80,normal,normal
60,20,40,0,1,0,0,64,6,22,normal,normal
62,20,48,0,0,0,0,128,17,0,attack,attack
60,20,40,0,1,0,0,128,6,3026,normal,normal
1480,20,1466,0,0,0,0,111,17,0,attack,attack
1514,20,1500,0,1,0,0,63,6,22,normal,normal
60,20,40,0,0,0,0,128,6,2120,attack,attack
102,20,88,0,1,0,0,63,6,22,normal,normal
126,20,112,0,1,0,0,64,6,22,attack,attack
1514,20,1500,0,1,0,0,63,6,22,normal,normal
362,20,348,0,0,0,0,112,17,0,attack,attack
110,20,96,0,1,0,0,128,6,4499,normal,normal
590,20,576,0,0,0,0,113,6,6880,attack,attack
1514,20,1500,0,1,0,0,64,6,22,normal,normal
60,20,40,0,1,0,0,128,6,2318,attack,attack
60,20,40,0,1,0,0,128,6,1235,normal,normal
60,20,40,0,1,0,0,128,6,15852,normal,normal
60,20,40,0,1,0,0,128,6,1229,normal,normal
1514,20,1500,0,1,0,0,52,6,51413,attack,attack
88,20,74,0,0,0,0,128,17,0,attack,attack
662,20,648,0,0,0,0,111,17,0,attack,attack
1480,20,1466,0,0,0,0,106,17,0,attack,attack
1514,20,1500,0,1,0,0,63,6,22,attack,attack
60,20,40,0,1,0,0,128,6,1027,attack,attack
60,20,40,0,1,0,0,128,6,2115,attack,attack
1514,20,1500,0,1,0,0,63,6,22,normal,normal
1514,20,1500,0,1,0,0,41,6,80,normal,normal
62,20,48,0,0,0,0,128,17,0,attack,attack
70,20,56,0,1,0,0,128,6,4501,normal,normal
62,20,48,0,0,0,0,128,17,0,attack,attack
62,20,48,0,1,0,0,64,6,22,attack,attack
102,20,88,0,1,0,0,128,6,4006,normal,normal
1514,20,1500,0,1,0,0,63,6,22,normal,normal
212,20,198,0,0,0,0,105,17,0,attack,attack
1480,20,1466,0,0,0,0,115,17,0,attack,attack
60,20,40,0,1,0,0,128,6,2115,attack,attack
62,20,48,0,0,0,0,128,17,0,attack,attack
1514,20,1500,0,1,0,0,63,6,22,attack,attack
1514,20,1500,0,1,0,0,50,6,80,normal,normal
662,20,648,0,0,0,0,108,17,0,attack,attack
60,20,40,0,1,0,0,128,6,3019,normal,normal
212,20,198,0,0,0,0,112,17,0,attack,attack
774,20,760,0,1,0,0,64,6,22,attack,attack
110,20,96,0,1,0,0,64,6,22,attack,attack
755,20,741,0,1,0,0,63,6,80,normal,normal
60,20,40,0,1,0,0,128,6,4538,normal,normal
62,20,48,0,0,0,0,128,17,0,attack,attack
1514,20,1500,0,1,0,0,64,6,22,normal,normal
1514,20,1500,0,1,0,0,41,6,80,attack,attack
662,20,648,0,0,0,0,108,17,0,attack,attack
60,20,40,0,1,0,0,128,6,1724,normal,normal
62,20,48,0,1,0,0,128,6,3166,normal,normal
62,20,48,0,1,0,0,112,6,35691,attack,attack
418,20,404,0,1,0,0,64,6,22,attack,attack
142,20,128,0,1,0,0,128,6,3861,attack,attack
60,20,40,0,1,0,0,63,6,22,normal,normal
60,20,40,0,1,0,0,41,6,80,attack,attack
1514,20,1500,0,1,0,0,64,6,22,normal,normal
86,20,72,0,1,0,0,63,6,22,attack,attack
60,20,40,0,0,0,0,128,6,2109,attack,attack
62,20,48,0,1,0,0,41,6,80,normal,normal
60,20,40,0,1,0,0,128,6,3866,attack,attack
1514,20,1500,0,1,0,0,52,6,80,normal,normal
212,20,198,0,1,0,0,111,17,0,attack,attack
62,20,48,0,0,0,0,128,17,0,attack,attack
110,20,96,0,1,0,0,128,6,16812,normal,normal
1514,20,1500,0,1,0,0,41,6,80,normal,normal
60,20,40,0,1,0,0,63,6,22,normal,normal
1314,20,1300,0,1,0,0,48,6,55123,attack,attack
1480,20,1466,0,0,0,0,111,17,0,attack,attack
1434,20,1420,0,1,0,0,241,6,80,normal,normal
62,20,48,0,0,0,0,128,17,0,attack,attack
1434,20,1420,0,1,0,0,102,6,80,attack,attack
1434,20,1420,0,1,0,0,241,6,80,normal,normal
362,20,348,0,0,0,0,108,17,0,attack,attack
1514,20,1500,0,1,0,0,63,6,22,normal,normal
1514,20,1500,0,1,0,0,64,6,22,normal,normal
1514,20,1500,0,1,0,0,52,6,80,normal,normal
662,20,648,0,0,0,0,108,17,0,attack,attack
1502,20,1488,0,1,0,0,50,6,80,normal,normal
212,20,198,0,0,0,0,45,17,0,attack,attack
1514,20,1500,0,1,0,0,52,6,80,normal,normal
60,20,40,0,1,0,0,128,6,4020,normal,normal
1480,20,1466,0,0,0,0,113,17,0,attack,attack
1514,20,1500,0,1,0,0,49,6,80,normal,normal
426,20,412,0,1,0,0,241,6,80,normal,normal
838,20,824,0,1,0,0,64,6,22,normal,normal
60,20,40,0,1,0,0,128,6,2090,attack,attack
418,20,404,0,1,0,0,64,6,22,normal,normal
1514,20,1500,0,1,0,0,47,6,80,normal,normal
1514,20,1500,0,1,0,0,63,6,22,normal,normal
60,20,40,0,1,0,0,128,6,4493,normal,normal
60,20,40,0,1,0,0,128,6,2985,normal,normal
1514,20,1500,0,1,0,0,64,6,22,normal,normal
797,20,783,0,1,0,0,241,6,80,normal,normal
62,20,48,0,1,0,0,128,6,3093,normal,normal
102,20,88,0,1,0,0,63,6,22,normal,normal
60,20,40,0,1,0,0,128,6,3097,normal,normal
755,20,741,0,1,0,0,63,6,80,normal,normal
1514,20,1500,0,1,0,0,52,6,51413,attack,attack
1514,20,1500,0,1,0,0,45,6,80,normal,normal
79,20,65,0,0,0,0,128,17,0,attack,attack
60,20,40,0,1,0,0,128,6,16816,normal,normal
62,20,48,0,0,0,0,128,17,0,attack,attack
110,20,96,0,1,0,0,63,6,22,attack,normal
60,20,40,0,1,0,0,128,6,1027,attack,attack
1434,20,1420,0,1,0,0,241,6,80,normal,normal
60,20,40,0,1,0,0,63,6,22,normal,normal
212,20,198,0,0,0,0,107,17,0,attack,attack
60,20,40,0,0,0,0,128,6,2109,attack,attack
62,20,48,0,1,0,0,128,6,58999,attack,attack
1480,20,1466,0,0,0,0,111,17,0,attack,attack
1078,20,1064,0,1,0,0,45,6,51413,attack,attack
1262,20,1248,0,0,0,0,110,17,0,attack,attack
1514,20,1500,0,1,0,0,64,6,22,normal,normal
838,20,824,0,1,0,0,64,6,22,normal,normal
60,20,40,0,1,0,0,41,6,80,attack,attack
1514,20,1500,0,1,0,0,47,6,80,normal,normal
212,20,198,0,0,0,0,112,17,0,attack,attack
1514,20,1500,0,1,0,0,64,6,22,normal,attack
60,20,40,0,1,0,0,128,6,3019,normal,normal
418,20,404,0,1,0,0,63,6,22,normal,normal
60,20,40,0,1,0,0,128,6,4488,normal,normal
60,20,40,0,0,0,0,128,6,2109,attack,attack
62,20,48,0,0,0,0,128,17,0,attack,attack
60,20,40,0,1,0,0,128,6,3092,normal,normal
212,20,198,0,0,0,0,112,17,0,attack,attack
1514,20,1500,0,1,0,0,64,6,22,normal,normal
212,20,198,0,0,0,0,112,17,0,attack,attack
353,20,339,0,1,0,0,55,6,80,normal,normal
1480,20,1466,0,0,0,0,117,17,0,attack,attack
838,20,824,0,1,0,0,64,6,22,attack,attack
102,20,88,0,1,0,0,128,6,2392,normal,normal
60,20,40,0,1,0,0,128,6,2985,normal,normal
62,20,48,0,0,0,0,128,17,0,attack,attack
60,20,40,0,1,0,0,64,6,22,normal,normal
662,20,648,0,0,0,0,108,17,0,attack,attack
1514,20,1500,0,1,0,0,63,6,22,normal,attack
60,20,40,0,1,0,0,64,6,22,normal,normal
1514,20,1500,0,1,0,0,43,6,80,normal,normal
362,20,348,0,0,0,0,110,17,0,attack,attack
110,20,96,0,1,0,0,63,6,22,normal,normal
60,20,40,0,1,0,0,128,6,3865,attack,attack
566,20,552,0,0,0,0,47,6,51413,attack,attack
212,20,198,0,0,0,0,105,17,0,attack,attack
72,20,58,0,0,0,0,106,17,0,attack,attack
1480,20,1466,0,0,0,0,109,17,0,attack,attack
60,20,40,0,1,0,0,128,6,2985,normal,normal
60,20,40,0,1,0,0,63,6,22,normal,normal
60,20,40,0,1,0,0,64,6,22,attack,attack
60,20,40,0,1,0,0,128,6,1224,normal,normal
60,20,40,0,1,0,0,128,6,15868,normal,normal
566,20,552,0,0,0,0,47,6,51413,attack,attack
154,20,140,0,1,0,0,112,6,48544,attack,attack
110,20,96,0,1,0,0,128,6,15853,normal,normal
62,20,48,0,0,0,0,128,17,0,attack,attack
1480,20,1466,0,0,0,0,110,17,0,attack,attack
1514,20,1500,0,1,0,0,64,6,22,normal,normal
62,20,48,0,1,0,0,109,6,26076,attack,attack
1514,20,1500,0,1,0,0,54,6,80,normal,normal
1514,20,1500,0,1,0,0,64,6,22,normal,normal
1514,20,1500,0,1,0,0,107,6,48412,attack,attack
1514,20,1500,0,1,0,0,64,6,22,normal,normal
62,20,48,0,1,0,0,56,6,80,normal,normal
62,20,48,0,0,0,0,128,17,0,attack,attack
132,20,118,0,1,0,0,128,6,4025,normal,normal
60,20,40,0,1,0,0,128,6,3171,normal,normal
1514,20,1500,0,1,0,0,64,6,22,normal,normal
60,20,40,0,1,0,0,128,6,2401,normal,normal
1514,20,1500,0,1,0,0,47,6,6969,attack,attack
566,20,552,0,0,0,0,47,6,51413,attack,attack
362,20,348,0,0,0,0,109,17,0,attack,attack
212,20,198,0,0,0,0,105,17,0,attack,attack
662,20,648,0,0,0,0,108,17,0,attack,attack
60,20,40,0,1,0,0,128,6,3019,normal,normal
662,20,648,0,0,0,0,112,17,0,attack,attack
62,20,48,0,0,0,0,128,17,0,attack,attack
80,20,66,0,1,0,0,128,6,2354,attack,attack
212,20,198,0,0,0,0,112,17,0,attack,attack
1514,20,1500,0,1,0,0,64,6,22,normal,normal
446,20,432,0,0,0,0,58,17,0,normal,normal
60,20,40,0,1,0,0,56,6,80,normal,normal
126,20,112,0,1,0,0,64,6,22,normal,normal
62,20,48,0,0,0,0,128,17,0,attack,attack
1514,20,1500,0,1,0,0,63,6,22,normal,normal
274,20,260,0,1,0,0,64,6,22,normal,normal
1514,20,1500,0,1,0,0,52,6,80,normal,normal
590,20,576,0,0,0,0,113,6,6880,attack,attack
1514,20,1500,0,1,0,0,63,6,22,normal,attack
60,20,40,0,1,0,0,63,6,22,attack,attack
1514,20,1500,0,1,0,0,63,6,80,normal,normal
60,20,40,0,1,0,0,128,6,51099,normal,normal
1514,20,1500,0,1,0,0,64,6,22,normal,normal
1480,20,1466,0,0,0,0,107,17,0,attack,attack
463,20,449,0,1,0,0,241,6,80,normal,normal
1506,20,1492,0,1,0,0,109,6,26076,attack,attack
62,20,48,0,0,0,0,128,17,0,attack,attack
1514,20,1500,0,1,0,0,43,6,80,normal,normal
212,20,198,0,0,0,0,112,17,0,attack,attack
1434,20,1420,0,1,0,0,102,6,80,attack,attack
62,20,48,0,0,0,0,128,17,0,attack,attack
1514,20,1500,0,1,0,0,63,6,22,normal,normal
1514,20,1500,0,1,0,0,63,6,22,normal,normal
1434,20,1420,0,1,0,0,241,6,80,normal,normal
1514,20,1500,0,1,0,0,63,6,22,normal,normal
1514,20,1500,0,1,0,0,47,6,6969,attack,attack
1434,20,1420,0,1,0,0,241,6,80,normal,normal
60,20,40,0,1,0,0,128,6,3020,normal,normal
60,20,40,0,1,0,0,128,6,4531,normal,normal
126,20,112,0,1,0,0,63,6,22,attack,attack
1514,20,1500,0,1,0,0,63,6,22,attack,attack
566,20,552,0,0,0,0,47,6,51413,attack,attack
1514,20,1500,0,1,0,0,64,6,22,normal,attack
1514,20,1500,0,1,0,0,41,6,80,attack,attack
418,20,404,0,1,0,0,64,6,22,normal,normal
60,20,40,0,1,0,0,63,6,22,normal,normal
60,20,40,0,0,0,0,128,6,2120,attack,attack
1434,20,1420,0,0,0,0,46,6,80,normal,normal
102,20,88,0,1,0,0,63,6,22,attack,attack
1480,20,1466,0,0,0,0,109,17,0,attack,attack
62,20,48,0,0,0,0,128,17,0,attack,attack
1514,20,1500,0,1,0,0,48,6,80,normal,normal
62,20,48,0,0,0,0,128,17,0,attack,attack
110,20,96,0,1,0,0,63,6,22,normal,normal
212,20,198,0,0,0,0,105,17,0,attack,attack
662,20,648,0,0,0,0,45,17,0,attack,attack
110,20,96,0,1,0,0,64,6,22,normal,normal
1514,20,1500,0,1,0,0,64,6,22,normal,attack
134,20,120,0,1,0,0,63,6,22,normal,normal
1514,20,1500,0,1,0,0,64,6,22,normal,normal
60,20,40,0,1,0,0,63,6,110,normal,normal
60,20,40,0,1,0,0,128,6,51063,normal,normal
60,20,40,0,1,0,0,64,6,22,normal,normal
118,20,104,0,1,0,0,63,6,22,normal,normal
60,20,40,0,0,0,0,128,6,2109,attack,attack
142,20,128,0,1,0,0,128,6,1218,normal,normal
62,20,48,0,0,0,0,128,17,0,attack,attack
60,20,40,0,1,0,0,128,6,1726,normal,normal
590,20,576,0,0,0,0,108,6,51884,attack,attack
126,20,112,0,1,0,0,128,6,4870,attack,attack
154,20,140,0,1,0,0,112,6,48544,attack,attack
66,20,52,0,1,0,0,128,6,2110,attack,attack
110,20,96,0,1,0,0,64,6,22,normal,normal
62,20,48,0,0,0,0,128,17,0,attack,attack
110,20,96,0,1,0,0,64,6,22,attack,attack
1514,20,1500,0,1,0,0,64,6,22,attack,attack
62,20,48,0,0,0,0,128,17,0,attack,attack
60,20,40,0,1,0,0,128,6,4921,attack,attack
212,20,198,0,0,0,0,112,17,0,attack,attack
418,20,404,0,1,0,0,63,6,22,attack,attack
124,20,110,0,1,0,0,128,6,4024,normal,normal
60,0,0,0,0,0,0,0,0,0,normal,normal
110,20,96,0,1,0,0,64,6,22,normal,normal
62,20,48,0,0,0,0,128,17,0,attack,attack
60,0,0,0,0,0,0,0,0,0,attack,attack
60,20,40,0,1,0,0,128,6,4875,attack,attack
62,20,48,0,0,0,0,128,17,0,attack,attack
1480,20,1466,0,0,0,0,113,17,0,attack,attack
60,20,40,0,1,0,0,128,6,4556,normal,normal
60,20,40,0,1,0,0,128,6,59001,attack,attack
1514,20,1500,0,1,0,0,43,6,80,normal,normal
60,20,40,0,0,0,0,128,6,2141,attack,attack
62,20,48,0,0,0,0,105,17,0,attack,attack
362,20,348,0,0,0,0,108,17,0,attack,attack
60,20,40,0,1,0,0,128,6,51062,normal,normal
60,20,40,0,1,0,0,128,6,2985,normal,normal
60,20,40,0,1,0,0,128,6,3842,normal,normal
60,20,40,0,1,0,0,128,6,15874,normal,normal
62,20,48,0,1,0,0,128,6,4951,attack,attack
93,20,79,0,1,0,0,64,6,22,normal,normal
1514,20,1500,0,1,0,0,52,6,80,normal,normal
1514,20,1500,0,1,0,0,63,6,22,normal,normal
1484,20,1470,0,0,0,0,55,6,80,normal,normal
362,20,348,0,0,0,0,112,17,0,attack,attack
60,20,40,0,0,0,0,128,6,2214,attack,attack
62,20,48,0,0,0,0,111,17,0,attack,attack
362,20,348,0,0,0,0,45,17,0,attack,attack
1514,20,1500,0,1,0,0,47,6,80,normal,normal
60,20,40,0,1,0,0,128,6,2354,attack,attack
60,20,40,0,1,0,0,128,6,3866,attack,attack
60,20,40,0,1,0,0,128,6,1047,attack,attack
1434,20,1420,0,1,0,0,241,6,80,normal,normal
62,20,48,0,0,0,0,128,17,0,attack,attack
134,20,120,0,1,0,0,64,6,22,normal,normal
212,20,198,0,0,0,0,112,17,0,attack,attack
1514,20,1500,0,1,0,0,64,6,22,attack,attack
1514,20,1500,0,1,0,0,63,6,22,normal,attack
566,20,552,0,0,0,0,47,6,51413,attack,attack
60,20,40,0,1,0,0,63,6,22,normal,normal
62,20,48,0,0,0,0,113,17,0,attack,attack
102,20,88,0,1,0,0,63,6,22,normal,normal
1514,20,1500,0,1,0,0,41,6,80,normal,normal
1514,20,1500,0,1,0,0,64,6,22,normal,normal
60,20,40,0,1,0,0,128,6,3019,normal,normal
60,20,40,0,1,0,0,63,6,22,normal,normal
1514,20,1500,0,1,0,0,47,6,80,normal,normal
60,20,40,0,1,0,0,128,6,2985,normal,normal
1514,20,1500,0,1,0,0,64,6,22,normal,normal
142,20,128,0,1,0,0,128,6,1989,attack,attack
126,20,112,0,1,0,0,128,6,4005,normal,normal
126,20,112,0,1,0,0,128,6,15852,normal,normal
62,20,48,0,0,0,0,128,17,0,attack,attack
206,20,192,0,1,0,0,128,6,1224,normal,normal
60,20,40,0,1,0,0,64,6,22,normal,normal
1514,20,1500,0,1,0,0,63,6,22,normal,normal
774,20,760,0,1,0,0,64,6,22,normal,normal
100,20,86,0,0,0,0,64,17,0,normal,normal
1514,20,1500,0,1,0,0,64,6,22,normal,normal
1514,20,1500,0,1,0,0,64,6,22,normal,normal
60,20,40,0,1,0,0,64,6,22,attack,attack
126,20,112,0,1,0,0,63,6,22,normal,normal
1314,20,1300,0,1,0,0,48,6,55123,attack,attack
80,20,66,0,1,0,0,128,6,2131,attack,attack
1514,20,1500,0,1,0,0,64,6,22,normal,normal
1434,20,1420,0,1,0,0,241,6,80,normal,normal
1514,20,1500,0,1,0,0,64,6,22,attack,attack
1494,20,1480,0,1,0,0,109,6,22,attack,attack
62,20,48,0,1,0,0,109,6,26076,attack,attack
126,20,112,0,1,0,0,128,6,4892,normal,normal
60,20,40,0,1,0,0,128,6,1234,normal,normal
212,20,198,0,0,0,0,106,17,0,attack,attack
212,20,198,0,0,0,0,108,17,0,attack,attack
60,20,40,0,1,0,0,128,6,2985,normal,normal
1514,20,1500,0,1,0,0,63,6,22,normal,normal
1480,20,1466,0,0,0,0,111,17,0,attack,attack
60,20,40,0,1,0,0,128,6,2367,attack,attack
1514,20,1500,0,1,0,0,63,6,22,normal,attack
1434,20,1420,0,1,0,0,241,6,80,normal,normal
827,20,813,0,1,0,0,47,6,6969,attack,attack
94,20,80,0,1,0,0,128,6,15850,normal,normal
294,20,280,0,1,0,0,128,6,15845,normal,normal
1514,20,1500,0,1,0,0,41,6,80,normal,normal
62,20,48,0,0,0,0,128,17,0,attack,attack
1514,20,1500,0,1,0,0,63,6,22,normal,normal
62,20,48,0,0,0,0,128,17,0,attack,attack
1434,20,1420,0,1,0,0,241,6,80,normal,normal
463,20,449,0,1,0,0,241,6,80,normal,normal
62,20,48,0,0,0,0,128,17,0,attack,attack
1514,20,1500,0,1,0,0,64,6,22,attack,attack
1514,20,1500,0,1,0,0,41,6,80,normal,normal
362,20,348,0,0,0,0,111,17,0,attack,attack
1514,20,1500,0,1,0,0,64,6,22,normal,normal
1514,20,1500,0,1,0,0,64,6,22,attack,attack
62,20,48,0,1,0,0,43,6,80,normal,normal
62,20,48,0,0,0,0,128,17,0,attack,attack
223,20,209,0,0,0,0,64,17,0,normal,normal
102,20,88,0,1,0,0,128,6,2393,normal,normal
1514,20,1500,0,1,0,0,54,6,80,normal,normal
418,20,404,0,1,0,0,64,6,22,normal,normal
1514,20,1500,0,1,0,0,63,6,22,normal,normal
1514,20,1500,0,1,0,0,42,6,80,normal,normal
62,20,48,0,0,0,0,128,17,0,attack,attack
1514,20,1500,0,1,0,0,63,6,22,normal,normal
142,20,128,0,1,0,0,63,6,22,attack,attack
60,20,40,0,1,0,0,128,6,2985,normal,normal
60,20,40,0,1,0,0,63,6,22,normal,normal
110,20,96,0,1,0,0,63,6,22,attack,attack
1514,20,1500,0,1,0,0,52,6,80,normal,normal
60,20,40,0,1,0,0,128,6,51069,normal,normal
60,20,40,0,1,0,0,128,6,2354,attack,attack
1514,20,1500,0,1,0,0,64,6,22,attack,attack
66,20,52,0,1,0,0,64,6,52173,attack,attack
62,20,48,0,0,0,0,128,17,0,attack,attack
1514,20,1500,0,1,0,0,63,6,22,normal,normal
212,20,198,0,0,0,0,111,17,0,attack,attack
62,20,48,0,0,0,0,128,17,0,attack,attack
126,20,112,0,1,0,0,64,6,22,normal,normal
60,20,40,0,1,0,0,128,6,2131,attack,attack
60,20,40,0,1,0,0,128,6,3153,normal,normal
62,20,48,0,0,0,0,109,17,0,attack,attack
60,20,40,0,1,0,0,128,6,3171,normal,normal
190,20,176,0,1,0,0,63,6,22,normal,attack
60,20,40,0,1,0,0,64,6,22,normal,normal
1434,20,1420,0,1,0,0,241,6,80,normal,normal
126,20,112,0,1,0,0,64,6,22,normal,normal
62,20,48,0,1,0,0,128,6,4502,normal,normal
60,20,40,0,1,0,0,128,6,2985,normal,normal
1514,20,1500,0,1,0,0,47,6,80,normal,normal
1514,20,1500,0,1,0,0,64,6,22,attack,attack
144,20,130,0,0,0,0,58,17,0,normal,normal
566,20,552,0,0,0,0,47,6,51413,attack,attack
1494,20,1480,0,1,0,0,109,6,22,attack,attack
60,20,40,0,1,0,0,64,6,110,normal,normal
60,20,40,0,1,0,0,128,6,3171,normal,normal
566,20,552,0,0,0,0,47,6,51413,attack,attack
1514,20,1500,0,1,0,0,41,6,80,normal,normal
60,20,40,0,1,0,0,128,6,2984,normal,normal
60,20,40,0,1,0,0,128,6,51078,normal,normal
212,20,198,0,0,0,0,108,17,0,attack,attack
60,20,40,0,1,0,0,128,6,3869,attack,attack
146,20,132,0,1,0,0,128,6,1027,attack,attack
965,20,951,0,1,0,0,102,6,80,attack,attack
1414,20,1400,0,1,0,0,112,6,48544,attack,attack
1514,20,1500,0,1,0,0,107,6,48412,attack,attack
662,20,648,0,0,0,0,105,17,0,attack,attack
1514,20,1500,0,1,0,0,63,6,22,normal,normal
151,20,137,0,1,0,0,53,6,80,normal,normal
62,20,48,0,0,0,0,128,17,0,attack,attack
60,20,40,0,1,0,0,63,6,22,normal,normal
62,20,48,0,0,0,0,128,17,0,attack,attack
1514,20,1500,0,1,0,0,64,6,22,normal,normal
60,20,40,0,1,0,0,241,6,80,normal,normal
1514,20,1500,0,1,0,0,64,6,22,normal,normal
212,20,198,0,0,0,0,105,17,0,attack,attack
62,20,48,0,1,0,0,64,6,22,normal,normal
120,20,106,0,1,0,0,128,6,4024,normal,normal
60,20,40,0,1,0,0,128,6,2401,normal,normal
60,20,40,0,1,0,0,128,6,3019,normal,normal
1254,20,1240,0,1,0,0,50,6,80,normal,normal
1514,20,1500,0,1,0,0,63,6,22,attack,attack
60,20,40,0,1,0,0,64,6,22,normal,normal
1480,20,1466,0,0,0,0,113,17,0,attack,attack
418,20,404,0,1,0,0,64,6,22,normal,normal
212,20,198,0,0,0,0,112,17,0,attack,attack
62,20,48,0,0,0,0,128,17,0,attack,attack
62,20,48,0,0,0,0,128,17,0,attack,attack
62,20,48,0,1,0,0,128,6,3999,attack,attack
60,20,40,0,1,0,0,128,6,4488,normal,normal
62,20,48,0,0,0,0,128,17,0,attack,attack
1480,20,1466,0,0,0,0,112,17,0,attack,attack
212,20,198,0,0,0,0,112,17,0,attack,attack
60,20,40,0,0,0,0,128,6,2120,attack,attack
1514,20,1500,0,1,0,0,63,6,22,attack,attack
60,20,40,0,1,0,0,128,6,2115,attack,attack
341,20,327,0,1,0,0,128,6,139,attack,normal
62,20,48,0,0,0,0,128,17,0,attack,attack
1514,20,1500,0,1,0,0,63,6,22,normal,normal
60,20,40,0,1,0,0,63,6,22,attack,attack
86,20,72,0,0,0,0,64,17,0,normal,normal
1514,20,1500,0,1,0,0,63,6,22,attack,attack
1514,20,1500,0,1,0,0,63,6,22,normal,normal
60,20,40,0,1,0,0,128,6,15852,normal,normal
1514,20,1500,0,1,0,0,64,6,22,attack,attack
62,20,48,0,0,0,0,128,17,0,attack,attack
1514,20,1500,0,1,0,0,41,6,80,normal,normal
1262,20,1248,0,0,0,0,112,17,0,attack,attack
1434,20,1420,0,1,0,0,241,6,80,normal,normal
1514,20,1500,0,1,0,0,63,6,22,attack,attack
110,20,96,0,1,0,0,63,6,22,normal,normal
1434,20,1420,0,1,0,0,102,6,80,attack,attack
212,20,198,0,0,0,0,112,17,0,attack,attack
60,20,40,0,1,0,0,128,6,1729,normal,normal
60,20,40,0,1,0,0,128,6,1229,normal,normal
1514,20,1500,0,1,0,0,63,6,22,normal,normal
60,20,40,0,1,0,0,128,6,4906,normal,normal
60,20,40,0,1,0,0,128,6,15852,normal,normal
1480,20,1466,0,0,0,0,113,17,0,attack,attack
418,20,404,0,1,0,0,64,6,22,normal,normal
1514,20,1500,0,1,0,0,64,6,22,normal,attack
60,20,40,0,0,0,0,128,6,2141,attack,attack
102,20,88,0,1,0,0,128,6,4781,attack,attack
60,20,40,0,1,0,0,64,6,22,normal,normal
1480,20,1466,0,0,0,0,118,17,0,attack,attack
60,20,40,0,1,0,0,63,6,22,normal,normal
60,20,40,0,1,0,0,128,6,1027,attack,attack
1514,20,1500,0,1,0,0,64,6,22,normal,normal
782,20,768,0,1,0,0,64,6,22,attack,attack
126,20,112,0,1,0,0,128,6,1712,normal,normal
1514,20,1500,0,1,0,0,64,6,80,normal,normal
1514,20,1500,0,1,0,0,41,6,80,attack,attack
137,20,123,0,0,0,0,47,1,0,attack,attack
71,20,57,0,1,0,0,64,6,143,normal,normal
60,20,40,0,1,0,0,128,6,2985,normal,normal
60,20,40,0,1,0,0,128,6,2985,normal,normal
62,20,48,0,0,0,0,128,17,0,attack,attack
126,20,112,0,1,0,0,128,6,15841,normal,normal
1514,20,1500,0,1,0,0,56,6,80,normal,normal
1514,20,1500,0,1,0,0,63,6,22,normal,normal
1514,20,1500,0,1,0,0,63,6,22,normal,normal
1078,20,1064,0,1,0,0,47,6,6969,attack,attack
1434,20,1420,0,1,0,0,102,6,80,attack,attack
86,20,72,0,1,0,0,64,6,22,normal,normal
362,20,348,0,0,0,0,105,17,0,attack,attack
62,20,48,0,0,0,0,128,17,0,attack,attack
110,20,96,0,1,0,0,64,6,22,normal,normal
60,20,40,0,1,0,0,128,6,16818,normal,normal
1514,20,1500,0,1,0,0,64,6,22,normal,normal
1514,20,1500,0,1,0,0,52,6,80,normal,normal
1514,20,1500,0,1,0,0,63,6,22,attack,attack
1514,20,1500,0,1,0,0,54,6,80,normal,normal
60,20,40,0,1,0,0,128,6,4788,attack,attack
212,20,198,0,0,0,0,112,17,0,attack,attack
1434,20,1420,0,1,0,0,241,6,80,normal,normal
362,20,348,0,0,0,0,111,17,0,attack,attack
60,20,40,0,1,0,0,63,6,22,normal,normal
62,20,48,0,0,0,0,128,17,0,attack,attack
1514,20,1500,0,1,0,0,64,6,22,normal,normal
1514,20,1500,0,1,0,0,64,6,22,normal,normal
1514,20,1500,0,1,0,0,46,6,80,normal,normal
1514,20,1500,0,1,0,0,51,6,80,normal,normal
62,20,48,0,0,0,0,128,17,0,attack,attack
60,20,40,0,0,0,0,128,6,2120,attack,attack
60,20,40,0,1,0,0,55,6,80,normal,normal
782,20,768,0,1,0,0,63,6,22,normal,normal
1514,20,1500,0,1,0,0,41,6,80,normal,normal
62,20,48,0,1,0,0,41,6,80,attack,attack
362,20,348,0,0,0,0,45,17,0,attack,attack
60,20,40,0,1,0,0,128,6,51074,normal,normal
695,20,681,0,1,0,0,241,6,80,normal,normal
60,20,40,0,1,0,0,64,6,22,normal,normal
60,20,40,0,1,0,0,128,6,4549,normal,normal
362,20,348,0,0,0,0,111,17,0,attack,attack
1514,20,1500,0,1,0,0,41,6,80,normal,normal
60,20,40,0,1,0,0,128,6,3929,normal,normal
1514,20,1500,0,1,0,0,107,6,48412,attack,attack
60,20,40,0,1,0,0,128,6,15865,normal,normal
662,20,648,0,0,0,0,112,17,0,attack,attack
1514,20,1500,0,1,0,0,64,6,22,attack,attack
60,20,40,0,1,0,0,63,6,22,normal,normal
1414,20,1400,0,1,0,0,112,6,48544,attack,attack
60,20,40,0,1,0,0,128,6,4529,normal,normal
1480,20,1466,0,0,0,0,113,17,0,attack,attack
1514,20,1500,0,1,0,0,63,6,22,normal,normal
1434,20,1420,0,1,0,0,102,6,80,attack,attack
662,20,648,0,0,0,0,112,17,0,attack,attack
62,20,48,0,0,0,0,128,17,0,attack,attack
1514,20,1500,0,1,0,0,64,6,22,attack,attack
1514,20,1500,0,1,0,0,63,6,22,normal,normal
1514,20,1500,0,1,0,0,108,6,57421,attack,attack
60,20,40,0,1,0,0,128,6,3108,normal,normal
60,20,40,0,1,0,0,128,6,4501,normal,normal
145,20,131,0,1,0,0,128,6,1056,attack,attack
1434,20,1420,0,1,0,0,241,6,80,normal,normal
62,20,48,0,0,0,0,128,17,0,attack,attack
134,20,120,0,1,0,0,64,6,22,attack,attack
1434,20,1420,0,1,0,0,241,6,80,normal,normal
60,20,40,0,1,0,0,128,6,4023,normal,normal
62,20,48,0,1,0,0,64,6,22,normal,normal
62,20,48,0,0,0,0,128,17,0,attack,attack
142,20,128,0,1,0,0,128,6,3859,attack,attack
827,20,813,0,1,0,0,47,6,51413,attack,attack
62,20,48,0,0,0,0,128,17,0,attack,attack
62,20,48,0,0,0,0,128,17,0,attack,attack
62,20,48,0,0,0,0,128,17,0,attack,attack
60,20,40,0,1,0,0,56,6,80,normal,normal
60,20,40,0,1,0,0,128,6,2404,normal,normal
60,20,40,0,1,0,0,128,6,1735,normal,normal
418,20,404,0,1,0,0,63,6,22,normal,normal
1514,20,1500,0,1,0,0,63,6,22,normal,normal
212,20,198,0,0,0,0,108,17,0,attack,attack
60,20,40,0,0,0,0,128,6,2214,attack,attack
106,20,92,0,0,0,0,128,17,0,attack,attack
62,20,48,0,0,0,0,128,17,0,attack,attack
60,20,40,0,0,0,0,128,6,2214,attack,attack
142,20,128,0,1,0,0,63,6,22,normal,normal
1514,20,1500,0,1,0,0,63,6,22,attack,attack
133,20,119,0,1,0,0,128,6,4025,normal,normal
861,20,847,0,0,0,0,108,17,0,attack,attack
94,20,80,0,1,0,0,64,6,22,attack,normal
1514,20,1500,0,1,0,0,63,6,22,normal,normal
418,20,404,0,1,0,0,64,6,22,normal,normal
60,20,40,0,1,0,0,128,6,4181,normal,normal
308,20,294,0,1,0,0,53,6,80,normal,normal
60,20,40,0,1,0,0,128,6,15852,normal,normal
60,20,40,0,1,0,0,128,6,3818,normal,normal
60,20,40,0,1,0,0,128,6,1715,normal,normal
146,20,132,0,1,0,0,128,6,1027,attack,attack
62,20,48,0,0,0,0,128,17,0,attack,attack
1434,20,1420,0,1,0,0,241,6,80,normal,normal
1514,20,1500,0,1,0,0,64,6,22,normal,normal
60,20,40,0,1,0,0,128,6,59000,attack,attack
1514,20,1500,0,1,0,0,63,6,22,normal,normal
62,20,48,0,1,0,0,64,6,110,normal,normal
60,20,40,0,1,0,0,128,6,1229,normal,normal
110,20,96,0,1,0,0,64,6,22,normal,normal
1514,20,1500,0,1,0,0,41,6,80,normal,normal
1506,20,1492,0,1,0,0,109,6,26076,attack,attack
60,20,40,0,1,0,0,128,6,4538,normal,normal
1514,20,1500,0,1,0,0,43,6,80,normal,normal
1514,20,1500,0,1,0,0,106,6,27571,attack,attack
212,20,198,0,0,0,0,112,17,0,attack,attack
86,20,72,0,1,0,0,64,6,22,normal,normal
1514,20,1500,0,1,0,0,63,6,22,normal,normal
60,20,40,0,1,0,0,128,6,1028,attack,attack
60,20,40,0,1,0,0,64,6,22,normal,normal
1514,20,1500,0,1,0,0,63,6,22,normal,normal
1434,20,1420,0,1,0,0,241,6,80,normal,normal
62,20,48,0,0,0,0,128,17,0,attack,attack
62,20,48,0,1,0,0,128,6,2485,normal,normal
1514,20,1500,0,1,0,0,64,6,22,normal,normal
60,20,40,0,1,0,0,64,6,22,normal,normal
60,20,40,0,1,0,0,63,6,22,normal,normal
1514,20,1500,0,1,0,0,63,6,22,normal,normal
60,20,40,0,1,0,0,56,6,80,normal,normal
62,20,48,0,0,0,0,128,17,0,attack,attack
590,20,576,0,0,0,0,113,6,6880,attack,attack
86,20,72,0,1,0,0,64,6,22,attack,attack
212,20,198,0,0,0,0,108,17,0,attack,attack
1502,20,1488,0,1,0,0,50,6,80,normal,normal
1514,20,1500,0,1,0,0,64,6,22,attack,attack
1414,20,1400,0,1,0,0,112,6,48544,attack,attack
190,20,176,0,1,0,0,64,6,22,normal,normal
60,20,40,0,1,0,0,128,6,4025,normal,normal
60,20,40,0,1,0,0,63,6,22,normal,normal
62,20,48,0,0,0,0,128,17,0,attack,attack
1434,20,1420,0,1,0,0,241,6,80,normal,normal
362,20,348,0,0,0,0,45,17,0,attack,attack
1514,20,1500,0,1,0,0,63,6,22,attack,attack
1514,20,1500,0,1,0,0,63,6,22,normal,normal
1506,20,1492,0,1,0,0,112,6,35691,attack,attack
60,20,40,0,0,0,0,128,6,2120,attack,attack
60,20,40,0,1,0,0,63,6,22,normal,normal
212,20,198,0,0,0,0,112,17,0,attack,attack
1514,20,1500,0,1,0,0,64,6,22,normal,attack
60,20,40,0,1,0,0,128,6,4531,normal,normal
1514,20,1500,0,1,0,0,64,6,22,attack,attack
62,20,48,0,0,0,0,128,17,0,attack,attack
60,20,40,0,1,0,0,128,6,2318,attack,attack
60,20,40,0,1,0,0,128,6,2106,normal,attack
60,20,40,0,1,0,0,63,6,22,attack,attack
1514,20,1500,0,1,0,0,64,6,22,attack,attack
662,20,648,0,0,0,0,108,17,0,attack,attack
1434,20,1420,0,1,0,0,241,6,80,normal,normal
1514,20,1500,0,1,0,0,63,6,22,normal,normal
1262,20,1248,0,1,0,0,110,17,0,attack,attack
62,20,48,0,1,0,0,64,6,22,normal,normal
62,20,48,0,0,0,0,128,17,0,attack,attack
60,20,40,0,1,0,0,63,6,22,normal,attack
1514,20,1500,0,1,0,0,63,6,22,normal,normal
1514,20,1500,0,1,0,0,49,6,80,normal,normal
1514,20,1500,0,1,0,0,108,6,57421,attack,attack
60,20,40,0,1,0,0,128,6,4869,attack,attack
1514,20,1500,0,1,0,0,64,6,22,normal,normal
86,20,72,0,1,0,0,63,6,22,normal,normal
838,20,824,0,1,0,0,63,6,22,attack,attack
60,20,40,0,1,0,0,128,6,3816,normal,normal
1514,20,1500,0,1,0,0,64,6,22,normal,normal
1514,20,1500,0,1,0,0,64,6,22,attack,attack
93,20,79,0,0,0,0,64,17,0,normal,normal
62,20,48,0,0,0,0,128,17,0,attack,attack
418,20,404,0,1,0,0,64,6,22,normal,normal
1502,20,1488,0,1,0,0,50,6,80,normal,normal
102,20,88,0,1,0,0,64,6,22,normal,normal
463,20,449,0,1,0,0,241,6,80,normal,normal
1514,20,1500,0,1,0,0,63,6,22,normal,normal
1514,20,1500,0,1,0,0,45,6,80,normal,normal
60,20,40,0,1,0,0,128,6,2985,normal,normal
212,20,198,0,0,0,0,112,17,0,attack,attack
60,20,40,0,1,0,0,64,6,22,normal,normal
782,20,768,0,1,0,0,63,6,22,normal,normal
1434,20,1420,0,1,0,0,102,6,80,attack,attack
1480,20,1466,0,0,0,0,113,17,0,attack,attack
1514,20,1500,0,1,0,0,54,6,80,normal,normal
126,20,112,0,1,0,0,128,6,16818,normal,normal
1506,20,1492,0,1,0,0,109,6,26076,attack,attack
60,20,40,0,1,0,0,128,6,2490,normal,normal
62,20,48,0,0,0,0,128,17,0,attack,attack
1514,20,1500,0,1,0,0,63,6,22,attack,attack
60,20,40,0,1,0,0,45,6,51413,attack,attack
62,20,48,0,0,0,0,128,17,0,attack,attack
60,20,40,0,1,0,0,128,6,2328,attack,attack
62,20,48,0,1,0,0,64,6,22,normal,normal
1514,20,1500,0,1,0,0,64,6,22,attack,attack
86,20,72,0,1,0,0,63,6,22,normal,normal
774,20,760,0,1,0,0,64,6,22,normal,normal
1514,20,1500,0,1,0,0,63,6,22,normal,normal
60,20,40,0,1,0,0,128,6,3019,normal,normal
102,20,88,0,1,0,0,63,6,22,normal,normal
60,20,40,0,1,0,0,48,6,80,normal,normal
62,20,48,0,0,0,0,128,17,0,attack,attack
60,20,40,0,1,0,0,128,6,4901,attack,attack
1514,20,1500,0,1,0,0,64,6,22,normal,normal
212,20,198,0,0,0,0,105,17,0,attack,attack
1480,20,1466,0,0,0,0,113,17,0,attack,attack
1514,20,1500,0,1,0,0,64,6,22,normal,normal
134,20,120,0,1,0,0,64,6,22,normal,normal
1514,20,1500,0,1,0,0,59,6,80,normal,normal
110,20,96,0,1,0,0,128,6,59000,attack,attack
60,20,40,0,1,0,0,128,6,59000,attack,attack
62,20,48,0,0,0,0,128,17,0,attack,attack
102,20,88,0,1,0,0,64,6,22,attack,attack
861,20,847,0,0,0,0,115,17,0,attack,attack
60,20,40,0,1,0,0,128,6,3024,normal,normal
1078,20,1064,0,1,0,0,52,6,51413,attack,attack
70,20,56,0,1,0,0,128,6,4892,normal,normal
134,20,120,0,1,0,0,64,6,22,normal,normal
1480,20,1466,0,0,0,0,107,17,0,attack,attack
1514,20,1500,0,1,0,0,63,6,22,normal,normal
1514,20,1500,0,1,0,0,63,6,22,normal,normal
142,20,128,0,1,0,0,128,6,2918,attack,attack
1480,20,1466,0,0,0,0,45,17,0,attack,attack
60,20,40,0,1,0,0,128,6,15860,normal,normal
126,20,112,0,1,0,0,128,6,2096,normal,attack
1480,20,1466,0,0,0,0,111,17,0,attack,attack
60,20,40,0,1,0,0,128,6,3866,attack,attack
60,20,40,0,1,0,0,63,6,22,attack,attack
60,20,40,0,1,0,0,128,6,15863,normal,normal
1480,20,1466,0,0,0,0,109,17,0,attack,attack
1514,20,1500,0,1,0,0,41,6,80,normal,normal
60,20,40,0,1,0,0,63,6,22,attack,attack
1514,20,1500,0,1,0,0,59,6,80,normal,normal
62,20,48,0,0,0,0,128,17,0,attack,attack
118,20,104,0,1,0,0,63,6,22,normal,normal
1514,20,1500,0,1,0,0,64,6,22,normal,normal
60,20,40,0,1,0,0,128,6,1729,normal,normal
1514,20,1500,0,1,0,0,47,6,6969,attack,attack
88,20,74,0,0,0,0,128,17,0,attack,attack
158,20,144,0,1,0,0,128,6,2109,attack,attack
362,20,348,0,0,0,0,108,17,0,attack,attack
60,20,40,0,1,0,0,128,6,1229,normal,normal
126,20,112,0,1,0,0,64,6,22,normal,normal
126,20,112,0,1,0,0,128,6,59000,attack,attack
1514,20,1500,0,1,0,0,47,6,6969,attack,attack
93,20,79,0,1,0,0,64,6,22,attack,attack
60,20,40,0,1,0,0,63,6,22,attack,attack
60,20,40,0,1,0,0,128,6,4010,attack,normal
60,20,40,0,1,0,0,63,6,22,attack,attack
1514,20,1500,0,1,0,0,64,6,22,normal,normal
1514,20,1500,0,1,0,0,108,6,57421,attack,attack
1514,20,1500,0,1,0,0,63,6,22,attack,attack
418,20,404,0,1,0,0,64,6,22,attack,attack
62,20,48,0,0,0,0,128,17,0,attack,attack
60,20,40,0,1,0,0,63,6,22,normal,normal
60,20,40,0,0,0,0,128,6,2141,attack,attack
60,20,40,0,1,0,0,128,6,2985,normal,normal
1480,20,1466,0,0,0,0,109,17,0,attack,attack
269,20,255,0,0,0,0,58,17,0,normal,normal
115,20,101,0,1,0,0,128,6,1724,normal,normal
62,20,48,0,1,0,0,128,6,3843,normal,normal
60,20,40,0,1,0,0,128,6,3019,normal,normal
362,20,348,0,0,0,0,111,17,0,attack,attack
60,20,40,0,1,0,0,128,6,3905,normal,normal
1514,20,1500,0,1,0,0,59,6,80,normal,normal
1434,20,1420,0,1,0,0,241,6,80,normal,normal
1514,20,1500,0,1,0,0,63,6,22,attack,attack
60,20,40,0,1,0,0,128,6,3019,normal,normal
1502,20,1488,0,1,0,0,50,6,80,normal,normal
1514,20,1500,0,1,0,0,64,6,22,normal,normal
62,20,48,0,1,0,0,63,6,22,normal,normal
126,20,112,0,1,0,0,128,6,4497,normal,normal
118,20,104,0,1,0,0,63,6,22,normal,normal
83,20,69,0,0,0,0,64,17,0,normal,attack
60,20,40,0,1,0,0,128,6,3822,normal,normal
212,20,198,0,0,0,0,108,17,0,attack,attack
60,20,40,0,1,0,0,128,6,4913,attack,attack
60,20,40,0,1,0,0,64,6,22,attack,attack
1514,20,1500,0,1,0,0,64,6,22,normal,normal
126,20,112,0,1,0,0,128,6,3927,normal,normal
362,20,348,0,0,0,0,108,17,0,attack,attack
1514,20,1500,0,1,0,0,63,6,22,normal,attack
60,20,40,0,1,0,0,108,6,57421,attack,attack
362,20,348,0,0,0,0,112,17,0,attack,attack
1514,20,1500,0,1,0,0,59,6,80,normal,normal
62,20,48,0,0,0,0,128,17,0,attack,attack
1514,20,1500,0,1,0,0,63,6,22,normal,normal
60,20,40,0,1,0,0,63,6,22,normal,normal
68,20,54,0,0,0,0,128,17,0,attack,attack
1514,20,1500,0,1,0,0,63,6,22,normal,normal
60,20,40,0,1,0,0,43,6,80,normal,normal
60,20,40,0,1,0,0,128,6,3068,normal,normal
60,20,40,0,1,0,0,128,6,4523,normal,normal
66,20,52,0,1,0,0,128,6,2110,attack,attack
1514,20,1500,0,1,0,0,47,6,6969,attack,attack
1502,20,1488,0,1,0,0,50,6,80,normal,normal
86,20,72,0,1,0,0,64,6,22,attack,attack
1480,20,1466,0,0,0,0,113,17,0,attack,attack
60,20,40,0,1,0,0,64,6,22,normal,normal
60,20,40,0,1,0,0,128,6,3023,normal,normal
662,20,648,0,0,0,0,108,17,0,attack,attack
1480,20,1466,0,1,0,0,110,17,0,attack,attack
175,20,161,0,1,0,0,128,6,139,attack,attack
418,20,404,0,1,0,0,63,6,22,normal,normal
566,20,552,0,0,0,0,47,6,51413,attack,attack
142,20,128,0,1,0,0,64,6,22,normal,normal
60,20,40,0,1,0,0,64,6,22,normal,normal
1514,20,1500,0,1,0,0,52,6,51413,attack,attack
1514,20,1500,0,1,0,0,63,6,22,normal,attack
1514,20,1500,0,1,0,0,64,6,22,normal,normal
60,20,40,0,1,0,0,128,6,3818,normal,normal
1514,20,1500,0,1,0,0,64,6,22,normal,normal
60,20,40,0,1,0,0,128,6,4951,attack,attack
1514,20,1500,0,1,0,0,52,6,80,normal,normal
60,20,40,0,1,0,0,128,6,3019,normal,normal
1480,20,1466,0,0,0,0,109,17,0,attack,attack
62,20,48,0,0,0,0,128,17,0,attack,attack
60,20,40,0,1,0,0,64,6,22,attack,attack
62,20,48,0,0,0,0,128,17,0,attack,attack
1514,20,1500,0,1,0,0,63,6,22,normal,normal
60,20,40,0,1,0,0,63,6,22,normal,normal
1434,20,1420,0,1,0,0,241,6,80,normal,normal
1514,20,1500,0,1,0,0,63,6,22,normal,normal
130,20,116,0,1,0,0,128,6,3123,normal,normal
566,20,552,0,0,0,0,47,6,51413,attack,attack
562,20,548,0,1,0,0,54,6,80,normal,normal
60,20,40,0,1,0,0,128,6,4963,attack,attack
60,20,40,0,0,0,0,128,6,2141,attack,attack
690,20,676,0,1,0,0,41,6,80,attack,attack
60,20,40,0,1,0,0,128,6,4026,normal,normal
1514,20,1500,0,1,0,0,64,6,80,normal,normal
60,20,45,0,1,0,0,112,6,35691,attack,attack
1434,20,1420,0,1,0,0,241,6,80,normal,normal
102,20,88,0,1,0,0,63,6,22,attack,attack
827,20,813,0,1,0,0,52,6,51413,attack,attack
60,20,40,0,1,0,0,128,6,1729,normal,normal
1514,20,1500,0,1,0,0,43,6,80,normal,normal
62,20,48,0,0,0,0,128,17,0,attack,attack
1514,20,1500,0,1,0,0,64,6,22,normal,normal
60,20,40,0,1,0,0,63,6,22,normal,normal
60,20,40,0,1,0,0,128,6,4529,normal,normal
1434,20,1420,0,1,0,0,241,6,80,normal,normal
1514,20,1500,0,1,0,0,64,6,22,normal,attack
60,20,40,0,1,0,0,64,6,22,attack,attack
1514,20,1500,0,1,0,0,64,6,22,normal,normal
92,20,78,0,1,0,0,128,6,15844,normal,normal
1514,20,1500,0,1,0,0,41,6,80,normal,normal
1514,20,1500,0,1,0,0,63,6,22,normal,normal
60,20,40,0,1,0,0,128,6,1077,attack,attack
134,20,120,0,1,0,0,64,6,22,normal,normal
68,20,54,0,0,0,0,128,17,0,attack,attack
662,20,648,0,0,0,0,108,17,0,attack,attack
92,20,78,0,1,0,0,128,6,4018,normal,normal
102,20,88,0,1,0,0,63,6,22,normal,normal
212,20,198,0,0,0,0,112,17,0,attack,attack
81,20,67,0,0,0,0,128,17,0,normal,normal
60,20,40,0,0,0,0,128,6,2109,attack,attack
1514,20,1500,0,1,0,0,64,6,22,normal,attack
1514,20,1500,0,1,0,0,63,6,22,normal,normal
1514,20,1500,0,1,0,0,63,6,22,normal,normal
60,20,40,0,1,0,0,128,6,2195,attack,attack
60,20,40,0,1,0,0,128,6,3068,normal,normal
60,20,40,0,1,0,0,128,6,4528,normal,normal
1514,20,1500,0,1,0,0,63,6,22,normal,normal
1514,20,1500,0,1,0,0,47,6,80,normal,normal
1514,20,1500,0,1,0,0,64,6,22,attack,attack
62,20,48,0,1,0,0,128,6,2494,normal,normal
60,20,40,0,1,0,0,128,6,2490,normal,normal
60,20,40,0,1,0,0,128,6,2048,attack,attack
86,20,72,0,1,0,0,64,6,22,attack,attack
1514,20,1500,0,1,0,0,64,6,22,normal,normal
212,20,198,0,0,0,0,112,17,0,attack,attack
60,20,40,0,1,0,0,64,6,22,normal,normal
362,20,348,0,0,0,0,111,17,0,attack,attack
1514,20,1500,0,1,0,0,63,6,22,normal,normal
1502,20,1488,0,1,0,0,50,6,80,normal,normal
1434,20,1420,0,1,0,0,102,6,80,attack,attack
62,20,48,0,0,0,0,128,17,0,attack,attack
123,20,109,0,1,0,0,128,6,1723,normal,normal
60,20,40,0,0,0,0,128,6,2141,attack,attack
60,20,40,0,1,0,0,128,6,1715,normal,normal
60,20,40,0,1,0,0,64,6,22,normal,normal
1514,20,1500,0,1,0,0,47,6,80,normal,normal
212,20,198,0,0,0,0,112,17,0,attack,attack
60,20,40,0,1,0,0,128,6,4501,normal,normal
60,20,40,0,1,0,0,128,6,1715,normal,normal
126,20,112,0,1,0,0,128,6,3866,attack,attack
1434,20,1420,0,1,0,0,241,6,80,normal,normal
130,20,116,0,1,0,0,128,6,3110,normal,normal
1262,20,1248,0,0,0,0,105,17,0,normal,attack
62,20,48,0,0,0,0,128,17,0,attack,attack
124,20,110,0,1,0,0,128,6,15863,normal,normal
212,20,198,0,0,0,0,112,17,0,attack,attack
66,20,52,0,1,0,0,64,6,34160,attack,attack
1514,20,1500,0,1,0,0,64,6,22,normal,normal
60,20,40,0,1,0,0,64,6,22,attack,attack
1262,20,1248,0,0,0,0,105,17,0,attack,attack
1514,20,1500,0,1,0,0,47,6,80,normal,normal
1434,20,1420,0,1,0,0,241,6,80,normal,normal
362,20,348,0,0,0,0,111,17,0,attack,attack
60,20,40,0,1,0,0,128,6,2328,attack,attack
1314,20,1300,0,1,0,0,48,6,55123,attack,attack
662,20,648,0,0,0,0,108,17,0,attack,attack
84,20,70,0,0,0,0,64,17,0,normal,normal
1514,20,1500,0,1,0,0,64,6,22,attack,attack
62,20,48,0,0,0,0,128,17,0,attack,attack
662,20,648,0,0,0,0,45,17,0,attack,attack
1106,20,1092,0,1,0,0,64,6,22,normal,normal
1502,20,1488,0,1,0,0,50,6,80,normal,normal
1514,20,1500,0,1,0,0,63,6,22,attack,attack
60,20,40,0,1,0,0,128,6,2328,attack,attack
60,20,40,0,1,0,0,128,6,3866,attack,attack
1480,20,1466,0,0,0,0,107,17,0,attack,attack
1514,20,1500,0,1,0,0,63,6,22,normal,normal
60,20,40,0,1,0,0,128,6,51063,normal,normal
60,20,40,0,1,0,0,128,6,1739,normal,normal
60,20,40,0,1,0,0,128,6,3866,normal,attack
1514,20,1500,0,1,0,0,63,6,22,normal,normal
60,20,40,0,1,0,0,128,6,15841,attack,normal
566,20,552,0,0,0,0,47,6,51413,attack,attack
60,20,40,0,1,0,0,128,6,3937,normal,normal
60,20,40,0,0,0,0,128,6,2109,attack,attack
93,20,79,0,1,0,0,64,6,22,normal,normal
1480,20,1466,0,0,0,0,106,17,0,attack,attack
62,20,48,0,0,0,0,118,17,0,attack,attack
60,20,40,0,1,0,0,128,6,2115,attack,attack
1514,20,1500,0,1,0,0,63,6,22,normal,normal
60,20,40,0,1,0,0,63,6,22,normal,normal
212,20,198,0,0,0,0,112,17,0,attack,attack
60,20,40,0,1,0,0,56,6,80,normal,normal
1514,20,1500,0,1,0,0,56,6,80,normal,normal
100,20,86,0,0,0,0,128,17,0,attack,attack
60,20,40,0,1,0,0,64,6,22,normal,normal
206,20,192,0,1,0,0,128,6,15850,normal,normal
206,20,192,0,1,0,0,128,6,1707,normal,normal
62,20,48,0,1,0,0,128,6,4560,normal,normal
62,20,48,0,1,0,0,112,6,35691,attack,attack
62,20,48,0,0,0,0,128,17,0,attack,attack
1223,20,1209,0,1,0,0,59,6,80,normal,normal
1514,20,1500,0,1,0,0,64,6,22,attack,normal
126,20,112,0,1,0,0,64,6,22,normal,normal
1480,20,1466,0,0,0,0,111,17,0,attack,attack
60,20,40,0,1,0,0,128,6,4497,normal,normal
118,20,104,0,1,0,0,63,6,22,attack,attack
62,20,48,0,0,0,0,128,17,0,attack,attack
1514,20,1500,0,1,0,0,52,6,80,normal,normal
1514,20,1500,0,1,0,0,41,6,80,normal,normal
110,20,96,0,1,0,0,128,6,15837,normal,normal
142,20,128,0,1,0,0,128,6,3857,attack,attack
156,20,142,0,1,0,0,128,6,4913,attack,attack
1434,20,1420,0,1,0,0,241,6,80,normal,normal
662,20,648,0,0,0,0,105,17,0,attack,attack
110,20,96,0,1,0,0,128,6,58990,attack,attack
1514,20,1500,0,1,0,0,63,6,22,attack,attack
1514,20,1500,0,1,0,0,64,6,22,attack,attack
66,20,52,0,1,0,0,64,6,38682,attack,attack
1514,20,1500,0,1,0,0,63,6,22,attack,attack
60,20,40,0,1,0,0,128,6,2195,attack,attack
662,20,648,0,0,0,0,112,17,0,attack,attack
1262,20,1248,0,0,0,0,105,17,0,attack,attack
212,20,198,0,0,0,0,108,17,0,attack,attack
62,20,48,0,0,0,0,128,17,0,attack,attack
64,20,50,0,1,0,0,64,6,143,normal,normal
62,20,48,0,0,0,0,128,17,0,attack,attack
1514,20,1500,0,1,0,0,64,6,22,normal,normal
142,20,128,0,1,0,0,63,6,22,attack,attack
60,20,40,0,1,0,0,128,6,4528,normal,normal
134,20,120,0,1,0,0,52,6,64277,attack,attack
109,20,95,0,0,0,0,128,17,0,attack,attack
62,20,48,0,0,0,0,128,17,0,attack,attack
96,20,82,0,0,0,0,128,17,0,attack,attack
110,20,96,0,1,0,0,128,6,58993,attack,attack
62,20,48,0,0,0,0,128,17,0,attack,attack
1514,20,1500,0,1,0,0,47,6,6969,attack,attack
142,20,128,0,1,0,0,128,6,3173,normal,normal
62,20,48,0,0,0,0,128,17,0,attack,attack
60,20,40,0,1,0,0,64,6,22,normal,normal
1434,20,1420,0,1,0,0,241,6,80,normal,normal
60,20,40,0,1,0,0,128,6,4529,normal,normal
362,20,348,0,0,0,0,45,17,0,attack,attack
60,20,40,0,1,0,0,128,6,4869,normal,attack
60,20,40,0,1,0,0,128,6,4181,normal,normal
60,20,40,0,1,0,0,128,6,2115,attack,attack
662,20,648,0,0,0,0,111,17,0,attack,attack
60,20,40,0,1,0,0,128,6,2328,attack,attack
1514,20,1500,0,1,0,0,63,6,22,normal,attack
1514,20,1500,0,1,0,0,64,6,22,normal,normal
206,20,192,0,1,0,0,128,6,2106,attack,attack
1514,20,1500,0,1,0,0,64,6,22,normal,normal
1514,20,1500,0,1,0,0,64,6,22,normal,normal
60,20,40,0,1,0,0,128,6,3837,normal,normal
94,20,80,0,1,0,0,128,6,4899,normal,normal
60,20,40,0,1,0,0,128,6,1722,normal,normal
60,20,40,0,1,0,0,128,6,3134,normal,normal
1434,20,1420,0,1,0,0,241,6,80,normal,normal
60,20,40,0,1,0,0,50,6,80,normal,normal
662,20,648,0,0,0,0,108,17,0,attack,attack
60,20,40,0,1,0,0,128,6,15841,normal,normal
126,20,112,0,1,0,0,128,6,3171,normal,normal
1514,20,1500,0,1,0,0,63,6,22,normal,normal
1434,20,1420,0,1,0,0,241,6,80,normal,normal
60,20,40,0,1,0,0,128,6,51063,normal,normal
62,20,48,0,0,0,0,128,17,0,attack,attack
1514,20,1500,0,1,0,0,53,6,80,normal,normal
1506,20,1492,0,1,0,0,109,6,26076,attack,attack
1480,20,1466,0,0,0,0,109,17,0,attack,attack
695,20,681,0,1,0,0,241,6,80,normal,normal
60,20,40,0,1,0,0,128,6,4015,normal,normal
62,20,48,0,0,0,0,128,17,0,attack,attack
1514,20,1500,0,1,0,0,64,6,22,normal,normal
60,20,40,0,1,0,0,128,6,4015,normal,normal
1434,20,1420,0,1,0,0,241,6,80,normal,normal
62,20,48,0,0,0,0,128,17,0,attack,attack
60,20,40,0,1,0,0,128,6,59000,attack,attack
662,20,648,0,0,0,0,108,17,0,attack,attack
1262,20,1248,0,0,0,0,110,17,0,attack,attack
60,20,40,0,1,0,0,128,6,3852,normal,normal
1506,20,1492,0,1,0,0,109,6,26076,attack,attack
1514,20,1500,0,1,0,0,63,6,22,normal,normal
1078,20,1064,0,1,0,0,52,6,51413,attack,attack
1514,20,1500,0,1,0,0,64,6,22,normal,normal
212,20,198,0,0,0,0,107,17,0,attack,attack
92,20,78,0,1,0,0,128,6,4493,normal,normal
62,20,48,0,1,0,0,109,6,26076,attack,attack
134,20,120,0,1,0,0,52,6,64277,attack,attack
60,20,40,0,1,0,0,56,6,80,normal,normal
60,20,40,0,1,0,0,128,6,4181,normal,normal
1514,20,1500,0,1,0,0,63,6,22,normal,normal
236,20,222,0,0,0,0,63,17,0,normal,normal
102,20,88,0,1,0,0,64,6,22,normal,normal
60,20,40,0,0,0,0,128,6,2109,attack,attack
60,20,40,0,1,0,0,64,6,22,attack,attack
1514,20,1500,0,1,0,0,64,6,22,normal,normal
212,20,198,0,0,0,0,112,17,0,attack,attack
838,20,824,0,1,0,0,63,6,22,normal,normal
1514,20,1500,0,1,0,0,64,6,22,normal,normal
1514,20,1500,0,1,0,0,51,6,80,normal,normal
1514,20,1500,0,1,0,0,107,6,48412,attack,attack
1514,20,1500,0,1,0,0,64,6,22,normal,normal
62,20,48,0,0,0,0,128,17,0,attack,attack
1480,20,1466,0,0,0,0,105,17,0,attack,attack
102,20,88,0,1,0,0,128,6,3928,normal,normal
1514,20,1500,0,1,0,0,63,6,22,normal,normal
1514,20,1500,0,1,0,0,108,6,57421,attack,attack
362,20,348,0,0,0,0,110,17,0,attack,attack
60,20,40,0,1,0,0,128,6,4485,normal,normal
60,20,40,0,1,0,0,128,6,2367,attack,attack
86,20,72,0,1,0,0,63,6,22,normal,normal
60,20,40,0,1,0,0,64,6,22,normal,attack
68,20,54,0,0,0,0,128,17,0,attack,attack
60,20,40,0,1,0,0,128,6,4788,attack,attack
60,20,40,0,1,0,0,128,6,4901,normal,normal
60,20,40,0,1,0,0,128,6,1726,normal,normal
212,20,198,0,0,0,0,105,17,0,attack,attack
362,20,348,0,0,0,0,108,17,0,attack,attack
1514,20,1500,0,1,0,0,45,6,80,normal,normal
62,20,48,0,0,0,0,115,17,0,attack,attack
60,20,40,0,1,0,0,128,6,4549,normal,normal
1314,20,1300,0,1,0,0,48,6,55123,attack,attack
60,20,40,0,1,0,0,128,6,1724,normal,normal
1514,20,1500,0,1,0,0,64,6,22,normal,normal
362,20,348,0,0,0,0,45,17,0,attack,attack
1514,20,1500,0,1,0,0,47,6,51413,attack,attack
62,20,48,0,1,0,0,128,6,4489,normal,normal
62,20,48,0,0,0,0,128,17,0,attack,attack
1514,20,1500,0,1,0,0,63,6,80,normal,normal
492,20,478,0,1,0,0,108,6,57421,attack,attack
62,20,48,0,0,0,0,128,17,0,attack,attack
93,20,79,0,1,0,0,128,6,3925,normal,normal
1514,20,1500,0,1,0,0,64,6,22,normal,normal
68,20,54,0,0,0,0,128,17,0,attack,attack
1514,20,1500,0,1,0,0,51,6,80,normal,normal
60,20,40,0,0,0,0,128,6,2109,attack,attack
60,20,40,0,1,0,0,128,6,2115,attack,attack
110,20,96,0,1,0,0,63,6,22,normal,normal
1514,20,1500,0,1,0,0,41,6,80,normal,normal
60,20,40,0,1,0,0,64,6,22,normal,normal
62,20,48,0,1,0,0,128,6,16809,normal,normal
62,20,48,0,0,0,0,128,17,0,attack,attack
1514,20,1500,0,1,0,0,49,6,80,normal,normal
126,20,112,0,1,0,0,63,6,22,normal,normal
110,20,96,0,1,0,0,128,6,4865,attack,attack
1514,20,1500,0,1,0,0,41,6,80,normal,normal
60,20,40,0,1,0,0,64,6,22,normal,normal
60,20,40,0,1,0,0,128,6,1731,normal,normal
66,20,52,0,1,0,0,52,6,25,attack,attack
62,20,48,0,0,0,0,128,17,0,attack,attack
62,20,48,0,0,0,0,128,17,0,attack,attack
362,20,348,0,0,0,0,111,17,0,attack,attack
62,20,48,0,0,0,0,128,17,0,attack,attack
590,20,576,0,0,0,0,113,6,6880,attack,attack
66,20,52,0,1,0,0,128,6,51073,normal,normal
212,20,198,0,0,0,0,108,17,0,attack,attack
1514,20,1500,0,1,0,0,63,6,22,attack,attack
212,20,198,0,0,0,0,105,17,0,attack,attack
1514,20,1500,0,1,0,0,52,6,80,normal,normal
1514,20,1500,0,1,0,0,64,6,22,attack,attack
86,20,72,0,1,0,0,64,6,22,normal,normal
1480,20,1466,0,0,0,0,112,17,0,attack,attack
1514,20,1500,0,1,0,0,64,6,22,normal,normal
60,20,40,0,0,0,0,128,6,2109,attack,attack
1262,20,1248,0,1,0,0,111,17,0,attack,attack
62,20,48,0,0,0,0,128,17,0,attack,attack
471,20,457,0,1,0,0,52,6,64277,attack,attack
60,20,40,0,1,0,0,128,6,2985,normal,normal
126,20,112,0,1,0,0,64,6,22,attack,attack
1514,20,1500,0,1,0,0,64,6,22,normal,normal
1514,20,1500,0,1,0,0,64,6,22,attack,attack
1514,20,1500,0,1,0,0,63,6,22,normal,normal
62,20,48,0,0,0,0,128,17,0,attack,attack
190,20,176,0,1,0,0,63,6,22,normal,normal
62,20,48,0,1,0,0,128,6,2931,attack,attack
1494,20,1480,0,1,0,0,112,6,44817,attack,attack
362,20,348,0,0,0,0,112,17,0,attack,attack
1434,20,1420,0,1,0,0,52,6,64277,attack,attack
1514,20,1500,0,1,0,0,64,6,22,attack,attack
62,20,48,0,0,0,0,128,17,0,attack,attack
102,20,88,0,1,0,0,64,6,22,normal,normal
1514,20,1500,0,1,0,0,64,6,22,attack,attack
62,20,48,0,0,0,0,128,17,0,attack,attack
110,20,96,0,1,0,0,63,6,22,normal,normal
68,20,54,0,0,0,0,128,17,0,attack,attack
102,20,88,0,1,0,0,64,6,22,normal,normal
1514,20,1500,0,1,0,0,56,6,80,normal,normal
93,20,79,0,1,0,0,64,6,22,normal,normal
60,20,40,0,1,0,0,128,6,3019,normal,normal
1514,20,1500,0,1,0,0,63,6,22,normal,normal
212,20,198,0,0,0,0,112,17,0,attack,attack
60,20,40,0,1,0,0,64,6,22,normal,normal
1434,20,1420,0,1,0,0,241,6,80,normal,normal
1514,20,1500,0,1,0,0,64,6,22,attack,attack
134,20,120,0,1,0,0,64,6,22,normal,normal
62,20,48,0,0,0,0,128,17,0,attack,attack
1514,20,1500,0,1,0,0,63,6,22,normal,normal
1514,20,1500,0,1,0,0,52,6,80,normal,normal
362,20,348,0,0,0,0,110,17,0,attack,attack
454,20,440,0,1,0,0,48,6,55123,attack,attack
60,20,40,0,1,0,0,64,6,22,attack,attack
1514,20,1500,0,1,0,0,48,6,80,normal,normal
1514,20,1500,0,1,0,0,63,6,22,attack,attack
1434,20,1420,0,1,0,0,241,6,80,normal,normal
60,20,40,0,1,0,0,241,6,80,normal,normal
418,20,404,0,1,0,0,63,6,22,attack,attack
1514,20,1500,0,1,0,0,52,6,80,normal,normal
212,20,198,0,0,0,0,112,17,0,attack,attack
1514,20,1500,0,1,0,0,63,6,22,attack,attack
60,20,40,0,1,0,0,128,6,1715,normal,normal
60,20,40,0,1,0,0,64,6,22,normal,normal
1514,20,1500,0,1,0,0,107,6,48412,attack,attack
1514,20,1500,0,1,0,0,63,6,22,normal,normal
1514,20,1500,0,1,0,0,63,6,22,normal,normal
1514,20,1500,0,1,0,0,41,6,80,attack,attack
60,20,40,0,1,0,0,63,6,22,normal,normal
1514,20,1500,0,1,0,0,64,6,22,normal,normal
418,20,404,0,1,0,0,64,6,22,attack,attack
74,20,60,0,1,0,0,63,6,110,normal,normal
122,20,108,0,1,0,0,128,6,139,attack,attack
62,20,48,0,1,0,0,41,6,80,attack,attack
62,20,48,0,0,0,0,128,17,0,attack,attack
60,20,40,0,1,0,0,46,6,80,normal,normal
1434,20,1420,0,1,0,0,48,6,80,normal,normal
60,20,40,0,1,0,0,128,6,2984,normal,normal
1480,20,1466,0,1,0,0,110,17,0,attack,attack
1514,20,1500,0,1,0,0,64,6,22,normal,normal
1262,20,1248,0,0,0,0,106,17,0,attack,attack
60,20,40,0,0,0,0,128,6,2141,attack,attack
1434,20,1420,0,1,0,0,241,6,80,normal,normal
1262,20,1248,0,0,0,0,110,17,0,attack,attack
212,20,198,0,0,0,0,112,17,0,attack,attack
60,20,40,0,1,0,0,48,6,80,normal,normal
60,20,40,0,1,0,0,128,6,2115,attack,attack
662,20,648,0,0,0,0,117,17,0,attack,attack
135,20,121,0,1,0,0,128,6,2985,normal,normal
60,20,40,0,1,0,0,64,6,22,normal,normal
1514,20,1500,0,1,0,0,64,6,22,normal,normal
1514,20,1500,0,1,0,0,41,6,80,normal,normal
126,20,112,0,1,0,0,63,6,22,attack,attack
62,20,48,0,0,0,0,128,17,0,attack,attack
1514,20,1500,0,1,0,0,64,6,22,normal,normal
60,20,40,0,1,0,0,128,6,4181,attack,normal
1480,20,1466,0,0,0,0,106,17,0,attack,attack
1514,20,1500,0,1,0,0,52,6,80,normal,normal
60,20,40,0,1,0,0,47,6,80,normal,normal
60,20,40,0,0,0,0,128,6,2120,attack,attack
60,20,40,0,1,0,0,128,6,2928,attack,attack
212,20,198,0,0,0,0,108,17,0,attack,attack
126,20,112,0,1,0,0,64,6,22,normal,normal
60,20,40,0,1,0,0,128,6,4534,normal,normal
62,20,48,0,0,0,0,128,17,0,attack,attack
62,20,48,0,1,0,0,128,6,1708,normal,normal
1514,20,1500,0,1,0,0,45,6,80,normal,normal
1514,20,1500,0,1,0,0,63,6,22,normal,attack
212,20,198,0,0,0,0,112,17,0,attack,attack
62,20,48,0,0,0,0,128,17,0,attack,attack
212,20,198,0,0,0,0,112,17,0,attack,attack
60,20,40,0,1,0,0,128,6,2318,attack,attack
774,20,760,0,1,0,0,63,6,22,attack,attack
60,20,40,0,1,0,0,128,6,4495,normal,normal
1480,20,1466,0,0,0,0,115,17,0,attack,attack
497,20,483,0,1,0,0,241,6,80,normal,normal
212,20,198,0,0,0,0,111,17,0,attack,attack
1434,20,1420,0,1,0,0,102,6,80,attack,attack
1514,20,1500,0,1,0,0,64,6,22,attack,attack
362,20,348,0,0,0,0,111,17,0,attack,attack
62,20,48,0,1,0,0,128,6,1041,attack,attack
60,20,40,0,1,0,0,128,6,4181,normal,normal
1514,20,1500,0,1,0,0,64,6,22,normal,normal
1514,20,1500,0,1,0,0,64,6,80,normal,normal
1514,20,1500,0,1,0,0,117,6,80,normal,normal
774,20,760,0,1,0,0,63,6,22,attack,attack
60,20,40,0,1,0,0,128,6,4965,attack,attack
1514,20,1500,0,1,0,0,52,6,80,normal,normal
60,20,40,0,0,0,0,128,6,2141,attack,attack
62,20,48,0,0,0,0,128,17,0,attack,attack
1514,20,1500,0,1,0,0,64,6,22,normal,normal
1514,20,1500,0,1,0,0,43,6,80,normal,normal
60,20,40,0,1,0,0,128,6,2195,attack,attack
142,20,128,0,1,0,0,128,6,4866,attack,attack
1480,20,1466,0,0,0,0,106,17,0,attack,attack
60,20,40,0,1,0,0,128,6,2985,normal,normal
755,20,741,0,1,0,0,64,6,80,normal,normal
1480,20,1466,0,0,0,0,111,17,0,attack,attack
362,20,348,0,0,0,0,112,17,0,attack,attack
62,20,48,0,1,0,0,109,6,26076,attack,attack
60,20,40,0,1,0,0,128,6,1078,attack,attack
662,20,648,0,0,0,0,112,17,0,attack,attack
1514,20,1500,0,1,0,0,106,6,27571,attack,attack
566,20,552,0,0,0,0,47,6,51413,attack,attack
1514,20,1500,0,1,0,0,64,6,22,normal,attack
60,20,40,0,1,0,0,128,6,4788,attack,attack
1514,20,1500,0,1,0,0,64,6,22,normal,attack
212,20,198,0,1,0,0,111,17,0,attack,attack
62,20,48,0,1,0,0,128,6,1077,attack,attack
62,20,48,0,1,0,0,63,6,22,normal,normal
110,20,96,0,1,0,0,64,6,22,normal,normal
1506,20,1492,0,1,0,0,109,6,26076,attack,attack
102,20,88,0,1,0,0,128,6,51066,normal,normal
60,20,40,0,1,0,0,128,6,3019,normal,normal
1514,20,1500,0,1,0,0,63,6,22,normal,attack
62,20,48,0,0,0,0,128,17,0,attack,attack
94,20,80,0,1,0,0,64,6,22,normal,normal
1434,20,1420,0,1,0,0,241,6,80,normal,normal
60,20,40,0,1,0,0,128,6,16816,normal,normal
60,20,40,0,1,0,0,128,6,1724,normal,normal
1514,20,1500,0,1,0,0,41,6,80,normal,normal
1514,20,1500,0,1,0,0,41,6,80,normal,normal
60,20,40,0,1,0,0,128,6,3910,normal,normal
1314,20,1300,0,1,0,0,48,6,55123,attack,attack
1434,20,1420,0,1,0,0,241,6,80,normal,normal
455,20,441,0,0,0,0,58,17,0,normal,normal
1506,20,1492,0,1,0,0,109,6,26076,attack,attack
126,20,112,0,1,0,0,128,6,2928,attack,attack
418,20,404,0,1,0,0,63,6,22,normal,normal
62,20,48,0,0,0,0,128,17,0,attack,attack
62,20,48,0,0,0,0,128,17,0,attack,attack
62,20,48,0,0,0,0,128,17,0,attack,attack
70,20,56,0,1,0,0,64,6,110,normal,normal
1480,20,1466,0,0,0,0,45,17,0,attack,attack
1514,20,1500,0,1,0,0,63,6,22,attack,attack
1514,20,1500,0,1,0,0,64,6,22,normal,normal
1480,20,1466,0,0,0,0,105,17,0,attack,attack
1514,20,1500,0,1,0,0,63,6,22,normal,normal
62,20,48,0,1,0,0,56,6,80,normal,normal
93,20,79,0,1,0,0,64,6,22,normal,normal
1514,20,1500,0,1,0,0,41,6,80,attack,attack
1514,20,1500,0,1,0,0,63,6,22,normal,attack
94,20,80,0,1,0,0,128,6,4860,attack,attack
1514,20,1500,0,1,0,0,54,6,80,normal,normal
1480,20,1466,0,0,0,0,108,17,0,attack,attack
1514,20,1500,0,1,0,0,64,6,22,normal,normal
1434,20,1420,0,1,0,0,241,6,80,normal,normal
212,20,198,0,0,0,0,112,17,0,attack,attack
662,20,648,0,0,0,0,112,17,0,attack,attack
62,20,48,0,0,0,0,128,17,0,attack,attack
66,20,52,0,1,0,0,128,6,2110,attack,attack
1514,20,1500,0,1,0,0,63,6,22,normal,normal
118,20,104,0,1,0,0,63,6,22,attack,attack
60,20,44,0,1,0,0,128,6,139,normal,normal
446,20,432,0,0,0,0,58,17,0,normal,normal
60,20,40,0,1,0,0,128,6,51061,normal,normal
126,20,112,0,1,0,0,128,6,1220,normal,normal
62,20,48,0,0,0,0,128,17,0,attack,attack
145,20,131,0,1,0,0,128,6,1050,attack,attack
62,20,48,0,0,0,0,128,17,0,attack,attack
774,20,760,0,1,0,0,63,6,22,normal,normal
86,20,72,0,1,0,0,64,6,22,normal,normal
1434,20,1420,0,1,0,0,241,6,80,normal,normal
1514,20,1500,0,1,0,0,63,6,22,attack,attack
362,20,348,0,0,0,0,112,17,0,attack,attack
60,20,40,0,1,0,0,128,6,1727,normal,normal
1480,20,1466,0,0,0,0,108,17,0,attack,attack
1514,20,1500,0,1,0,0,63,6,22,normal,normal
62,20,48,0,0,0,0,128,17,0,attack,attack
662,20,648,0,0,0,0,109,17,0,attack,attack
1514,20,1500,0,1,0,0,63,6,22,normal,normal
60,20,40,0,1,0,0,48,6,80,normal,normal
1434,20,1420,0,1,0,0,241,6,80,normal,normal
60,20,40,0,1,0,0,64,6,22,normal,normal
1434,20,1420,0,1,0,0,52,6,64277,attack,attack
1514,20,1500,0,1,0,0,54,6,80,normal,normal
362,20,348,0,0,0,0,111,17,0,attack,attack
60,20,40,0,1,0,0,63,6,22,normal,normal
60,20,40,0,1,0,0,63,6,22,attack,attack
60,20,40,0,1,0,0,128,6,1729,normal,normal
566,20,552,0,0,0,0,47,6,51413,attack,attack
60,20,40,0,1,0,0,128,6,4860,attack,attack
1514,20,1500,0,1,0,0,41,6,80,normal,normal
662,20,648,0,0,0,0,108,17,0,attack,attack
1480,20,1466,0,0,0,0,109,17,0,attack,attack
93,20,79,0,1,0,0,63,6,22,attack,attack
60,20,40,0,1,0,0,63,6,22,normal,normal
1514,20,1500,0,1,0,0,41,6,80,attack,attack
60,20,40,0,1,0,0,128,6,4788,attack,attack
1480,20,1466,0,0,0,0,113,17,0,attack,attack
212,20,198,0,1,0,0,111,17,0,attack,attack
60,20,40,0,1,0,0,128,6,2490,normal,normal
1480,20,1466,0,0,0,0,117,17,0,attack,attack
1480,20,1466,0,0,0,0,115,17,0,attack,attack
1434,20,1420,0,1,0,0,241,6,80,normal,normal
94,20,80,0,1,0,0,64,6,22,normal,normal
60,20,40,0,1,0,0,128,6,1729,normal,normal
1514,20,1500,0,1,0,0,107,6,48412,attack,attack
1246,20,1232,0,1,0,0,45,6,51413,attack,attack
62,20,48,0,0,0,0,128,17,0,attack,attack
94,20,80,0,1,0,0,128,6,4183,normal,normal
1514,20,1500,0,1,0,0,59,6,80,normal,normal
60,20,40,0,1,0,0,128,6,2195,attack,attack
774,20,760,0,1,0,0,63,6,22,normal,normal
1514,20,1500,0,1,0,0,63,6,22,normal,normal
1434,20,1420,0,1,0,0,241,6,80,normal,normal
102,20,88,0,1,0,0,63,6,22,normal,normal
1514,20,1500,0,1,0,0,63,6,22,normal,normal
1401,20,1387,0,1,0,0,56,6,80,normal,normal
60,20,40,0,1,0,0,128,6,4025,normal,normal
66,20,52,0,0,0,0,128,6,2109,attack,attack
60,20,40,0,1,0,0,128,6,2131,attack,attack
1514,20,1500,0,1,0,0,59,6,80,normal,normal
1514,20,1500,0,1,0,0,63,6,22,normal,normal
60,20,40,0,1,0,0,128,6,3058,normal,normal
1514,20,1500,0,1,0,0,41,6,80,normal,normal
1514,20,1500,0,1,0,0,64,6,22,normal,normal
1514,20,1500,0,1,0,0,63,6,22,attack,attack
134,20,120,0,1,0,0,63,6,22,normal,normal
60,20,40,0,1,0,0,128,6,4869,normal,attack
60,20,40,0,1,0,0,128,6,51063,normal,normal
212,20,198,0,0,0,0,106,17,0,attack,attack
299,20,285,0,1,0,0,56,6,80,normal,normal
1514,20,1500,0,1,0,0,43,6,80,normal,normal
62,20,48,0,0,0,0,128,17,0,attack,attack
60,20,40,0,0,0,0,128,6,2120,attack,attack
62,20,48,0,1,0,0,128,6,4501,normal,normal
1434,20,1420,0,1,0,0,102,6,80,attack,attack
62,20,48,0,0,0,0,128,17,0,attack,attack
62,20,48,0,0,0,0,128,17,0,attack,attack
62,20,48,0,0,0,0,128,17,0,attack,attack
418,20,404,0,1,0,0,63,6,22,normal,normal
60,0,0,0,0,0,0,0,0,0,attack,attack
662,20,648,0,0,0,0,111,17,0,attack,attack
176,20,162,0,1,0,0,128,6,4019,normal,normal
1514,20,1500,0,1,0,0,52,6,80,normal,normal
1514,20,1500,0,1,0,0,64,6,22,attack,attack
1414,20,1400,0,1,0,0,112,6,48544,attack,attack
62,20,48,0,0,0,0,128,17,0,attack,attack
1514,20,1500,0,1,0,0,64,6,22,normal,normal
1480,20,1466,0,0,0,0,111,17,0,attack,attack
212,20,198,0,0,0,0,112,17,0,attack,attack
1514,20,1500,0,1,0,0,47,6,80,normal,normal
60,20,40,0,1,0,0,63,6,22,normal,normal
62,20,48,0,0,0,0,128,17,0,attack,attack
1514,20,1500,0,1,0,0,63,6,22,normal,attack
1514,20,1500,0,1,0,0,64,6,22,normal,attack
1480,20,1466,0,0,0,0,112,17,0,attack,attack
60,20,40,0,1,0,0,128,6,2115,attack,attack
1514,20,1500,0,1,0,0,63,6,22,normal,normal
1514,20,1500,0,1,0,0,63,6,22,normal,normal
1514,20,1500,0,1,0,0,41,6,80,attack,attack
60,20,40,0,1,0,0,128,6,3120,normal,normal
1514,20,1500,0,1,0,0,63,6,22,normal,normal
60,20,40,0,1,0,0,128,6,4501,normal,normal
1514,20,1500,0,1,0,0,64,6,22,normal,normal
60,20,40,0,1,0,0,128,6,4024,normal,normal
1514,20,1500,0,1,0,0,63,6,22,normal,attack
1434,20,1420,0,1,0,0,52,6,64277,attack,attack
60,20,40,0,1,0,0,128,6,4020,normal,normal
60,20,40,0,1,0,0,128,6,3093,normal,normal
133,20,119,0,0,0,0,58,17,0,normal,normal
1514,20,1500,0,1,0,0,64,6,22,normal,normal
1434,20,1420,0,1,0,0,102,6,80,attack,attack
60,20,40,0,1,0,0,128,6,2354,attack,attack
60,20,40,0,1,0,0,128,6,4489,normal,normal
142,20,128,0,1,0,0,128,6,16809,normal,normal
155,20,141,0,1,0,0,128,6,4937,attack,attack
1514,20,1500,0,1,0,0,63,6,22,normal,attack
71,20,57,0,1,0,0,63,6,143,normal,normal
62,20,48,0,0,0,0,128,17,0,attack,attack
362,20,348,0,0,0,0,112,17,0,attack,attack
1514,20,1500,0,1,0,0,64,6,22,normal,normal
1434,20,1420,0,1,0,0,241,6,80,normal,normal
418,20,404,0,1,0,0,64,6,22,attack,attack
1414,20,1400,0,1,0,0,112,6,48544,attack,attack
566,20,552,0,0,0,0,47,6,51413,attack,attack
60,20,40,0,1,0,0,128,6,2131,attack,attack
60,20,40,0,1,0,0,128,6,3840,normal,normal
62,20,48,0,0,0,0,128,17,0,attack,attack
60,20,40,0,1,0,0,128,6,4025,normal,normal
62,20,48,0,1,0,0,41,6,80,attack,attack
1514,20,1500,0,1,0,0,107,6,48412,attack,attack
60,20,40,0,1,0,0,63,6,22,normal,normal
1514,20,1500,0,1,0,0,51,6,80,normal,normal
62,20,48,0,0,0,0,128,17,0,attack,attack
60,20,40,0,1,0,0,63,6,22,normal,normal
60,20,40,0,1,0,0,128,6,2931,attack,attack
1514,20,1500,0,1,0,0,63,6,22,attack,attack
60,20,40,0,1,0,0,128,6,2985,normal,normal
86,20,72,0,1,0,0,64,6,22,attack,attack
1514,20,1500,0,1,0,0,41,6,80,normal,normal
1514,20,1500,0,1,0,0,64,6,22,normal,normal
60,20,40,0,1,0,0,128,6,4869,attack,attack
62,20,48,0,0,0,0,128,17,0,attack,attack
838,20,824,0,1,0,0,63,6,22,attack,attack
818,20,804,0,1,0,0,45,6,51413,attack,attack
62,20,48,0,0,0,0,128,17,0,attack,attack
126,20,112,0,1,0,0,64,6,22,normal,normal
1514,20,1500,0,1,0,0,64,6,22,attack,attack
1480,20,1466,0,0,0,0,45,17,0,attack,attack
1514,20,1500,0,1,0,0,64,6,22,normal,normal
126,20,112,0,1,0,0,128,6,4865,attack,attack
1480,20,1466,0,0,0,0,111,17,0,attack,attack
1514,20,1500,0,1,0,0,63,6,22,normal,normal
1480,20,1466,0,0,0,0,109,17,0,attack,attack
60,20,40,0,1,0,0,128,6,1724,normal,normal
1514,20,1500,0,1,0,0,64,6,22,attack,attack
60,20,40,0,1,0,0,128,6,1027,attack,attack
1514,20,1500,0,1,0,0,41,6,80,normal,normal
60,20,40,0,1,0,0,45,6,51413,attack,attack
1480,20,1466,0,0,0,0,115,17,0,attack,attack
1514,20,1500,0,1,0,0,41,6,80,attack,attack
1480,20,1466,0,0,0,0,111,17,0,attack,attack
1480,20,1466,0,0,0,0,111,17,0,attack,attack
62,20,48,0,1,0,0,128,6,2923,attack,attack
62,20,48,0,0,0,0,128,17,0,attack,attack
1434,20,1420,0,1,0,0,241,6,80,normal,normal
90,20,76,0,1,0,0,128,6,2318,attack,attack
60,20,40,0,1,0,0,64,6,22,attack,attack
566,20,552,0,0,0,0,47,6,51413,attack,attack
126,20,112,0,1,0,0,63,6,22,attack,attack
60,20,40,0,1,0,0,128,6,2985,normal,normal
212,20,198,0,0,0,0,108,17,0,attack,attack
1514,20,1500,0,1,0,0,47,6,80,normal,normal
60,20,40,0,1,0,0,56,6,80,normal,normal
60,20,40,0,1,0,0,63,6,22,normal,normal
1514,20,1500,0,1,0,0,41,6,80,attack,attack
62,20,48,0,0,0,0,128,17,0,attack,attack
60,20,40,0,1,0,0,128,6,1722,normal,normal
1432,20,1418,0,1,0,0,56,6,80,normal,normal
1514,20,1500,0,1,0,0,41,6,80,attack,attack
76,20,62,0,0,0,0,128,17,0,attack,attack
1480,20,1466,0,1,0,0,118,17,0,attack,attack
1480,20,1466,0,0,0,0,111,17,0,attack,attack
60,20,40,0,1,0,0,128,6,51063,normal,normal
60,20,40,0,1,0,0,128,6,59000,attack,attack
60,20,40,0,1,0,0,55,6,80,normal,normal
86,20,72,0,1,0,0,64,6,22,attack,attack
1480,20,1466,0,0,0,0,111,17,0,attack,attack
60,20,40,0,1,0,0,128,6,2115,attack,attack
93,20,79,0,1,0,0,63,6,22,normal,normal
212,20,198,0,0,0,0,112,17,0,attack,attack
1514,20,1500,0,1,0,0,64,6,22,normal,normal
662,20,648,0,0,0,0,108,17,0,attack,attack
70,20,56,0,1,0,0,63,6,110,attack,attack
60,20,40,0,1,0,0,128,6,2401,normal,normal
190,20,176,0,1,0,0,63,6,22,normal,attack
173,20,159,0,1,0,0,128,6,15864,normal,normal
60,20,40,0,1,0,0,128,6,15852,normal,normal
168,20,154,0,0,0,0,128,17,0,attack,attack
142,20,128,0,1,0,0,64,6,22,normal,attack
1514,20,1500,0,1,0,0,64,6,22,normal,normal
1262,20,1248,0,0,0,0,110,17,0,attack,attack
60,20,40,0,1,0,0,45,6,80,normal,normal
1514,20,1500,0,1,0,0,64,6,22,normal,normal
259,20,245,0,0,0,0,111,17,0,attack,attack
1514,20,1500,0,1,0,0,64,6,22,normal,normal
60,20,40,0,1,0,0,128,6,2985,normal,normal
418,20,404,0,1,0,0,63,6,22,normal,normal
1514,20,1500,0,1,0,0,63,6,22,normal,normal
60,20,40,0,1,0,0,128,6,2328,attack,attack
1514,20,1500,0,1,0,0,64,6,22,attack,attack
1514,20,1500,0,1,0,0,63,6,22,normal,normal
77,20,63,0,1,0,0,56,6,80,normal,normal
60,20,40,0,1,0,0,128,6,4181,normal,normal
212,20,198,0,0,0,0,112,17,0,attack,attack
60,20,40,0,1,0,0,63,6,22,normal,normal
60,20,40,0,1,0,0,128,6,1729,normal,normal
1434,20,1420,0,1,0,0,102,6,80,attack,attack
838,20,824,0,1,0,0,63,6,22,normal,normal
1514,20,1500,0,1,0,0,41,6,80,normal,normal
418,20,404,0,1,0,0,63,6,22,normal,normal
60,20,40,0,1,0,0,128,6,3937,normal,normal
1480,20,1466,0,0,0,0,111,17,0,attack,attack
150,20,136,0,1,0,0,128,6,15839,normal,normal
418,20,404,0,1,0,0,63,6,22,normal,normal
60,20,40,0,1,0,0,128,6,3937,normal,normal
1480,20,1466,0,0,0,0,110,17,0,attack,attack
60,20,40,0,1,0,0,128,6,1715,normal,normal
93,20,79,0,1,0,0,64,6,22,normal,normal
62,20,48,0,0,0,0,128,17,0,attack,attack
60,20,40,0,1,0,0,64,6,22,attack,attack
60,20,40,0,1,0,0,128,6,4026,normal,normal
1514,20,1500,0,1,0,0,64,6,22,normal,normal
60,20,40,0,1,0,0,128,6,59000,attack,attack
60,20,40,0,1,0,0,128,6,4475,normal,normal
1514,20,1500,0,1,0,0,64,6,22,normal,normal
60,20,40,0,1,0,0,128,6,16816,normal,normal
60,20,40,0,1,0,0,128,6,1722,normal,normal
1480,20,1466,0,1,0,0,118,17,0,attack,attack
662,20,648,0,0,0,0,108,17,0,attack,attack
62,20,48,0,0,0,0,128,17,0,attack,attack
1434,20,1420,0,1,0,0,52,6,64277,attack,attack
63,20,49,0,1,0,0,64,6,110,normal,normal
62,20,48,0,1,0,0,63,6,110,normal,normal
662,20,648,0,0,0,0,105,17,0,attack,attack
60,20,40,0,1,0,0,128,6,3019,normal,normal
60,20,40,0,1,0,0,128,6,3019,normal,normal
126,20,112,0,1,0,0,64,6,22,attack,attack
60,20,40,0,1,0,0,128,6,2985,normal,normal
1434,20,1420,0,1,0,0,241,6,80,normal,normal
418,20,404,0,1,0,0,64,6,22,attack,attack
115,20,101,0,1,0,0,128,6,1240,normal,normal
1434,20,1420,0,1,0,0,102,6,80,normal,attack
60,20,40,0,1,0,0,64,6,22,normal,normal
60,20,40,0,1,0,0,128,6,4501,normal,normal
66,20,52,0,1,0,0,51,6,25,attack,attack
127,20,113,0,1,0,0,53,6,80,normal,normal
1514,20,1500,0,1,0,0,63,6,22,normal,normal
62,20,48,0,0,0,0,128,17,0,attack,attack
60,20,40,0,1,0,0,128,6,1229,normal,normal
1434,20,1420,0,1,0,0,102,6,80,normal,attack
212,20,198,0,0,0,0,105,17,0,attack,attack
418,20,404,0,1,0,0,63,6,22,normal,attack
60,20,40,0,1,0,0,128,6,3019,normal,normal
254,20,240,0,1,0,0,48,6,55123,attack,attack
126,20,112,0,1,0,0,128,6,15855,normal,normal
60,20,40,0,1,0,0,128,6,4025,normal,normal
60,20,40,0,1,0,0,128,6,15863,normal,normal
126,20,112,0,1,0,0,128,6,4008,normal,normal
1514,20,1500,0,1,0,0,63,6,22,normal,normal
1514,20,1500,0,1,0,0,63,6,22,normal,normal
62,20,48,0,0,0,0,113,17,0,attack,attack
1514,20,1500,0,1,0,0,63,6,22,normal,normal
1514,20,1500,0,1,0,0,64,6,22,normal,normal
62,20,48,0,1,0,0,128,6,2385,attack,attack
1434,20,1420,0,1,0,0,241,6,80,normal,normal
62,20,48,0,0,0,0,128,17,0,attack,attack
60,20,40,0,1,0,0,128,6,2328,attack,attack
62,20,48,0,0,0,0,128,17,0,attack,attack
1514,20,1500,0,1,0,0,64,6,22,normal,attack
62,20,48,0,0,0,0,128,17,0,attack,attack
60,20,40,0,1,0,0,43,6,80,normal,normal
102,20,88,0,1,0,0,128,6,4504,normal,normal
60,20,40,0,1,0,0,128,6,3937,normal,normal
1262,20,1248,0,0,0,0,112,17,0,attack,attack
162,20,148,0,1,0,0,128,6,4535,normal,normal
60,20,40,0,1,0,0,64,6,22,normal,normal
1514,20,1500,0,1,0,0,47,6,6969,attack,attack
1514,20,1500,0,1,0,0,43,6,80,normal,normal
1434,20,1420,0,1,0,0,241,6,80,normal,normal
60,20,40,0,1,0,0,128,6,2490,normal,normal
60,20,40,0,1,0,0,128,6,15852,normal,normal
1514,20,1500,0,1,0,0,63,6,22,normal,normal
1506,20,1492,0,1,0,0,109,6,26076,attack,attack
1514,20,1500,0,1,0,0,41,6,80,attack,attack
152,20,138,0,1,0,0,128,6,4519,normal,normal
1514,20,1500,0,1,0,0,63,6,22,attack,attack
1514,20,1500,0,1,0,0,64,6,22,attack,attack
62,20,48,0,0,0,0,117,17,0,attack,attack
134,20,120,0,1,0,0,52,6,64277,attack,attack
1514,20,1500,0,1,0,0,43,6,80,normal,normal
1480,20,1466,0,1,0,0,118,17,0,attack,attack
60,20,40,0,1,0,0,128,6,2328,attack,attack
60,20,40,0,1,0,0,128,6,4020,normal,normal
212,20,198,0,0,0,0,109,17,0,attack,attack
133,20,119,0,1,0,0,53,6,80,normal,normal
126,20,112,0,1,0,0,128,6,3932,normal,normal
60,20,40,0,1,0,0,128,6,3822,normal,normal
60,20,40,0,1,0,0,128,6,3866,attack,attack
60,20,40,0,1,0,0,64,6,22,normal,normal
62,20,48,0,0,0,0,128,17,0,attack,attack
1480,20,1466,0,0,0,0,111,17,0,attack,attack
1506,20,1492,0,1,0,0,109,6,26076,attack,attack
60,20,40,0,1,0,0,128,6,2401,normal,normal
1480,20,1466,0,0,0,0,110,17,0,attack,attack
418,20,404,0,1,0,0,63,6,22,normal,normal
88,20,74,0,0,0,0,128,17,0,attack,attack
662,20,648,0,0,0,0,108,17,0,attack,attack
126,20,112,0,1,0,0,63,6,22,normal,normal
62,20,48,0,0,0,0,128,17,0,attack,attack
1514,20,1500,0,1,0,0,63,6,22,normal,attack
60,20,40,0,1,0,0,63,6,22,normal,normal
212,20,198,0,0,0,0,112,17,0,attack,attack
1514,20,1500,0,1,0,0,43,6,80,normal,normal
62,20,48,0,0,0,0,128,17,0,attack,attack
60,20,40,0,0,0,0,128,6,2109,attack,attack
145,20,131,0,1,0,0,128,6,1027,attack,attack
1434,20,1420,0,1,0,0,241,6,80,normal,normal
1514,20,1500,0,1,0,0,64,6,22,normal,normal
62,20,48,0,1,0,0,128,6,4497,normal,normal
62,20,48,0,0,0,0,128,17,0,attack,attack
60,20,40,0,1,0,0,64,6,22,normal,normal
62,20,48,0,0,0,0,128,17,0,attack,attack
60,20,40,0,1,0,0,128,6,1722,normal,normal
60,20,40,0,1,0,0,128,6,3866,attack,attack
60,20,40,0,1,0,0,128,6,3834,normal,normal
1514,20,1500,0,1,0,0,41,6,80,normal,normal
662,20,648,0,0,0,0,108,17,0,attack,attack
1434,20,1420,0,1,0,0,241,6,80,normal,normal
755,20,741,0,1,0,0,64,6,80,normal,normal
60,20,40,0,1,0,0,128,6,4954,attack,attack
66,20,52,0,1,0,0,128,6,51088,normal,normal
1514,20,1500,0,1,0,0,63,6,22,normal,normal
170,20,156,0,0,0,0,111,17,0,attack,attack
1514,20,1500,0,1,0,0,47,6,51413,attack,attack
212,20,198,0,0,0,0,112,17,0,attack,attack
160,20,146,0,1,0,0,128,6,2048,attack,attack
1514,20,1500,0,1,0,0,64,6,22,normal,normal
60,20,40,0,1,0,0,64,6,22,normal,normal
1514,20,1500,0,1,0,0,63,6,22,normal,normal
1480,20,1466,0,0,0,0,111,17,0,attack,attack
60,20,40,0,0,0,0,128,6,2214,attack,attack
110,20,96,0,1,0,0,64,6,22,attack,attack
1189,20,1175,0,1,0,0,53,6,80,normal,normal
1514,20,1500,0,1,0,0,43,6,80,normal,normal
60,20,40,0,1,0,0,64,6,22,normal,normal
134,20,120,0,1,0,0,52,6,64277,attack,attack
60,20,40,0,1,0,0,128,6,2985,normal,normal
391,20,377,0,1,0,0,108,6,57421,attack,attack
1506,20,1492,0,1,0,0,109,6,26076,attack,attack
60,20,40,0,1,0,0,63,6,22,attack,attack
362,20,348,0,0,0,0,105,17,0,attack,attack
1434,20,1420,0,1,0,0,241,6,80,normal,normal
62,20,48,0,0,0,0,128,17,0,attack,attack
1514,20,1500,0,1,0,0,52,6,80,normal,normal
60,20,40,0,1,0,0,128,6,3019,normal,normal
68,20,54,0,0,0,0,128,17,0,attack,attack
62,20,48,0,1,0,0,128,6,4020,normal,normal
1514,20,1500,0,1,0,0,49,6,80,normal,normal
142,20,128,0,1,0,0,63,6,22,normal,normal
1514,20,1500,0,1,0,0,50,6,80,normal,normal
60,20,40,0,1,0,0,128,6,3819,normal,normal
60,20,40,0,1,0,0,128,6,2131,attack,attack
669,20,655,0,1,0,0,48,6,80,normal,normal
60,20,40,0,1,0,0,128,6,4875,attack,attack
212,20,198,0,0,0,0,112,17,0,attack,attack
110,20,96,0,1,0,0,63,6,22,normal,normal
1182,20,1168,0,1,0,0,63,6,22,normal,normal
1514,20,1500,0,1,0,0,63,6,22,normal,normal
1514,20,1500,0,1,0,0,63,6,22,attack,attack
60,20,40,0,1,0,0,128,6,2328,attack,attack
68,20,54,0,0,0,0,128,17,0,attack,attack
1514,20,1500,0,1,0,0,43,6,80,normal,normal
93,20,79,0,1,0,0,63,6,22,normal,attack
60,20,40,0,1,0,0,63,6,22,attack,attack
1514,20,1500,0,1,0,0,43,6,80,normal,normal
1514,20,1500,0,1,0,0,64,6,22,attack,attack
62,20,48,0,0,0,0,128,17,0,attack,attack
60,20,40,0,1,0,0,128,6,3171,normal,normal
60,20,40,0,1,0,0,64,6,22,attack,attack
206,20,192,0,1,0,0,128,6,3869,attack,attack
662,20,648,0,0,0,0,111,17,0,attack,attack
1434,20,1420,0,1,0,0,241,6,80,normal,normal
1514,20,1500,0,1,0,0,46,6,80,normal,normal
60,20,40,0,1,0,0,128,6,4901,normal,normal
142,20,128,0,1,0,0,128,6,4492,normal,normal
126,20,112,0,1,0,0,64,6,22,normal,normal
60,20,40,0,1,0,0,56,6,80,normal,normal
92,20,78,0,1,0,0,128,6,2923,attack,attack
1514,20,1500,0,1,0,0,64,6,22,normal,normal
92,20,78,0,1,0,0,128,6,4872,attack,attack
1514,20,1500,0,1,0,0,63,6,22,normal,normal
1480,20,1466,0,0,0,0,106,17,0,attack,attack
1514,20,1500,0,1,0,0,64,6,22,normal,attack
60,20,40,0,1,0,0,64,6,22,normal,normal
62,20,48,0,0,0,0,128,17,0,attack,attack
110,20,96,0,1,0,0,128,6,58996,attack,attack
134,20,120,0,1,0,0,52,6,64277,attack,attack
1506,20,1492,0,1,0,0,109,6,26076,attack,attack
1514,20,1500,0,1,0,0,64,6,22,normal,normal
62,20,48,0,0,0,0,128,17,0,attack,attack
142,20,128,0,1,0,0,64,6,22,normal,normal
62,20,48,0,0,0,0,128,17,0,attack,attack
62,20,48,0,0,0,0,128,17,0,attack,attack
212,20,198,0,0,0,0,112,17,0,attack,attack
662,20,648,0,0,0,0,108,17,0,attack,attack
60,20,40,0,0,0,0,128,6,2109,attack,attack
93,20,79,0,1,0,0,63,6,22,normal,normal
1514,20,1500,0,1,0,0,64,6,22,normal,normal
1514,20,1500,0,1,0,0,47,6,51413,attack,attack
60,20,40,0,0,0,0,128,6,2120,attack,attack
1502,20,1488,0,1,0,0,50,6,80,normal,normal
1514,20,1500,0,1,0,0,63,6,22,normal,normal
1514,20,1500,0,1,0,0,52,6,80,normal,normal
212,20,198,0,0,0,0,112,17,0,attack,attack
1514,20,1500,0,1,0,0,106,6,27571,attack,attack
60,20,40,0,1,0,0,128,6,1090,normal,normal
662,20,648,0,0,0,0,108,17,0,attack,attack
1514,20,1500,0,1,0,0,63,6,22,normal,normal
1514,20,1500,0,1,0,0,64,6,22,normal,normal
62,20,48,0,0,0,0,128,17,0,attack,attack
529,20,515,0,1,0,0,47,6,80,normal,normal
62,20,48,0,1,0,0,56,6,80,normal,normal
206,20,192,0,1,0,0,128,6,1230,normal,normal
1480,20,1466,0,0,0,0,111,17,0,attack,attack
60,20,40,0,1,0,0,41,6,80,attack,attack
1514,20,1500,0,1,0,0,64,6,22,normal,normal
110,20,96,0,1,0,0,128,6,2481,normal,normal
60,20,40,0,1,0,0,128,6,3019,normal,normal
1480,20,1466,0,0,0,0,106,17,0,attack,attack
1514,20,1500,0,1,0,0,64,6,22,normal,normal
662,20,648,0,0,0,0,108,17,0,attack,attack
62,20,48,0,0,0,0,128,17,0,attack,attack
1414,20,1400,0,1,0,0,112,6,48544,attack,attack
1514,20,1500,0,1,0,0,63,6,22,normal,normal
60,20,40,0,1,0,0,128,6,3021,normal,normal
110,20,96,0,1,0,0,63,6,22,normal,normal
60,20,40,0,1,0,0,128,6,4876,attack,attack
1434,20,1420,0,1,0,0,241,6,80,normal,normal
1506,20,1492,0,1,0,0,45,6,51413,attack,attack
1480,20,1466,0,1,0,0,111,17,0,attack,attack
60,20,40,0,1,0,0,41,6,80,attack,attack
1514,20,1500,0,1,0,0,64,6,22,normal,normal
1514,20,1500,0,1,0,0,47,6,6969,attack,attack
1506,20,1492,0,1,0,0,109,6,26076,attack,attack
60,20,40,0,1,0,0,128,6,2110,attack,attack
86,20,72,0,1,0,0,64,6,22,attack,attack
1514,20,1500,0,1,0,0,64,6,22,normal,normal
60,20,40,0,1,0,0,128,6,3937,normal,normal
60,20,40,0,1,0,0,64,6,22,normal,normal
1514,20,1500,0,1,0,0,59,6,80,normal,normal
62,20,48,0,0,0,0,128,17,0,attack,attack
86,20,72,0,1,0,0,255,17,0,normal,normal
1514,20,1500,0,1,0,0,41,6,80,normal,normal
1514,20,1500,0,1,0,0,41,6,80,attack,attack
62,20,48,0,0,0,0,128,17,0,attack,attack
1514,20,1500,0,1,0,0,63,6,22,normal,normal
1262,20,1248,0,0,0,0,109,17,0,attack,attack
63,20,49,0,1,0,0,64,6,110,normal,normal
60,20,40,0,1,0,0,64,6,22,attack,attack
782,20,768,0,1,0,0,64,6,22,attack,attack
418,20,404,0,1,0,0,63,6,22,normal,normal
1434,20,1420,0,1,0,0,241,6,80,normal,normal
102,20,88,0,1,0,0,128,6,15845,normal,normal
147,20,133,0,1,0,0,53,6,80,normal,normal
206,20,192,0,1,0,0,128,6,3860,attack,attack
212,20,198,0,0,0,0,112,17,0,attack,attack
62,20,48,0,0,0,0,128,17,0,attack,attack
60,20,40,0,1,0,0,128,6,4516,normal,normal
118,20,104,0,1,0,0,63,6,22,normal,normal
1514,20,1500,0,1,0,0,63,6,22,normal,attack
60,20,40,0,1,0,0,128,6,4499,normal,normal
60,20,40,0,1,0,0,128,6,2106,normal,attack
611,20,597,0,1,0,0,109,6,22,attack,attack
1514,20,1500,0,1,0,0,64,6,22,normal,normal
1514,20,1500,0,1,0,0,63,6,22,normal,normal
1514,20,1500,0,1,0,0,63,6,22,normal,normal
60,20,40,0,1,0,0,128,6,1229,normal,normal
294,20,280,0,1,0,0,128,6,3868,attack,attack
1514,20,1500,0,1,0,0,64,6,22,normal,normal
60,20,40,0,1,0,0,128,6,2328,attack,attack
1514,20,1500,0,1,0,0,64,6,22,attack,attack
362,20,348,0,0,0,0,112,17,0,attack,attack
1514,20,1500,0,1,0,0,63,6,22,normal,normal
62,20,48,0,0,0,0,128,17,0,attack,attack
1514,20,1500,0,1,0,0,64,6,22,normal,normal
62,20,48,0,1,0,0,128,6,4926,attack,attack
62,20,48,0,0,0,0,128,17,0,attack,attack
1506,20,1492,0,1,0,0,109,6,26076,attack,attack
418,20,404,0,1,0,0,63,6,22,normal,normal
62,20,48,0,0,0,0,128,17,0,attack,attack
254,20,240,0,1,0,0,48,6,55123,attack,attack
60,20,40,0,1,0,0,128,6,4015,normal,normal
1514,20,1500,0,1,0,0,41,6,80,normal,normal
362,20,348,0,0,0,0,112,17,0,attack,attack
62,20,48,0,1,0,0,41,6,80,normal,normal
1434,20,1420,0,1,0,0,52,6,64277,attack,attack
62,20,48,0,0,0,0,128,17,0,attack,attack
60,20,40,0,1,0,0,128,6,3824,normal,normal
1514,20,1500,0,1,0,0,43,6,80,normal,normal
86,20,72,0,1,0,0,64,6,22,normal,normal
1514,20,1500,0,1,0,0,54,6,80,normal,normal
1514,20,1500,0,1,0,0,64,6,22,normal,normal
126,20,112,0,1,0,0,128,6,4780,attack,attack
79,20,65,0,0,0,0,128,17,0,attack,attack
1514,20,1500,0,1,0,0,63,6,22,normal,normal
60,20,40,0,1,0,0,128,6,2114,attack,attack
1434,20,1420,0,1,0,0,52,6,64277,attack,attack
1490,20,1476,0,1,0,0,56,6,80,normal,normal
206,20,192,0,1,0,0,128,6,1715,normal,normal
1514,20,1500,0,1,0,0,107,6,48412,attack,attack
60,20,40,0,1,0,0,128,6,4488,normal,normal
110,20,96,0,1,0,0,128,6,3929,normal,normal
212,20,198,0,0,0,0,112,17,0,attack,attack
60,20,40,0,1,0,0,41,6,80,normal,attack
1514,20,1500,0,1,0,0,64,6,22,attack,attack
60,20,40,0,1,0,0,128,6,2195,attack,attack
1514,20,1500,0,1,0,0,63,6,22,attack,attack
1514,20,1500,0,1,0,0,64,6,22,normal,normal
1514,20,1500,0,1,0,0,41,6,80,normal,normal
1514,20,1500,0,1,0,0,63,6,22,normal,normal
62,20,48,0,0,0,0,128,17,0,attack,attack
94,20,80,0,1,0,0,63,6,22,normal,attack
206,20,192,0,1,0,0,128,6,1714,normal,normal
60,20,40,0,1,0,0,128,6,4948,attack,attack
93,20,79,0,1,0,0,63,6,22,normal,normal
650,20,636,0,1,0,0,128,6,51087,attack,normal
212,20,198,0,0,0,0,106,17,0,attack,attack
169,20,155,0,0,0,0,63,17,0,normal,normal
60,20,40,0,1,0,0,128,6,16816,normal,normal
60,20,40,0,1,0,0,64,6,22,normal,normal
1514,20,1500,0,1,0,0,64,6,22,normal,normal
1514,20,1500,0,1,0,0,63,6,22,normal,normal
134,20,120,0,1,0,0,52,6,64277,attack,attack
62,20,48,0,0,0,0,128,17,0,attack,attack
92,20,78,0,1,0,0,128,6,3857,attack,attack
60,20,40,0,1,0,0,128,6,3854,normal,normal
1514,20,1500,0,1,0,0,107,6,48412,attack,attack
62,20,48,0,0,0,0,128,17,0,attack,attack
774,20,760,0,1,0,0,64,6,22,attack,attack
62,20,48,0,0,0,0,128,17,0,attack,attack
60,20,40,0,1,0,0,128,6,15841,normal,normal
62,20,48,0,0,0,0,128,17,0,attack,attack
60,20,40,0,1,0,0,128,6,1045,attack,attack
62,20,48,0,1,0,0,63,6,22,attack,attack
62,20,48,0,1,0,0,41,6,80,normal,normal
212,20,198,0,0,0,0,105,17,0,attack,attack
1514,20,1500,0,1,0,0,64,6,22,normal,normal
254,20,240,0,1,0,0,48,6,55123,attack,attack
566,20,552,0,0,0,0,47,6,51413,attack,attack
1434,20,1420,0,1,0,0,241,6,80,normal,normal
60,20,40,0,1,0,0,128,6,4544,normal,normal
1434,20,1420,0,1,0,0,241,6,80,normal,normal
60,20,40,0,1,0,0,128,6,2114,attack,attack
212,20,198,0,0,0,0,111,17,0,attack,attack
362,20,348,0,0,0,0,111,17,0,attack,attack
60,20,40,0,1,0,0,128,6,1730,normal,normal
1514,20,1500,0,1,0,0,63,6,22,attack,attack
190,20,176,0,1,0,0,64,6,22,normal,normal
60,20,40,0,1,0,0,128,6,3914,normal,normal
1514,20,1500,0,1,0,0,63,6,22,normal,normal
212,20,198,0,0,0,0,112,17,0,attack,attack
1514,20,1500,0,1,0,0,41,6,80,normal,normal
60,20,40,0,1,0,0,128,6,4181,normal,normal
60,20,40,0,1,0,0,128,6,4510,normal,normal
662,20,648,0,0,0,0,105,17,0,attack,attack
126,20,112,0,1,0,0,63,6,143,normal,normal
418,20,404,0,1,0,0,64,6,22,normal,normal
60,20,40,0,1,0,0,128,6,2985,normal,normal
60,20,40,0,1,0,0,128,6,1729,normal,normal
294,20,280,0,1,0,0,128,6,4005,normal,normal
118,20,104,0,1,0,0,63,6,22,normal,normal
62,20,48,0,0,0,0,128,17,0,attack,attack
362,20,348,0,0,0,0,45,17,0,attack,attack
68,20,54,0,0,0,0,128,17,0,attack,attack
60,20,40,0,1,0,0,128,6,3035,normal,normal
154,20,140,0,1,0,0,112,6,48544,attack,attack
60,20,40,0,1,0,0,63,6,22,normal,normal
62,20,48,0,0,0,0,128,17,0,attack,attack
60,20,40,0,1,0,0,128,6,51065,normal,normal
154,20,140,0,1,0,0,112,6,48544,attack,attack
60,20,40,0,1,0,0,128,6,4492,normal,normal
60,20,40,0,1,0,0,128,6,4533,normal,normal
1514,20,1500,0,1,0,0,64,6,22,attack,attack
1514,20,1500,0,1,0,0,63,6,22,normal,normal
60,20,40,0,1,0,0,128,6,1731,normal,normal
755,20,741,0,1,0,0,64,6,80,normal,normal
1514,20,1500,0,1,0,0,56,6,80,normal,normal
60,20,40,0,1,0,0,128,6,1734,normal,normal
60,20,40,0,0,0,0,128,6,2141,attack,attack
362,20,348,0,0,0,0,112,17,0,attack,attack
1434,20,1420,0,1,0,0,241,6,80,normal,normal
1514,20,1500,0,1,0,0,64,6,22,attack,normal
60,20,40,0,1,0,0,128,6,4501,normal,normal
60,20,40,0,1,0,0,128,6,3144,normal,normal
1514,20,1500,0,1,0,0,107,6,48412,attack,attack
1514,20,1500,0,1,0,0,63,6,22,normal,normal
1514,20,1500,0,1,0,0,63,6,22,attack,attack
1514,20,1500,0,1,0,0,64,6,22,attack,attack
1514,20,1500,0,1,0,0,51,6,80,normal,normal
154,20,140,0,1,0,0,128,6,3071,normal,normal
60,20,40,0,1,0,0,128,6,4520,normal,normal
1506,20,1492,0,1,0,0,109,6,26076,attack,attack
60,20,42,0,1,0,0,53,6,80,normal,normal
1514,20,1500,0,1,0,0,64,6,22,attack,attack
134,20,120,0,1,0,0,128,6,4493,normal,normal
62,20,48,0,0,0,0,128,17,0,attack,attack
1506,20,1492,0,1,0,0,109,6,26076,attack,attack
1434,20,1420,0,1,0,0,102,6,80,attack,attack
60,20,40,0,1,0,0,128,6,1743,normal,normal
134,20,120,0,1,0,0,128,6,1706,normal,normal
212,20,198,0,0,0,0,107,17,0,attack,attack
62,20,48,0,1,0,0,128,6,15847,normal,normal
360,20,346,0,1,0,0,56,6,80,normal,normal
909,20,895,0,1,0,0,64,6,80,normal,normal
60,20,40,0,1,0,0,128,6,51080,normal,normal
60,20,40,0,1,0,0,128,6,1701,normal,normal
1514,20,1500,0,1,0,0,64,6,22,normal,normal
62,20,48,0,0,0,0,128,17,0,attack,attack
221,20,207,0,0,0,0,63,17,0,normal,normal
60,20,40,0,1,0,0,63,6,22,normal,normal
1502,20,1488,0,1,0,0,50,6,80,normal,normal
80,20,66,0,1,0,0,128,6,2296,attack,attack
1514,20,1500,0,1,0,0,64,6,22,normal,attack
60,20,40,0,1,0,0,128,6,4545,normal,normal
1514,20,1500,0,1,0,0,64,6,22,attack,attack
60,20,40,0,1,0,0,128,6,1724,normal,normal
1434,20,1420,0,1,0,0,241,6,80,normal,normal
102,20,88,0,1,0,0,128,6,3856,attack,attack
212,20,198,0,0,0,0,112,17,0,attack,attack
1514,20,1500,0,1,0,0,63,6,22,normal,attack
60,20,40,0,1,0,0,128,6,1723,normal,normal
1514,20,1500,0,1,0,0,64,6,22,normal,normal
1480,20,1466,0,1,0,0,110,17,0,attack,attack
212,20,198,0,0,0,0,106,17,0,attack,attack
60,20,40,0,1,0,0,128,6,4533,normal,normal
62,20,48,0,0,0,0,128,17,0,attack,attack
1514,20,1500,0,1,0,0,63,6,22,normal,attack
88,20,74,0,0,0,0,128,17,0,attack,attack
60,20,40,0,1,0,0,112,6,48544,attack,attack
62,20,48,0,0,0,0,107,17,0,attack,attack
62,20,48,0,0,0,0,128,17,0,attack,attack
60,20,40,0,1,0,0,128,6,16816,normal,normal
60,20,40,0,1,0,0,128,6,2985,normal,normal
60,20,40,0,1,0,0,128,6,15853,normal,normal
1502,20,1488,0,1,0,0,50,6,80,normal,normal
1434,20,1420,0,1,0,0,241,6,80,normal,normal
110,20,96,0,1,0,0,128,6,4517,normal,normal
1262,20,1248,0,0,0,0,45,17,0,attack,attack
60,20,40,0,1,0,0,63,6,22,normal,normal
126,20,112,0,1,0,0,63,6,22,normal,normal
110,20,96,0,1,0,0,64,6,22,normal,normal
60,20,40,0,1,0,0,128,6,15872,normal,normal
1514,20,1500,0,1,0,0,41,6,80,attack,attack
662,20,648,0,0,0,0,112,17,0,attack,attack
98,20,84,0,1,0,0,128,6,1716,normal,normal
60,20,40,0,1,0,0,128,6,4902,attack,attack
66,20,52,0,1,0,0,64,6,58551,attack,attack
62,20,48,0,0,0,0,128,17,0,attack,attack
62,20,48,0,0,0,0,128,17,0,attack,attack
1514,20,1500,0,1,0,0,63,6,22,normal,normal
1314,20,1300,0,1,0,0,48,6,55123,attack,attack
60,20,40,0,1,0,0,63,6,22,attack,attack
1480,20,1466,0,0,0,0,108,17,0,attack,attack
63,20,49,0,1,0,0,63,6,110,normal,normal
62,20,48,0,0,0,0,128,17,0,attack,attack
418,20,404,0,1,0,0,63,6,22,normal,normal
1514,20,1500,0,1,0,0,64,6,22,normal,normal
126,20,112,0,1,0,0,128,6,4892,normal,normal
110,20,96,0,1,0,0,64,6,22,normal,normal
212,20,198,0,0,0,0,106,17,0,attack,attack
102,20,88,0,1,0,0,64,6,22,attack,attack
374,20,360,0,1,0,0,52,6,64277,attack,attack
62,20,48,0,0,0,0,128,17,0,attack,attack
62,20,48,0,0,0,0,128,17,0,attack,attack
212,20,198,0,0,0,0,112,17,0,attack,attack
1514,20,1500,0,1,0,0,63,6,22,attack,attack
62,20,48,0,0,0,0,128,17,0,attack,attack
102,20,88,0,1,0,0,64,6,22,normal,normal
134,20,120,0,1,0,0,64,6,22,normal,normal
60,20,40,0,1,0,0,128,6,1731,normal,normal
62,20,48,0,0,0,0,128,17,0,attack,attack
1480,20,1466,0,1,0,0,118,17,0,attack,attack
66,20,52,0,1,0,0,64,6,143,normal,normal
362,20,348,0,0,0,0,109,17,0,attack,attack
1434,20,1420,0,1,0,0,241,6,80,normal,normal
92,20,78,0,1,0,0,128,6,4015,normal,normal
1262,20,1248,0,0,0,0,45,17,0,attack,attack
60,20,40,0,1,0,0,128,6,3151,normal,normal
60,20,40,0,1,0,0,128,6,15830,normal,normal
60,20,40,0,1,0,0,128,6,2114,attack,attack
1514,20,1500,0,1,0,0,64,6,22,attack,attack
68,20,54,0,0,0,0,128,17,0,attack,attack
60,20,40,0,1,0,0,128,6,15841,normal,normal
1514,20,1500,0,1,0,0,52,6,80,normal,normal
62,20,48,0,0,0,0,128,17,0,attack,attack
566,20,552,0,0,0,0,47,6,51413,attack,attack
86,20,72,0,1,0,0,63,6,22,attack,attack
118,20,104,0,1,0,0,64,6,22,normal,normal
1514,20,1500,0,1,0,0,63,6,22,normal,normal
418,20,404,0,1,0,0,64,6,22,normal,normal
66,20,52,0,1,0,0,64,6,80,attack,attack
60,20,40,0,1,0,0,64,6,22,normal,normal
1514,20,1500,0,1,0,0,52,6,80,normal,normal
60,20,40,0,1,0,0,128,6,2354,attack,attack
566,20,552,0,0,0,0,47,6,51413,attack,attack
1514,20,1500,0,1,0,0,64,6,22,attack,attack
60,20,40,0,1,0,0,128,6,15868,normal,normal
1514,20,1500,0,1,0,0,63,6,22,normal,normal
1434,20,1420,0,1,0,0,241,6,80,normal,normal
154,20,140,0,1,0,0,112,6,48544,attack,attack
1514,20,1500,0,1,0,0,49,6,80,normal,normal
102,20,88,0,1,0,0,128,6,15847,normal,normal
1514,20,1500,0,1,0,0,64,6,22,attack,attack
1434,20,1420,0,1,0,0,241,6,80,normal,normal
168,20,154,0,0,0,0,64,17,0,normal,normal
187,20,173,0,1,0,0,128,6,2048,attack,attack
1514,20,1500,0,1,0,0,64,6,22,normal,normal
62,20,48,0,0,0,0,128,17,0,attack,attack
86,20,72,0,1,0,0,64,6,22,normal,normal
1434,20,1420,0,1,0,0,240,6,80,normal,normal
212,20,198,0,0,0,0,105,17,0,attack,attack
60,20,40,0,1,0,0,128,6,4501,normal,normal
60,20,40,0,1,0,0,63,6,22,normal,normal
208,20,194,0,1,0,0,128,6,4517,normal,normal
1506,20,1492,0,1,0,0,45,6,51413,attack,attack
662,20,648,0,0,0,0,105,17,0,attack,attack
1514,20,1500,0,1,0,0,64,6,80,normal,normal
118,20,104,0,1,0,0,64,6,22,normal,normal
60,20,40,0,1,0,0,63,6,22,normal,normal
1514,20,1500,0,1,0,0,63,6,22,normal,attack
60,20,40,0,1,0,0,128,6,51078,normal,normal
93,20,79,0,1,0,0,63,6,22,attack,attack
60,20,40,0,1,0,0,128,6,1229,normal,normal
774,20,760,0,1,0,0,63,6,22,normal,normal
109,20,95,0,0,0,0,128,17,0,attack,attack
126,20,112,0,1,0,0,128,6,4494,normal,normal
60,20,40,0,1,0,0,128,6,1070,attack,attack
62,20,48,0,0,0,0,128,17,0,attack,attack
212,20,198,0,0,0,0,105,17,0,attack,attack
1514,20,1500,0,1,0,0,47,6,6969,attack,attack
418,20,404,0,1,0,0,63,6,22,normal,normal
130,20,116,0,1,0,0,128,6,3124,normal,normal
212,20,198,0,0,0,0,112,17,0,attack,attack
1434,20,1420,0,1,0,0,52,6,64277,attack,attack
62,20,48,0,0,0,0,128,17,0,attack,attack
60,20,40,0,1,0,0,128,6,4910,normal,normal
128,20,114,0,1,0,0,128,6,1027,attack,attack
1514,20,1500,0,1,0,0,43,6,80,normal,normal
362,20,348,0,0,0,0,112,17,0,attack,attack
1480,20,1466,0,0,0,0,45,17,0,attack,attack
1514,20,1500,0,1,0,0,64,6,22,normal,normal
60,20,40,0,1,0,0,64,6,22,normal,normal
1514,20,1500,0,1,0,0,63,6,22,normal,normal
134,20,120,0,1,0,0,63,6,22,normal,normal
566,20,552,0,0,0,0,47,6,51413,attack,attack
62,20,48,0,0,0,0,128,17,0,attack,attack
1480,20,1466,0,1,0,0,118,17,0,attack,attack
212,20,198,0,0,0,0,106,17,0,attack,attack
362,20,348,0,0,0,0,108,17,0,attack,attack
62,20,48,0,0,0,0,128,17,0,attack,attack
1514,20,1500,0,1,0,0,63,6,22,normal,normal
212,20,198,0,0,0,0,106,17,0,attack,attack
60,20,40,0,1,0,0,128,6,4521,normal,normal
60,20,40,0,1,0,0,128,6,3081,normal,normal
1480,20,1466,0,0,0,0,115,17,0,attack,attack
62,20,48,0,0,0,0,128,17,0,attack,attack
662,20,648,0,0,0,0,45,17,0,attack,attack
662,20,648,0,0,0,0,111,17,0,attack,attack
1480,20,1466,0,1,0,0,117,17,0,attack,attack
60,20,40,0,1,0,0,128,6,2110,attack,attack
662,20,648,0,0,0,0,108,17,0,attack,attack
102,20,88,0,1,0,0,63,6,22,normal,normal
60,20,40,0,1,0,0,63,6,22,attack,attack
1514,20,1500,0,1,0,0,54,6,80,normal,normal
1514,20,1500,0,1,0,0,107,6,48412,attack,attack
93,20,79,0,1,0,0,63,6,22,attack,attack
1480,20,1466,0,0,0,0,105,17,0,attack,attack
1506,20,1492,0,1,0,0,45,6,51413,attack,attack
362,20,348,0,0,0,0,45,17,0,attack,attack
142,20,128,0,1,0,0,63,6,22,normal,normal
1434,20,1420,0,1,0,0,241,6,80,normal,normal
60,20,40,0,1,0,0,128,6,15841,normal,normal
418,20,404,0,1,0,0,64,6,22,normal,normal
60,20,40,0,0,0,0,128,6,2214,attack,attack
1514,20,1500,0,1,0,0,64,6,22,normal,attack
212,20,198,0,0,0,0,112,17,0,attack,attack
110,20,96,0,1,0,0,128,6,3937,normal,normal
1514,20,1500,0,1,0,0,41,6,80,normal,normal
1514,20,1500,0,1,0,0,64,6,22,normal,normal
102,20,88,0,1,0,0,128,6,15855,normal,normal
60,20,40,0,1,0,0,241,6,80,normal,normal
62,20,48,0,0,0,0,128,17,0,attack,attack
1480,20,1466,0,0,0,0,45,17,0,attack,attack
110,20,96,0,1,0,0,128,6,4893,normal,normal
1514,20,1500,0,1,0,0,43,6,80,normal,normal
418,20,404,0,1,0,0,63,6,22,normal,normal
60,20,40,0,1,0,0,63,6,22,normal,normal
391,20,377,0,1,0,0,108,6,57421,attack,attack
774,20,760,0,1,0,0,63,6,22,normal,normal
62,20,48,0,1,0,0,112,6,35691,attack,attack
1514,20,1500,0,1,0,0,63,6,22,normal,normal
60,20,40,0,1,0,0,128,6,4524,normal,normal
71,20,57,0,1,0,0,128,6,2090,attack,attack
142,20,128,0,1,0,0,128,6,16812,normal,normal
102,20,88,0,1,0,0,63,6,22,normal,normal
206,20,192,0,1,0,0,128,6,3856,attack,attack
212,20,198,0,1,0,0,111,17,0,attack,attack
60,20,40,0,1,0,0,63,6,22,normal,normal
1514,20,1500,0,1,0,0,63,6,22,normal,normal
60,20,40,0,1,0,0,64,6,22,normal,normal
60,20,40,0,1,0,0,63,6,22,normal,normal
60,20,40,0,1,0,0,128,6,4544,normal,normal
60,20,40,0,1,0,0,128,6,4913,attack,attack
1514,20,1500,0,1,0,0,41,6,80,normal,normal
1514,20,1500,0,1,0,0,54,6,80,normal,normal
62,20,48,0,0,0,0,128,17,0,attack,attack
976,20,962,0,1,0,0,102,6,80,attack,attack
68,20,54,0,0,0,0,128,17,0,attack,attack
60,20,40,0,1,0,0,128,6,1027,attack,attack
62,20,48,0,0,0,0,128,17,0,attack,attack
60,20,40,0,1,0,0,128,6,2490,normal,normal
97,20,83,0,0,0,0,128,17,0,attack,attack
1434,20,1420,0,1,0,0,241,6,80,normal,normal
60,20,40,0,1,0,0,128,6,4502,normal,normal
62,20,48,0,0,0,0,128,17,0,attack,attack
60,20,40,0,1,0,0,128,6,2987,normal,normal
62,20,48,0,0,0,0,128,17,0,attack,attack
566,20,552,0,0,0,0,47,6,51413,attack,attack
62,20,48,0,0,0,0,128,17,0,attack,attack
60,20,40,0,1,0,0,128,6,2328,attack,attack
1514,20,1500,0,1,0,0,63,6,22,attack,attack
60,20,40,0,1,0,0,128,6,2114,attack,attack
1514,20,1500,0,1,0,0,63,6,22,normal,normal
1514,20,1500,0,1,0,0,41,6,80,normal,normal
1514,20,1500,0,1,0,0,63,6,22,normal,normal
1514,20,1500,0,1,0,0,64,6,22,normal,normal
1514,20,1500,0,1,0,0,54,6,80,normal,normal
1514,20,1500,0,1,0,0,64,6,22,normal,normal
102,20,88,0,1,0,0,64,6,22,attack,attack
1514,20,1500,0,1,0,0,64,6,22,normal,attack
192,20,178,0,1,0,0,128,6,15873,normal,normal
1514,20,1500,0,1,0,0,64,6,22,normal,normal
662,20,648,0,0,0,0,112,17,0,attack,attack
60,20,40,0,1,0,0,128,6,4011,normal,normal
62,20,48,0,0,0,0,128,17,0,attack,attack
60,20,40,0,1,0,0,128,6,4532,normal,normal
838,20,824,0,1,0,0,63,6,22,normal,normal
418,20,404,0,1,0,0,63,6,22,normal,normal
1434,20,1420,0,1,0,0,241,6,80,normal,normal
62,20,48,0,0,0,0,128,17,0,attack,attack
1480,20,1466,0,0,0,0,113,17,0,attack,attack
1514,20,1500,0,1,0,0,64,6,22,normal,normal
60,20,40,0,1,0,0,128,6,3937,normal,normal
1514,20,1500,0,1,0,0,45,6,80,normal,normal
1434,20,1420,0,1,0,0,102,6,80,attack,attack
142,20,128,0,1,0,0,63,6,22,normal,normal
126,20,112,0,1,0,0,128,6,2921,attack,attack
1514,20,1500,0,1,0,0,63,6,22,normal,normal
1514,20,1500,0,1,0,0,41,6,80,normal,normal
102,20,88,0,1,0,0,128,6,2488,normal,normal
221,20,207,0,0,0,0,64,17,0,normal,normal
566,20,552,0,0,0,0,47,6,51413,attack,attack
62,20,48,0,0,0,0,128,17,0,attack,attack
102,20,88,0,1,0,0,128,6,16806,normal,normal
774,20,760,0,1,0,0,64,6,22,attack,attack
1434,20,1420,0,1,0,0,241,6,80,normal,normal
1514,20,1500,0,1,0,0,41,6,80,attack,attack
1514,20,1500,0,1,0,0,63,6,22,normal,normal
1514,20,1500,0,1,0,0,47,6,51413,attack,attack
102,20,88,0,1,0,0,128,6,2493,normal,normal
1514,20,1500,0,1,0,0,63,6,22,normal,normal
212,20,198,0,0,0,0,107,17,0,attack,attack
110,20,96,0,1,0,0,128,6,3859,attack,attack
1514,20,1500,0,1,0,0,64,6,22,normal,normal
74,20,60,0,1,0,0,63,6,110,attack,attack
62,20,48,0,0,0,0,128,17,0,attack,attack
60,20,40,0,1,0,0,128,6,4501,normal,normal
60,20,40,0,1,0,0,128,6,1715,normal,normal
1514,20,1500,0,1,0,0,63,6,22,attack,attack
1514,20,1500,0,1,0,0,41,6,80,normal,normal
60,20,40,0,1,0,0,49,6,80,normal,normal
60,20,40,0,1,0,0,128,6,2985,normal,normal
1514,20,1500,0,1,0,0,41,6,80,normal,normal
60,20,40,0,1,0,0,128,6,2367,attack,attack
60,20,40,0,1,0,0,128,6,4901,normal,normal
1514,20,1500,0,1,0,0,41,6,80,attack,attack
134,20,120,0,1,0,0,64,6,22,normal,normal
566,20,552,0,0,0,0,47,6,51413,attack,attack
60,20,40,0,1,0,0,128,6,1730,normal,normal
1480,20,1466,0,0,0,0,111,17,0,attack,attack
62,20,48,0,1,0,0,128,6,3830,normal,normal
94,20,80,0,1,0,0,128,6,1230,normal,normal
212,20,198,0,0,0,0,106,17,0,attack,attack
60,20,40,0,1,0,0,128,6,2114,attack,attack
60,20,40,0,1,0,0,63,6,22,normal,normal
1514,20,1500,0,1,0,0,64,6,22,normal,attack
1514,20,1500,0,1,0,0,45,6,80,normal,normal
418,20,404,0,1,0,0,64,6,22,normal,normal
102,20,88,0,1,0,0,64,6,22,attack,attack
62,20,48,0,0,0,0,128,17,0,attack,attack
60,20,40,0,1,0,0,128,6,2354,attack,attack
70,20,56,0,1,0,0,128,6,4015,normal,normal
60,20,40,0,0,0,0,128,6,2109,attack,attack
62,20,48,0,0,0,0,128,17,0,attack,attack
60,20,40,0,1,0,0,128,6,1715,normal,normal
418,20,404,0,1,0,0,64,6,22,normal,normal
62,20,48,0,0,0,0,128,17,0,attack,attack
62,20,48,0,1,0,0,43,6,80,normal,normal
140,20,126,0,1,0,0,128,6,2328,attack,attack
119,20,105,0,1,0,0,128,6,4488,normal,normal
1514,20,1500,0,1,0,0,63,6,22,attack,attack
62,20,48,0,1,0,0,56,6,80,normal,normal
1514,20,1500,0,1,0,0,51,6,80,normal,normal
1514,20,1500,0,1,0,0,64,6,22,normal,normal
102,20,88,0,1,0,0,63,6,22,normal,normal
1514,20,1500,0,1,0,0,63,6,22,normal,normal
1434,20,1420,0,1,0,0,241,6,80,normal,normal
110,20,96,0,1,0,0,128,6,3162,normal,normal
662,20,648,0,0,0,0,112,17,0,attack,attack
60,20,40,0,1,0,0,128,6,4538,normal,normal
1434,20,1420,0,1,0,0,241,6,80,normal,normal
362,20,348,0,0,0,0,111,17,0,attack,attack
1514,20,1500,0,1,0,0,64,6,22,normal,normal
1514,20,1500,0,1,0,0,64,6,22,normal,normal
1514,20,1500,0,1,0,0,52,6,80,normal,normal
1514,20,1500,0,1,0,0,63,6,22,normal,normal
1514,20,1500,0,1,0,0,52,6,80,normal,normal
1480,20,1466,0,0,0,0,117,17,0,attack,attack
1514,20,1500,0,1,0,0,47,6,6969,attack,attack
1514,20,1500,0,1,0,0,64,6,22,normal,normal
1514,20,1500,0,1,0,0,54,6,80,normal,normal
1480,20,1466,0,0,0,0,45,17,0,attack,attack
212,20,198,0,0,0,0,112,17,0,attack,attack
110,20,96,0,1,0,0,63,6,22,normal,normal
60,20,40,0,1,0,0,128,6,3868,attack,attack
811,20,797,0,1,0,0,43,6,80,normal,normal
1480,20,1466,0,0,0,0,117,17,0,attack,attack
60,20,40,0,1,0,0,128,6,4023,normal,normal
60,20,40,0,1,0,0,63,6,22,normal,normal
62,20,48,0,0,0,0,111,17,0,attack,attack
1514,20,1500,0,1,0,0,41,6,80,normal,normal
1480,20,1466,0,0,0,0,106,17,0,attack,attack
362,20,348,0,0,0,0,112,17,0,attack,attack
1480,20,1466,0,1,0,0,110,17,0,attack,attack
1480,20,1466,0,0,0,0,113,17,0,attack,attack
212,20,198,0,0,0,0,112,17,0,attack,attack
60,20,40,0,1,0,0,128,6,4184,attack,attack
110,20,96,0,1,0,0,63,6,22,normal,normal
1434,20,1420,0,1,0,0,241,6,80,normal,normal
1514,20,1500,0,1,0,0,63,6,22,attack,attack
1514,20,1500,0,1,0,0,63,6,22,normal,normal
60,20,40,0,1,0,0,128,6,1724,normal,normal
60,20,40,0,1,0,0,128,6,1729,normal,normal
66,20,52,0,1,0,0,64,6,80,attack,attack
60,20,40,0,1,0,0,128,6,4788,attack,attack
60,20,40,0,1,0,0,63,6,22,normal,normal
97,20,83,0,0,0,0,128,17,0,attack,attack
1514,20,1500,0,1,0,0,63,6,22,normal,normal
362,20,348,0,0,0,0,110,17,0,attack,attack
1514,20,1500,0,1,0,0,64,6,22,attack,attack
418,20,404,0,1,0,0,63,6,22,normal,normal
62,20,48,0,1,0,0,128,6,3110,normal,normal
60,20,40,0,1,0,0,63,6,22,normal,normal
136,20,122,0,1,0,0,128,6,2985,normal,normal
62,20,48,0,0,0,0,128,17,0,attack,attack
62,20,48,0,0,0,0,128,17,0,attack,attack
142,20,128,0,1,0,0,128,6,3858,normal,attack
126,20,112,0,1,0,0,128,6,4501,normal,normal
1514,20,1500,0,1,0,0,63,6,22,normal,attack
662,20,648,0,0,0,0,108,17,0,attack,attack
1514,20,1500,0,1,0,0,63,6,22,normal,normal
130,20,116,0,1,0,0,128,6,3130,normal,normal
60,20,40,0,1,0,0,128,6,2106,normal,attack
60,20,40,0,1,0,0,41,6,80,attack,attack
1480,20,1466,0,0,0,0,109,17,0,attack,attack
1514,20,1500,0,1,0,0,63,6,22,normal,normal
62,20,48,0,0,0,0,128,17,0,attack,attack
1514,20,1500,0,1,0,0,63,6,22,normal,normal
62,20,48,0,0,0,0,128,17,0,attack,attack
110,20,96,0,1,0,0,128,6,4870,attack,attack
60,20,40,0,1,0,0,128,6,1734,normal,normal
1514,20,1500,0,1,0,0,41,6,80,attack,attack
294,20,280,0,1,0,0,128,6,1708,normal,normal
62,20,48,0,0,0,0,128,17,0,attack,attack
662,20,648,0,0,0,0,109,17,0,attack,attack
190,20,176,0,1,0,0,63,6,22,normal,normal
362,20,348,0,0,0,0,111,17,0,attack,attack
60,20,40,0,1,0,0,128,6,4788,attack,attack
68,20,54,0,0,0,0,128,17,0,attack,attack
60,20,40,0,1,0,0,128,6,2115,attack,attack
60,20,40,0,1,0,0,128,6,2115,attack,attack
60,20,40,0,1,0,0,128,6,3117,normal,normal
590,20,576,0,0,0,0,108,6,51884,attack,attack
1514,20,1500,0,1,0,0,47,6,51413,attack,attack
362,20,348,0,0,0,0,110,17,0,attack,attack
62,20,48,0,0,0,0,128,17,0,attack,attack
1514,20,1500,0,1,0,0,64,6,22,normal,normal
212,20,198,0,0,0,0,112,17,0,attack,attack
60,20,40,0,1,0,0,128,6,4532,normal,normal
1434,20,1420,0,1,0,0,241,6,80,normal,normal
60,20,40,0,1,0,0,128,6,2195,attack,attack
66,20,52,0,1,0,0,57,6,59048,attack,attack
60,20,40,0,1,0,0,128,6,1721,normal,normal
60,20,40,0,1,0,0,128,6,2115,attack,attack
62,20,48,0,0,0,0,128,17,0,attack,attack
375,20,361,0,1,0,0,41,6,80,attack,attack
60,20,40,0,1,0,0,128,6,1712,normal,normal
838,20,824,0,1,0,0,64,6,22,normal,normal
1480,20,1466,0,0,0,0,106,17,0,attack,attack
102,20,88,0,1,0,0,128,6,16810,normal,normal
662,20,648,0,0,0,0,111,17,0,attack,attack
1514,20,1500,0,1,0,0,63,6,22,normal,normal
1514,20,1500,0,1,0,0,64,6,22,normal,attack
1514,20,1500,0,1,0,0,41,6,80,normal,normal
1434,20,1420,0,1,0,0,241,6,80,normal,normal
1514,20,1500,0,1,0,0,64,6,22,normal,normal
62,20,48,0,0,0,0,128,17,0,attack,attack
68,20,54,0,0,0,0,128,17,0,attack,attack
126,20,112,0,1,0,0,64,6,22,normal,normal
861,20,847,0,0,0,0,109,17,0,attack,attack
158,20,144,0,1,0,0,128,6,4015,normal,normal
566,20,552,0,0,0,0,47,6,51413,attack,attack
1480,20,1466,0,0,0,0,113,17,0,attack,attack
102,20,88,0,1,0,0,63,6,22,attack,attack
60,20,40,0,1,0,0,128,6,4901,normal,normal
60,20,40,0,1,0,0,64,6,22,normal,normal
60,20,40,0,1,0,0,128,6,3816,normal,normal
1506,20,1492,0,1,0,0,109,6,26076,attack,attack
60,20,40,0,1,0,0,128,6,3159,normal,normal
662,20,648,0,0,0,0,112,17,0,attack,attack
93,20,79,0,1,0,0,64,6,22,attack,attack
362,20,348,0,0,0,0,111,17,0,attack,attack
1514,20,1500,0,1,0,0,41,6,80,normal,normal
774,20,760,0,1,0,0,63,6,22,normal,normal
60,20,40,0,1,0,0,112,6,48544,attack,attack
1514,20,1500,0,1,0,0,106,6,27571,attack,attack
60,20,40,0,1,0,0,128,6,4520,normal,normal
1514,20,1500,0,1,0,0,64,6,22,normal,attack
1480,20,1466,0,0,0,0,108,17,0,attack,attack
60,20,40,0,1,0,0,41,6,80,attack,attack
62,20,48,0,0,0,0,128,17,0,attack,attack
1514,20,1500,0,1,0,0,63,6,22,normal,normal
62,20,48,0,1,0,0,128,6,4519,normal,normal
212,20,198,0,0,0,0,106,17,0,attack,attack
1514,20,1500,0,1,0,0,63,6,22,attack,attack
60,20,40,0,1,0,0,128,6,4015,normal,normal
471,20,457,0,1,0,0,52,6,64277,attack,attack
362,20,348,0,0,0,0,112,17,0,attack,attack
1514,20,1500,0,1,0,0,63,6,22,normal,normal
1514,20,1500,0,1,0,0,41,6,80,normal,normal
62,20,48,0,0,0,0,128,17,0,attack,attack
60,20,40,0,1,0,0,128,6,15852,normal,normal
102,20,88,0,1,0,0,128,6,15848,normal,normal
1434,20,1420,0,1,0,0,241,6,80,normal,normal
1514,20,1500,0,1,0,0,47,6,6969,attack,attack
60,20,40,0,1,0,0,128,6,3019,normal,normal
93,20,79,0,1,0,0,63,6,22,attack,attack
780,20,766,0,1,0,0,54,6,80,normal,normal
60,20,40,0,1,0,0,128,6,2367,attack,attack
1514,20,1500,0,1,0,0,63,6,22,normal,normal
62,20,48,0,0,0,0,128,17,0,attack,attack
60,20,40,0,0,0,0,128,6,2214,attack,attack
1514,20,1500,0,1,0,0,41,6,80,attack,attack
662,20,648,0,0,0,0,108,17,0,attack,attack
1514,20,1500,0,1,0,0,41,6,80,normal,normal
1434,20,1420,0,1,0,0,241,6,80,normal,normal
60,20,40,0,1,0,0,112,6,35691,attack,attack
418,20,404,0,1,0,0,64,6,22,attack,attack
74,20,60,0,1,0,0,63,6,110,normal,normal
62,20,48,0,0,0,0,111,17,0,attack,attack
1514,20,1500,0,1,0,0,41,6,80,normal,normal
1514,20,1500,0,1,0,0,63,6,22,normal,normal
1514,20,1500,0,1,0,0,64,6,22,normal,normal
1514,20,1500,0,1,0,0,50,6,80,normal,normal
1434,20,1420,0,1,0,0,241,6,80,normal,normal
142,20,128,0,1,0,0,63,6,22,normal,normal
60,20,40,0,1,0,0,64,6,22,attack,normal
110,20,96,0,1,0,0,128,6,3163,normal,normal
1514,20,1500,0,1,0,0,64,6,22,attack,attack
62,20,48,0,0,0,0,128,17,0,attack,attack
60,20,40,0,1,0,0,128,6,4517,normal,normal
66,20,52,0,1,0,0,128,6,1989,attack,attack
1287,20,1273,0,1,0,0,41,6,80,attack,attack
62,20,48,0,1,0,0,63,6,22,normal,normal
1514,20,1500,0,1,0,0,64,6,22,normal,attack
94,20,80,0,1,0,0,109,6,26076,attack,attack
212,20,198,0,0,0,0,112,17,0,attack,attack
62,20,48,0,1,0,0,128,6,3115,normal,normal
1514,20,1500,0,1,0,0,64,6,22,normal,normal
1514,20,1500,0,1,0,0,106,6,27571,attack,attack
60,20,40,0,1,0,0,63,6,22,normal,normal
60,0,0,0,0,0,0,0,0,0,attack,attack
1514,20,1500,0,1,0,0,50,6,80,normal,normal
1514,20,1500,0,1,0,0,52,6,51413,attack,attack
212,20,198,0,0,0,0,111,17,0,attack,attack
142,20,128,0,1,0,0,128,6,1222,normal,normal
102,20,88,0,1,0,0,63,6,22,attack,attack
60,20,40,0,1,0,0,128,6,3816,normal,normal
62,20,48,0,0,0,0,128,17,0,attack,attack
362,20,348,0,0,0,0,111,17,0,attack,attack
93,20,79,0,1,0,0,64,6,22,normal,normal
1514,20,1500,0,1,0,0,52,6,80,normal,normal
60,20,40,0,1,0,0,64,6,80,normal,normal
62,20,48,0,0,0,0,128,17,0,attack,attack
60,20,40,0,1,0,0,128,6,4875,attack,attack
838,20,824,0,1,0,0,64,6,22,normal,normal
1480,20,1466,0,1,0,0,117,17,0,attack,attack
1514,20,1500,0,1,0,0,64,6,22,attack,attack
60,20,40,0,1,0,0,63,6,22,normal,normal
62,20,48,0,0,0,0,128,17,0,attack,attack
418,20,404,0,1,0,0,64,6,22,normal,normal
60,20,40,0,1,0,0,128,6,3019,normal,normal
60,20,40,0,1,0,0,128,6,4021,normal,normal
1514,20,1500,0,1,0,0,63,6,22,normal,normal
60,20,40,0,1,0,0,63,6,22,attack,attack
1514,20,1500,0,1,0,0,52,6,80,normal,normal
212,20,198,0,1,0,0,111,17,0,attack,attack
60,20,40,0,1,0,0,128,6,3019,normal,normal
1514,20,1500,0,1,0,0,48,6,80,normal,normal
1514,20,1500,0,1,0,0,64,6,22,normal,normal
60,20,40,0,1,0,0,128,6,2928,attack,attack
1262,20,1248,0,0,0,0,112,17,0,attack,attack
62,20,48,0,0,0,0,128,17,0,attack,attack
1514,20,1500,0,1,0,0,64,6,22,normal,normal
1514,20,1500,0,1,0,0,64,6,22,normal,normal
62,20,48,0,0,0,0,128,17,0,attack,attack
1514,20,1500,0,1,0,0,59,6,80,normal,normal
498,20,484,0,1,0,0,241,6,80,normal,normal
1434,20,1420,0,1,0,0,241,6,80,normal,normal
1514,20,1500,0,1,0,0,63,6,22,attack,attack
60,20,40,0,1,0,0,128,6,2481,normal,normal
60,20,40,0,1,0,0,128,6,1728,normal,normal
60,20,40,0,1,0,0,128,6,3024,normal,normal
1514,20,1500,0,1,0,0,108,6,57421,attack,attack
60,20,40,0,1,0,0,128,6,1724,normal,normal
1514,20,1500,0,1,0,0,54,6,80,normal,normal
142,20,128,0,1,0,0,128,6,4007,normal,normal
60,20,40,0,1,0,0,128,6,59000,attack,attack
1514,20,1500,0,1,0,0,43,6,80,normal,normal
60,20,40,0,1,0,0,64,6,22,normal,normal
1514,20,1500,0,1,0,0,64,6,22,normal,normal
1514,20,1500,0,1,0,0,64,6,22,normal,normal
93,20,79,0,1,0,0,64,6,22,attack,attack
838,20,824,0,1,0,0,63,6,22,normal,normal
1514,20,1500,0,1,0,0,41,6,80,normal,normal
1434,20,1420,0,1,0,0,241,6,80,normal,normal
1514,20,1500,0,1,0,0,64,6,22,normal,normal
1514,20,1500,0,1,0,0,64,6,22,normal,normal
1434,20,1420,0,1,0,0,241,6,80,normal,normal
60,20,40,0,1,0,0,128,6,2328,attack,attack
1514,20,1500,0,1,0,0,63,6,80,normal,normal
1514,20,1500,0,1,0,0,64,6,22,normal,normal
1484,20,1470,0,0,0,0,55,6,80,normal,normal
761,20,747,0,1,0,0,54,6,80,normal,normal
1514,20,1500,0,1,0,0,117,6,80,normal,normal
126,20,112,0,1,0,0,64,6,22,normal,normal
1514,20,1500,0,1,0,0,63,6,22,normal,normal
72,20,58,0,0,0,0,128,17,0,normal,normal
827,20,813,0,1,0,0,52,6,51413,attack,attack
1514,20,1500,0,1,0,0,59,6,80,normal,normal
62,20,48,0,0,0,0,128,17,0,attack,attack
1514,20,1500,0,1,0,0,64,6,22,attack,attack
60,20,40,0,1,0,0,128,6,3816,normal,normal
62,20,48,0,0,0,0,128,17,0,attack,attack
418,20,404,0,1,0,0,63,6,22,normal,normal
60,20,40,0,1,0,0,50,6,80,normal,normal
62,20,48,0,0,0,0,128,17,0,attack,attack
1514,20,1500,0,1,0,0,63,6,22,normal,normal
62,20,48,0,0,0,0,128,17,0,attack,attack
60,20,40,0,1,0,0,128,6,2106,attack,attack
1514,20,1500,0,1,0,0,64,6,22,normal,normal
212,20,198,0,0,0,0,112,17,0,attack,attack
60,20,40,0,1,0,0,128,6,2367,attack,attack
1514,20,1500,0,1,0,0,52,6,80,normal,normal
60,20,40,0,1,0,0,128,6,2490,normal,normal
60,20,40,0,1,0,0,64,6,22,attack,attack
1514,20,1500,0,1,0,0,63,6,22,normal,normal
62,20,48,0,0,0,0,128,17,0,attack,attack
212,20,198,0,0,0,0,112,17,0,attack,attack
1514,20,1500,0,1,0,0,64,6,22,normal,normal
362,20,348,0,0,0,0,111,17,0,attack,attack
1514,20,1500,0,1,0,0,64,6,22,attack,attack
1514,20,1500,0,1,0,0,63,6,22,normal,normal
418,20,404,0,1,0,0,63,6,22,normal,normal
566,20,552,0,0,0,0,47,6,51413,attack,attack
662,20,648,0,0,0,0,108,17,0,attack,attack
1514,20,1500,0,1,0,0,64,6,22,attack,attack
1514,20,1500,0,1,0,0,64,6,22,normal,normal
60,20,40,0,0,0,0,46,6,80,normal,normal
60,20,40,0,1,0,0,64,6,22,attack,attack
142,20,128,0,1,0,0,63,6,22,normal,normal
1514,20,1500,0,1,0,0,64,6,22,attack,attack
1414,20,1400,0,1,0,0,112,6,48544,attack,attack
1480,20,1466,0,0,0,0,118,17,0,attack,attack
60,20,40,0,1,0,0,128,6,2328,attack,attack
362,20,348,0,0,0,0,45,17,0,attack,attack
62,20,48,0,0,0,0,128,17,0,attack,attack
110,20,96,0,1,0,0,128,6,3867,attack,attack
362,20,348,0,0,0,0,112,17,0,attack,attack
62,20,48,0,1,0,0,56,6,80,normal,normal
72,20,58,0,1,0,0,64,6,110,attack,attack
60,20,40,0,1,0,0,128,6,2367,attack,attack
161,20,147,0,1,0,0,128,6,3026,normal,normal
1480,20,1466,0,0,0,0,118,17,0,attack,attack
194,20,180,0,0,0,0,58,17,0,normal,normal
62,20,48,0,1,0,0,128,6,3153,normal,normal
1514,20,1500,0,1,0,0,64,6,22,normal,normal
60,20,40,0,1,0,0,128,6,4529,normal,normal
1514,20,1500,0,1,0,0,64,6,22,normal,normal
206,20,192,0,1,0,0,128,6,58996,attack,attack
60,20,40,0,1,0,0,128,6,59000,attack,attack
60,20,40,0,1,0,0,64,6,22,normal,normal
62,20,48,0,0,0,0,128,17,0,attack,attack
1514,20,1500,0,1,0,0,63,6,22,attack,attack
68,20,54,0,0,0,0,128,17,0,attack,attack
1514,20,1500,0,1,0,0,64,6,22,normal,normal
1514,20,1500,0,1,0,0,63,6,22,normal,normal
1514,20,1500,0,1,0,0,64,6,22,normal,normal
861,20,847,0,0,0,0,107,17,0,attack,attack
1514,20,1500,0,1,0,0,63,6,22,normal,attack
1514,20,1500,0,1,0,0,41,6,80,normal,normal
362,20,348,0,0,0,0,110,17,0,attack,attack
1514,20,1500,0,1,0,0,63,6,22,attack,attack
60,20,40,0,1,0,0,128,6,15873,normal,normal
60,20,40,0,1,0,0,128,6,2090,attack,attack
60,20,40,0,1,0,0,128,6,4869,attack,attack
1514,20,1500,0,1,0,0,63,6,22,attack,attack
62,20,48,0,0,0,0,128,17,0,attack,attack
1434,20,1420,0,1,0,0,241,6,80,normal,normal
944,20,930,0,1,0,0,41,6,80,normal,normal
60,20,40,0,1,0,0,128,6,2114,attack,attack
418,20,404,0,1,0,0,64,6,22,normal,normal
1514,20,1500,0,1,0,0,63,6,22,normal,normal
102,20,88,0,1,0,0,128,6,4502,normal,normal
62,20,48,0,0,0,0,113,17,0,attack,attack
1514,20,1500,0,1,0,0,63,6,22,attack,attack
110,20,96,0,1,0,0,63,6,22,normal,normal
294,20,280,0,1,0,0,128,6,4013,normal,normal
60,20,40,0,1,0,0,128,6,1730,normal,normal
62,20,48,0,0,0,0,128,17,0,attack,attack
1514,20,1500,0,1,0,0,45,6,80,normal,normal
62,20,48,0,0,0,0,128,17,0,attack,attack
62,20,48,0,0,0,0,128,17,0,attack,attack
212,20,198,0,1,0,0,111,17,0,attack,attack
1514,20,1500,0,1,0,0,64,6,22,attack,attack
60,20,40,0,1,0,0,128,6,51063,normal,normal
1502,20,1488,0,1,0,0,50,6,80,normal,normal
190,20,176,0,1,0,0,64,6,22,normal,normal
1514,20,1500,0,1,0,0,63,6,22,normal,normal
60,20,40,0,1,0,0,128,6,2296,attack,attack
62,20,48,0,0,0,0,128,17,0,attack,attack
60,20,40,0,1,0,0,128,6,4521,normal,normal
60,20,40,0,1,0,0,128,6,4181,normal,normal
1514,20,1500,0,1,0,0,63,6,22,attack,attack
60,20,40,0,1,0,0,128,6,4501,normal,normal
1480,20,1466,0,0,0,0,45,17,0,attack,attack
1484,20,1470,0,0,0,0,55,6,80,normal,normal
1514,20,1500,0,1,0,0,47,6,6969,attack,attack
60,20,40,0,1,0,0,128,6,4783,attack,attack
1434,20,1420,0,1,0,0,240,6,80,normal,normal
1434,20,1420,0,1,0,0,241,6,80,normal,normal
418,20,404,0,1,0,0,64,6,22,normal,normal
1480,20,1466,0,0,0,0,109,17,0,attack,attack
1480,20,1466,0,1,0,0,110,17,0,attack,attack
60,20,40,0,1,0,0,64,6,22,normal,normal
662,20,648,0,0,0,0,112,17,0,attack,attack
294,20,280,0,1,0,0,128,6,2392,normal,normal
965,20,951,0,1,0,0,41,6,80,attack,attack
1514,20,1500,0,1,0,0,41,6,80,normal,normal
60,20,40,0,1,0,0,128,6,4538,normal,normal
1514,20,1500,0,1,0,0,64,6,22,attack,attack
1484,20,1470,0,0,0,0,55,6,80,normal,normal
1514,20,1500,0,1,0,0,63,6,22,normal,normal
1514,20,1500,0,1,0,0,63,6,22,normal,normal
1514,20,1500,0,1,0,0,63,6,22,normal,attack
212,20,198,0,0,0,0,108,17,0,attack,attack
1514,20,1500,0,1,0,0,64,6,22,normal,normal
139,20,125,0,0,0,0,58,17,0,attack,attack
362,20,348,0,0,0,0,112,17,0,attack,attack
135,20,121,0,1,0,0,128,6,2985,normal,normal
1434,20,1420,0,1,0,0,241,6,80,normal,normal
662,20,648,0,0,0,0,108,17,0,attack,attack
60,20,40,0,1,0,0,128,6,2985,normal,normal
88,20,74,0,0,0,0,128,17,0,attack,attack
1480,20,1466,0,0,0,0,110,17,0,attack,attack
212,20,198,0,0,0,0,112,17,0,attack,attack
70,20,56,0,1,0,0,128,6,4872,attack,attack
442,20,428,0,0,0,0,108,6,51884,attack,attack
1066,20,1052,0,1,0,0,102,6,80,attack,attack
418,20,404,0,1,0,0,63,6,22,normal,normal
1168,20,1154,0,1,0,0,102,6,80,attack,attack
60,20,40,0,1,0,0,128,6,2928,normal,attack
60,20,40,0,1,0,0,128,6,3099,normal,normal
60,20,40,0,1,0,0,63,6,22,normal,attack
60,20,40,0,1,0,0,128,6,1715,normal,normal
60,20,40,0,1,0,0,128,6,2115,attack,attack
110,20,96,0,1,0,0,128,6,2404,normal,normal
1078,20,1064,0,1,0,0,45,6,51413,attack,attack
60,20,40,0,1,0,0,41,6,80,normal,attack
62,20,48,0,1,0,0,128,6,3068,normal,normal
60,20,40,0,1,0,0,128,6,15844,normal,normal
212,20,198,0,0,0,0,112,17,0,attack,attack
1514,20,1500,0,1,0,0,52,6,80,normal,normal
418,20,404,0,1,0,0,63,6,22,normal,normal
1514,20,1500,0,1,0,0,63,6,22,normal,attack
62,20,48,0,0,0,0,128,17,0,attack,attack
66,20,52,0,1,0,0,64,6,52452,attack,attack
1514,20,1500,0,1,0,0,64,6,22,normal,attack
60,20,40,0,1,0,0,128,6,2985,normal,normal
102,20,88,0,1,0,0,63,6,22,normal,normal
630,20,616,0,1,0,0,46,6,80,normal,normal
1514,20,1500,0,1,0,0,63,6,22,normal,normal
60,20,40,0,1,0,0,128,6,2403,normal,normal
1514,20,1500,0,1,0,0,51,6,80,normal,normal
60,20,40,0,1,0,0,128,6,2328,attack,attack
134,20,120,0,1,0,0,63,6,22,normal,normal
1514,20,1500,0,1,0,0,64,6,22,normal,normal
212,20,198,0,0,0,0,112,17,0,attack,attack
566,20,552,0,0,0,0,47,6,51413,attack,attack
1514,20,1500,0,1,0,0,63,6,22,normal,normal
110,20,96,0,1,0,0,128,6,1220,normal,normal
1262,20,1248,0,0,0,0,110,17,0,attack,attack
60,20,40,0,1,0,0,128,6,4788,normal,attack
861,20,847,0,0,0,0,105,17,0,attack,attack
86,20,72,0,1,0,0,255,17,0,normal,normal
60,20,40,0,1,0,0,128,6,1734,normal,normal
60,20,40,0,1,0,0,128,6,1729,normal,normal
60,20,40,0,1,0,0,63,6,22,normal,normal
1514,20,1500,0,1,0,0,43,6,80,normal,normal
1262,20,1248,0,0,0,0,45,17,0,attack,attack
1514,20,1500,0,1,0,0,63,6,22,normal,normal
62,20,48,0,0,0,0,128,17,0,attack,attack
77,20,63,0,0,0,0,128,17,0,normal,normal
1314,20,1300,0,1,0,0,48,6,55123,attack,attack
1514,20,1500,0,1,0,0,64,6,22,attack,attack
60,20,40,0,1,0,0,63,6,22,normal,normal
1514,20,1500,0,1,0,0,63,6,22,attack,attack
60,20,40,0,1,0,0,128,6,2985,normal,normal
110,20,96,0,1,0,0,63,6,22,normal,normal
1480,20,1466,0,0,0,0,111,17,0,attack,attack
566,20,552,0,0,0,0,47,6,51413,attack,attack
60,20,40,0,0,0,0,128,6,2120,attack,attack
60,20,40,0,1,0,0,128,6,1729,normal,normal
62,20,48,0,1,0,0,109,6,26076,attack,attack
212,20,198,0,0,0,0,112,17,0,attack,attack
1514,20,1500,0,1,0,0,52,6,51413,attack,attack
60,20,40,0,1,0,0,128,6,4189,normal,attack
62,20,48,0,0,0,0,128,17,0,attack,attack
60,20,40,0,1,0,0,128,6,2296,attack,attack
134,20,120,0,1,0,0,52,6,64277,attack,attack
566,20,552,0,0,0,0,47,6,51413,attack,attack
1262,20,1248,0,0,0,0,112,17,0,attack,attack
212,20,198,0,0,0,0,112,17,0,attack,attack
1514,20,1500,0,1,0,0,47,6,6969,attack,attack
60,20,40,0,1,0,0,128,6,3863,attack,attack
1434,20,1420,0,1,0,0,241,6,80,normal,normal
60,20,40,0,1,0,0,64,6,22,normal,normal
62,20,48,0,0,0,0,128,17,0,attack,attack
1514,20,1500,0,1,0,0,54,6,80,normal,normal
212,20,198,0,0,0,0,108,17,0,attack,attack
1514,20,1500,0,1,0,0,63,6,22,normal,normal
1506,20,1492,0,1,0,0,109,6,26076,attack,attack
60,20,40,0,1,0,0,64,6,22,normal,normal
1480,20,1466,0,0,0,0,106,17,0,attack,attack
60,20,40,0,1,0,0,128,6,15874,normal,normal
126,20,112,0,1,0,0,128,6,4494,normal,normal
60,20,40,0,1,0,0,128,6,3019,normal,normal
418,20,404,0,1,0,0,64,6,22,normal,normal
62,20,48,0,0,0,0,128,17,0,attack,attack
1514,20,1500,0,1,0,0,64,6,22,normal,normal
60,20,40,0,1,0,0,128,6,2985,normal,normal
206,20,192,0,1,0,0,128,6,4517,normal,normal
102,20,88,0,1,0,0,128,6,3858,attack,attack
1514,20,1500,0,1,0,0,63,6,22,normal,normal
1514,20,1500,0,1,0,0,63,6,22,normal,normal
1514,20,1500,0,1,0,0,63,6,22,normal,attack
1514,20,1500,0,1,0,0,54,6,80,normal,normal
60,20,40,0,1,0,0,128,6,4495,normal,normal
1262,20,1248,0,0,0,0,110,17,0,attack,attack
1514,20,1500,0,1,0,0,64,6,22,normal,normal
1514,20,1500,0,1,0,0,64,6,22,normal,normal
662,20,648,0,0,0,0,109,17,0,attack,attack
294,20,280,0,1,0,0,128,6,2168,attack,attack
60,20,40,0,1,0,0,128,6,2296,attack,attack
212,20,198,0,0,0,0,105,17,0,attack,attack
1514,20,1500,0,1,0,0,64,6,22,attack,attack
1514,20,1500,0,1,0,0,47,6,6969,attack,attack
442,20,428,0,0,0,0,108,6,51884,attack,attack
1514,20,1500,0,1,0,0,63,6,22,attack,attack
62,20,48,0,1,0,0,128,6,3086,normal,normal
60,20,40,0,1,0,0,128,6,3019,normal,normal
1514,20,1500,0,1,0,0,63,6,22,attack,attack
60,20,40,0,1,0,0,128,6,4025,normal,normal
212,20,198,0,0,0,0,112,17,0,attack,attack
1480,20,1466,0,0,0,0,113,17,0,attack,attack
1514,20,1500,0,1,0,0,63,6,22,normal,normal
60,20,40,0,1,0,0,45,6,51413,attack,attack
1480,20,1466,0,0,0,0,107,17,0,attack,attack
1514,20,1500,0,1,0,0,63,6,22,normal,normal
1514,20,1500,0,1,0,0,64,6,22,normal,normal
1434,20,1420,0,1,0,0,241,6,80,normal,normal
97,20,83,0,0,0,0,128,17,0,attack,attack
1514,20,1500,0,1,0,0,41,6,80,normal,normal
1506,20,1492,0,1,0,0,45,6,51413,attack,attack
60,20,40,0,1,0,0,128,6,4493,normal,normal
1514,20,1500,0,1,0,0,41,6,80,attack,attack
60,20,40,0,1,0,0,128,6,4538,normal,normal
110,20,96,0,1,0,0,128,6,3930,normal,normal
1514,20,1500,0,1,0,0,64,6,22,normal,normal
212,20,198,0,0,0,0,105,17,0,attack,attack
1514,20,1500,0,1,0,0,45,6,80,normal,normal
1514,20,1500,0,1,0,0,63,6,22,attack,attack
1514,20,1500,0,1,0,0,43,6,80,normal,normal
662,20,648,0,0,0,0,111,17,0,attack,attack
60,20,40,0,1,0,0,128,6,1724,normal,normal
1480,20,1466,0,0,0,0,113,17,0,attack,attack
648,20,634,0,1,0,0,128,6,2381,attack,attack
60,20,40,0,1,0,0,128,6,1229,normal,normal
62,20,48,0,0,0,0,128,17,0,attack,attack
212,20,198,0,0,0,0,112,17,0,attack,attack
66,20,52,0,1,0,0,128,6,2115,attack,attack
782,20,768,0,1,0,0,64,6,22,normal,normal
62,20,48,0,0,0,0,128,17,0,attack,attack
60,20,40,0,1,0,0,128,6,3174,normal,normal
103,20,89,0,1,0,0,48,6,80,normal,normal
1502,20,1488,0,1,0,0,56,6,80,normal,normal
60,20,40,0,1,0,0,128,6,1027,attack,attack
362,20,348,0,0,0,0,45,17,0,attack,attack
81,20,67,0,1,0,0,128,6,2309,attack,attack
1434,20,1420,0,1,0,0,241,6,80,normal,normal
60,20,40,0,1,0,0,128,6,3834,normal,normal
1514,20,1500,0,1,0,0,64,6,22,normal,normal
134,20,120,0,1,0,0,52,6,64277,attack,attack
60,20,40,0,1,0,0,128,6,2392,normal,normal
102,20,88,0,1,0,0,63,6,22,normal,normal
110,20,96,0,1,0,0,64,6,22,normal,normal
60,20,40,0,1,0,0,47,6,6969,normal,attack
1514,20,1500,0,1,0,0,64,6,22,attack,attack
62,20,48,0,0,0,0,128,17,0,attack,attack
418,20,404,0,1,0,0,64,6,22,normal,normal
212,20,198,0,0,0,0,45,17,0,attack,attack
60,20,40,0,1,0,0,128,6,1728,normal,normal
60,20,40,0,1,0,0,128,6,1715,normal,normal
418,20,404,0,1,0,0,64,6,22,attack,attack
212,20,198,0,0,0,0,106,17,0,attack,attack
74,20,60,0,1,0,0,128,6,1729,normal,normal
1514,20,1500,0,1,0,0,64,6,22,attack,attack
1434,20,1420,0,1,0,0,241,6,80,normal,normal
1514,20,1500,0,1,0,0,64,6,22,normal,normal
60,20,40,0,1,0,0,63,6,22,attack,attack
907,20,893,0,1,0,0,45,6,80,normal,normal
60,20,40,0,1,0,0,128,6,2985,normal,normal
60,20,40,0,1,0,0,128,6,2328,attack,attack
62,20,48,0,1,0,0,63,6,22,normal,normal
1502,20,1488,0,1,0,0,50,6,80,normal,normal
1514,20,1500,0,1,0,0,63,6,22,normal,normal
60,20,40,0,1,0,0,41,6,80,attack,attack
662,20,648,0,0,0,0,108,17,0,attack,attack
1514,20,1500,0,1,0,0,47,6,80,normal,normal
662,20,648,0,0,0,0,108,17,0,attack,attack
1434,20,1420,0,1,0,0,241,6,80,normal,normal
590,20,576,0,0,0,0,108,6,51884,attack,attack
60,20,40,0,1,0,0,128,6,2479,normal,normal
60,20,40,0,1,0,0,128,6,2106,normal,attack
1434,20,1420,0,1,0,0,52,6,64277,attack,attack
60,20,40,0,1,0,0,64,6,22,normal,normal
94,20,80,0,1,0,0,128,6,4007,normal,normal
60,20,40,0,1,0,0,63,6,110,normal,normal
62,20,48,0,0,0,0,128,17,0,attack,attack
473,20,459,0,1,0,0,102,6,80,attack,attack
566,20,552,0,0,0,0,47,6,51413,attack,attack
60,20,40,0,1,0,0,128,6,51063,normal,normal
1434,20,1420,0,1,0,0,241,6,80,normal,normal
1480,20,1466,0,1,0,0,118,17,0,attack,attack
1514,20,1500,0,1,0,0,41,6,80,normal,normal
97,20,83,0,0,0,0,128,17,0,attack,attack
153,20,139,0,0,0,0,58,17,0,attack,attack
566,20,552,0,0,0,0,47,6,51413,attack,attack
362,20,348,0,0,0,0,112,17,0,attack,attack
362,20,348,0,0,0,0,45,17,0,attack,attack
1514,20,1500,0,1,0,0,64,6,22,normal,normal
1514,20,1500,0,1,0,0,64,6,22,normal,normal
62,20,48,0,0,0,0,128,17,0,attack,attack
110,20,96,0,1,0,0,64,6,22,normal,normal
62,20,48,0,1,0,0,128,6,3931,normal,normal
362,20,348,0,0,0,0,108,17,0,attack,attack
1514,20,1500,0,1,0,0,64,6,22,attack,attack
1514,20,1500,0,1,0,0,64,6,22,normal,normal
212,20,198,0,0,0,0,106,17,0,attack,attack
62,20,48,0,0,0,0,128,17,0,attack,attack
1514,20,1500,0,1,0,0,56,6,80,normal,normal
60,20,40,0,1,0,0,128,6,3006,normal,normal
1514,20,1500,0,1,0,0,63,6,22,normal,normal
60,20,40,0,1,0,0,128,6,2115,attack,attack
62,20,48,0,0,0,0,128,17,0,attack,attack
60,20,40,0,1,0,0,128,6,3845,normal,normal
1502,20,1488,0,1,0,0,50,6,80,normal,normal
60,20,40,0,0,0,0,128,6,2120,attack,attack
110,20,96,0,1,0,0,64,6,22,attack,normal
60,20,40,0,1,0,0,128,6,2109,normal,attack
1514,20,1500,0,1,0,0,64,6,22,normal,normal
212,20,198,0,0,0,0,105,17,0,attack,attack
1514,20,1500,0,1,0,0,63,6,22,attack,attack
86,20,72,0,1,0,0,63,6,22,normal,normal
1434,20,1420,0,1,0,0,241,6,80,normal,normal
60,20,40,0,1,0,0,128,6,2401,normal,normal
1514,20,1500,0,1,0,0,52,6,80,normal,normal
60,20,40,0,1,0,0,63,6,110,attack,attack
86,20,72,0,1,0,0,64,6,22,attack,attack
126,20,112,0,1,0,0,128,6,1718,normal,normal
662,20,648,0,0,0,0,108,17,0,attack,attack
105,20,91,0,0,0,0,128,17,0,attack,attack
212,20,198,0,0,0,0,108,17,0,attack,attack
60,20,40,0,1,0,0,128,6,1729,normal,normal
662,20,648,0,0,0,0,111,17,0,attack,attack
60,20,40,0,1,0,0,63,6,22,attack,attack
60,20,40,0,1,0,0,128,6,4024,normal,normal
212,20,198,0,0,0,0,112,17,0,attack,attack
62,20,48,0,0,0,0,128,17,0,attack,attack
60,20,40,0,1,0,0,63,6,22,normal,normal
80,20,66,0,1,0,0,128,6,2354,attack,attack
1480,20,1466,0,0,0,0,106,17,0,attack,attack
62,20,48,0,0,0,0,128,17,0,attack,attack
60,20,40,0,1,0,0,128,6,3917,normal,normal
1434,20,1420,0,1,0,0,102,6,80,attack,attack
1480,20,1466,0,0,0,0,106,17,0,attack,attack
110,20,96,0,1,0,0,128,6,4184,normal,normal
418,20,404,0,1,0,0,63,6,22,normal,normal
60,20,40,0,1,0,0,128,6,1729,normal,normal
62,20,48,0,0,0,0,128,17,0,attack,attack
60,20,40,0,1,0,0,63,6,22,normal,normal
1506,20,1492,0,1,0,0,112,6,35691,attack,attack
243,20,229,0,0,0,0,47,6,51413,attack,attack
1514,20,1500,0,1,0,0,63,6,22,normal,normal
60,20,40,0,1,0,0,63,6,22,normal,normal
60,20,40,0,1,0,0,128,6,4788,normal,attack
92,20,78,0,0,0,0,128,17,0,normal,normal
1480,20,1466,0,0,0,0,107,17,0,attack,attack
60,20,40,0,1,0,0,47,6,80,normal,normal
62,20,48,0,0,0,0,128,17,0,attack,attack
62,20,48,0,0,0,0,128,17,0,attack,attack
60,20,40,0,1,0,0,63,6,80,normal,normal
150,20,136,0,1,0,0,64,6,22,normal,normal
212,20,198,0,1,0,0,111,17,0,attack,attack
60,20,40,0,1,0,0,128,6,4869,normal,attack
1514,20,1500,0,1,0,0,63,6,22,attack,normal
62,20,48,0,0,0,0,128,17,0,attack,attack
1434,20,1420,0,1,0,0,241,6,80,normal,normal
88,20,74,0,0,0,0,128,17,0,attack,attack
1514,20,1500,0,1,0,0,64,6,22,attack,attack
60,20,40,0,1,0,0,128,6,3822,normal,normal
1254,20,1240,0,1,0,0,50,6,80,normal,normal
60,20,40,0,1,0,0,128,6,3819,normal,normal
566,20,552,0,0,0,0,47,6,51413,attack,attack
118,20,104,0,1,0,0,63,6,22,normal,normal
1514,20,1500,0,1,0,0,41,6,80,normal,normal
60,20,40,0,1,0,0,128,6,4498,normal,normal
1514,20,1500,0,1,0,0,64,6,80,normal,normal
662,20,648,0,0,0,0,108,17,0,attack,attack
1514,20,1500,0,1,0,0,63,6,22,normal,normal
1434,20,1420,0,1,0,0,241,6,80,normal,normal
1514,20,1500,0,1,0,0,64,6,22,normal,normal
1514,20,1500,0,1,0,0,64,6,22,normal,normal
62,20,48,0,0,0,0,107,17,0,attack,attack
662,20,648,0,0,0,0,108,17,0,attack,attack
1514,20,1500,0,1,0,0,63,6,22,normal,attack
60,20,40,0,1,0,0,128,6,2354,attack,attack
362,20,348,0,0,0,0,112,17,0,attack,attack
1514,20,1500,0,1,0,0,45,6,80,normal,normal
94,20,80,0,1,0,0,128,6,4500,normal,normal
1514,20,1500,0,1,0,0,43,6,80,normal,normal
212,20,198,0,0,0,0,111,17,0,attack,attack
212,20,198,0,0,0,0,112,17,0,attack,attack
1514,20,1500,0,1,0,0,64,6,22,normal,normal
60,20,40,0,1,0,0,128,6,1729,normal,normal
1514,20,1500,0,1,0,0,41,6,80,normal,normal
1514,20,1500,0,1,0,0,64,6,22,normal,normal
418,20,404,0,1,0,0,64,6,22,attack,attack
60,20,40,0,1,0,0,128,6,4483,normal,normal
1514,20,1500,0,1,0,0,63,6,22,normal,normal
1514,20,1500,0,1,0,0,41,6,80,normal,normal
566,20,552,0,0,0,0,47,6,51413,attack,attack
662,20,648,0,0,0,0,105,17,0,attack,attack
206,20,192,0,1,0,0,128,6,15844,normal,normal
60,20,40,0,1,0,0,128,6,59000,attack,attack
1514,20,1500,0,1,0,0,63,6,22,normal,normal
1514,20,1500,0,1,0,0,64,6,22,normal,normal
60,20,40,0,1,0,0,128,6,2115,attack,attack
1330,20,1316,0,1,0,0,45,6,51413,attack,attack
126,20,112,0,1,0,0,128,6,3934,normal,normal
418,20,404,0,1,0,0,64,6,22,normal,normal
62,20,48,0,0,0,0,128,17,0,attack,attack
131,20,117,0,1,0,0,128,6,3010,normal,normal
60,20,40,0,1,0,0,112,6,48544,normal,attack
60,20,40,0,1,0,0,128,6,2401,normal,normal
79,20,65,0,0,0,0,128,17,0,attack,attack
68,20,54,0,0,0,0,128,17,0,attack,attack
1480,20,1466,0,1,0,0,110,17,0,attack,attack
62,20,48,0,0,0,0,128,17,0,attack,attack
1502,20,1488,0,1,0,0,50,6,80,normal,normal
1514,20,1500,0,1,0,0,64,6,22,attack,attack
1514,20,1500,0,1,0,0,63,6,22,normal,normal
1514,20,1500,0,1,0,0,64,6,22,normal,normal
1514,20,1500,0,1,0,0,45,6,80,normal,normal
60,20,40,0,1,0,0,128,6,2115,attack,attack
1514,20,1500,0,1,0,0,64,6,22,attack,attack
62,20,48,0,0,0,0,128,17,0,attack,attack
60,20,40,0,1,0,0,128,6,4501,normal,normal
1514,20,1500,0,1,0,0,64,6,22,normal,normal
60,20,40,0,1,0,0,128,6,3160,normal,normal
822,20,808,0,1,0,0,64,6,22,attack,attack
1514,20,1500,0,1,0,0,64,6,22,attack,attack
1314,20,1300,0,1,0,0,48,6,55123,attack,attack
60,20,40,0,1,0,0,128,6,1729,normal,normal
1514,20,1500,0,1,0,0,63,6,22,attack,attack
60,20,40,0,1,0,0,128,6,4026,normal,normal
1514,20,1500,0,1,0,0,64,6,22,normal,normal
62,20,48,0,0,0,0,128,17,0,attack,attack
418,20,404,0,1,0,0,64,6,22,normal,normal
60,20,40,0,1,0,0,64,6,22,normal,normal
60,20,40,0,0,0,0,128,6,2120,attack,attack
60,20,40,0,1,0,0,128,6,2985,normal,normal
1514,20,1500,0,1,0,0,59,6,80,normal,normal
62,20,48,0,0,0,0,128,17,0,attack,attack
1514,20,1500,0,1,0,0,63,6,22,normal,normal
212,20,198,0,0,0,0,112,17,0,attack,attack
60,20,40,0,1,0,0,128,6,3816,normal,normal
1514,20,1500,0,1,0,0,47,6,80,normal,normal
60,20,40,0,1,0,0,128,6,3822,normal,normal
168,20,154,0,0,0,0,63,17,0,normal,normal
1502,20,1488,0,1,0,0,50,6,80,normal,normal
212,20,198,0,0,0,0,107,17,0,attack,attack
62,20,48,0,0,0,0,128,17,0,attack,attack
60,20,40,0,1,0,0,128,6,1235,normal,normal
1514,20,1500,0,1,0,0,63,6,22,normal,normal
110,20,96,0,1,0,0,128,6,2923,attack,attack
86,20,72,0,1,0,0,64,6,22,attack,attack
60,20,40,0,1,0,0,128,6,4973,attack,attack
1514,20,1500,0,1,0,0,41,6,80,normal,normal
1514,20,1500,0,1,0,0,64,6,22,normal,normal
1514,20,1500,0,1,0,0,64,6,22,attack,attack
1514,20,1500,0,1,0,0,64,6,22,attack,attack
1514,20,1500,0,1,0,0,47,6,80,normal,normal
62,20,48,0,0,0,0,108,17,0,attack,attack
1434,20,1420,0,1,0,0,241,6,80,normal,normal
1514,20,1500,0,1,0,0,52,6,80,normal,normal
60,20,40,0,0,0,0,128,6,2214,attack,attack
60,20,40,0,1,0,0,128,6,3021,normal,normal
1514,20,1500,0,1,0,0,63,6,22,normal,normal
1514,20,1500,0,1,0,0,64,6,22,attack,attack
1514,20,1500,0,1,0,0,63,6,22,normal,normal
142,20,128,0,1,0,0,64,6,22,normal,normal
60,20,40,0,1,0,0,128,6,3073,normal,normal
134,20,120,0,1,0,0,64,6,22,normal,normal
1514,20,1500,0,1,0,0,64,6,22,normal,normal
212,20,198,0,0,0,0,112,17,0,attack,attack
1262,20,1248,0,0,0,0,112,17,0,attack,attack
1514,20,1500,0,1,0,0,43,6,80,normal,normal
124,20,110,0,1,0,0,56,6,80,normal,normal
62,20,48,0,0,0,0,128,17,0,attack,attack
60,20,40,0,1,0,0,48,6,80,normal,normal
1514,20,1500,0,1,0,0,63,6,22,normal,normal
60,20,40,0,1,0,0,63,6,22,normal,normal
1514,20,1500,0,1,0,0,64,6,22,normal,normal
1514,20,1500,0,1,0,0,59,6,80,normal,normal
1514,20,1500,0,1,0,0,63,6,22,normal,normal
62,20,48,0,0,0,0,128,17,0,attack,attack
60,20,40,0,1,0,0,128,6,2296,attack,attack
1514,20,1500,0,1,0,0,51,6,80,normal,normal
60,20,40,0,1,0,0,128,6,2114,attack,attack
1434,20,1420,0,1,0,0,241,6,80,normal,normal
1514,20,1500,0,1,0,0,64,6,22,normal,normal
60,20,40,0,1,0,0,113,6,80,attack,attack
1060,20,1046,0,1,0,0,241,6,80,normal,normal
60,20,40,0,1,0,0,128,6,3011,normal,normal
1514,20,1500,0,1,0,0,63,6,22,attack,attack
212,20,198,0,0,0,0,105,17,0,attack,attack
1514,20,1500,0,1,0,0,63,6,22,normal,normal
88,20,74,0,0,0,0,128,17,0,attack,attack
1514,20,1500,0,1,0,0,41,6,80,normal,normal
60,20,40,0,1,0,0,128,6,2987,normal,normal
60,20,40,0,1,0,0,128,6,1729,normal,normal
1262,20,1248,0,1,0,0,111,17,0,attack,attack
126,20,112,0,1,0,0,63,6,22,normal,normal
1290,20,1276,0,0,0,0,55,6,80,normal,normal
62,20,48,0,0,0,0,128,17,0,attack,attack
1514,20,1500,0,1,0,0,41,6,80,normal,normal
60,20,40,0,1,0,0,128,6,3846,normal,normal
1414,20,1400,0,1,0,0,112,6,48544,attack,attack
1514,20,1500,0,1,0,0,64,6,22,normal,normal
62,20,48,0,0,0,0,128,17,0,attack,attack
62,20,48,0,0,0,0,128,17,0,attack,attack
118,20,104,0,1,0,0,63,6,22,normal,normal
1514,20,1500,0,1,0,0,41,6,80,normal,normal
62,20,48,0,0,0,0,128,17,0,attack,attack
110,20,96,0,1,0,0,63,6,22,normal,normal
212,20,198,0,0,0,0,108,17,0,attack,attack
86,20,72,0,1,0,0,64,6,22,normal,normal
60,20,40,0,1,0,0,128,6,3866,attack,attack
1514,20,1500,0,1,0,0,64,6,22,normal,normal
60,20,40,0,1,0,0,128,6,16816,normal,normal
118,20,104,0,1,0,0,64,6,22,normal,normal
212,20,198,0,0,0,0,112,17,0,attack,attack
861,20,847,0,0,0,0,107,17,0,attack,attack
60,20,40,0,1,0,0,128,6,3023,normal,normal
1514,20,1500,0,1,0,0,63,6,22,attack,attack
60,20,40,0,1,0,0,128,6,1724,normal,normal
1514,20,1500,0,1,0,0,63,6,22,normal,normal
1434,20,1420,0,1,0,0,241,6,80,normal,normal
60,20,40,0,1,0,0,128,6,3019,normal,normal
1514,20,1500,0,1,0,0,63,6,22,normal,normal
1434,20,1420,0,1,0,0,241,6,80,normal,normal
1506,20,1492,0,1,0,0,109,6,26076,attack,attack
134,20,120,0,1,0,0,128,6,4781,attack,attack
1514,20,1500,0,1,0,0,63,6,80,normal,normal
60,20,40,0,1,0,0,128,6,1698,normal,normal
62,20,48,0,1,0,0,128,6,2926,attack,attack
1514,20,1500,0,1,0,0,41,6,80,normal,normal
60,20,40,0,1,0,0,64,6,22,normal,normal
60,20,40,0,1,0,0,128,6,1724,normal,normal
1514,20,1500,0,1,0,0,64,6,22,normal,normal
1506,20,1492,0,1,0,0,45,6,51413,attack,attack
418,20,404,0,1,0,0,63,6,22,normal,normal
1434,20,1420,0,1,0,0,241,6,80,normal,normal
62,20,48,0,1,0,0,109,6,26076,attack,attack
118,20,104,0,1,0,0,63,6,22,normal,normal
60,20,45,0,1,0,0,63,6,110,normal,attack
1514,20,1500,0,1,0,0,64,6,22,normal,normal
60,20,40,0,1,0,0,128,6,2110,attack,attack
1514,20,1500,0,1,0,0,41,6,80,normal,normal
1514,20,1500,0,1,0,0,63,6,22,attack,attack
60,20,40,0,1,0,0,128,6,2985,normal,normal
1514,20,1500,0,1,0,0,63,6,22,normal,normal
1514,20,1500,0,1,0,0,64,6,22,normal,normal
212,20,198,0,0,0,0,112,17,0,attack,attack
62,20,48,0,1,0,0,56,6,80,normal,normal
60,20,40,0,1,0,0,128,6,4499,normal,normal
60,20,40,0,1,0,0,63,6,22,normal,normal
1434,20,1420,0,1,0,0,241,6,80,normal,normal
60,20,40,0,1,0,0,128,6,4181,normal,normal
60,20,40,0,0,0,0,128,6,2141,attack,attack
1320,20,1306,0,1,0,0,56,6,80,normal,normal
126,20,112,0,1,0,0,63,6,22,normal,normal
71,20,57,0,1,0,0,128,6,2367,attack,attack
110,20,96,0,1,0,0,128,6,15852,normal,normal
212,20,198,0,0,0,0,106,17,0,attack,attack
1506,20,1492,0,1,0,0,42,6,6881,attack,attack
60,20,40,0,1,0,0,128,6,2328,attack,attack
68,20,54,0,0,0,0,128,17,0,attack,attack
79,20,65,0,0,0,0,117,17,0,attack,attack
1514,20,1500,0,1,0,0,64,6,22,normal,attack
212,20,198,0,0,0,0,105,17,0,attack,attack
60,20,40,0,1,0,0,63,6,22,attack,attack
60,20,40,0,1,0,0,128,6,1029,attack,attack
1262,20,1248,0,0,0,0,45,17,0,attack,attack
1514,20,1500,0,1,0,0,64,6,22,normal,normal
1514,20,1500,0,1,0,0,63,6,22,attack,attack
1514,20,1500,0,1,0,0,63,6,22,attack,attack
774,20,760,0,1,0,0,64,6,22,normal,normal
62,20,48,0,0,0,0,128,17,0,attack,attack
212,20,198,0,0,0,0,112,17,0,attack,attack
62,20,48,0,0,0,0,128,17,0,attack,attack
62,20,48,0,0,0,0,128,17,0,attack,attack
60,20,40,0,1,0,0,128,6,3866,attack,attack
254,20,240,0,1,0,0,48,6,55123,attack,attack
71,20,57,0,1,0,0,128,6,2110,attack,attack
212,20,198,0,0,0,0,106,17,0,attack,attack
60,20,40,0,1,0,0,128,6,2995,normal,normal
662,20,648,0,0,0,0,108,17,0,attack,attack
1514,20,1500,0,1,0,0,63,6,22,attack,attack
1514,20,1500,0,1,0,0,49,6,80,normal,normal
62,20,48,0,0,0,0,128,17,0,attack,attack
1480,20,1466,0,0,0,0,111,17,0,attack,attack
62,20,48,0,0,0,0,128,17,0,attack,attack
362,20,348,0,0,0,0,45,17,0,attack,attack
1434,20,1420,0,1,0,0,241,6,80,normal,normal
60,20,40,0,1,0,0,128,6,1065,attack,attack
1514,20,1500,0,1,0,0,63,6,22,normal,attack
60,20,40,0,1,0,0,64,6,22,normal,normal
62,20,48,0,0,0,0,128,17,0,attack,attack
1480,20,1466,0,1,0,0,110,17,0,attack,attack
102,20,88,0,1,0,0,128,6,4872,attack,attack
71,20,57,0,1,0,0,128,6,2354,attack,attack
1514,20,1500,0,1,0,0,63,6,22,normal,normal
62,20,48,0,0,0,0,128,17,0,attack,attack
60,20,40,0,1,0,0,128,6,1735,normal,normal
1480,20,1466,0,0,0,0,113,17,0,attack,attack
110,20,96,0,1,0,0,64,6,22,normal,normal
224,20,210,0,1,0,0,128,6,15874,normal,normal
1514,20,1500,0,1,0,0,64,6,22,normal,attack
1514,20,1500,0,1,0,0,52,6,80,normal,normal
60,20,40,0,1,0,0,128,6,2985,normal,normal
1514,20,1500,0,1,0,0,52,6,51413,attack,attack
362,20,348,0,0,0,0,112,17,0,attack,attack
1514,20,1500,0,1,0,0,52,6,80,normal,normal
362,20,348,0,0,0,0,45,17,0,attack,attack
1514,20,1500,0,1,0,0,41,6,80,normal,normal
60,20,40,0,1,0,0,63,6,22,attack,attack
62,20,48,0,0,0,0,128,17,0,attack,attack
1514,20,1500,0,1,0,0,63,6,22,normal,normal
110,20,96,0,1,0,0,128,6,2393,normal,normal
60,20,40,0,1,0,0,128,6,4788,attack,attack
60,20,40,0,1,0,0,64,6,22,attack,attack
150,20,136,0,1,0,0,128,6,4899,normal,normal
1514,20,1500,0,1,0,0,52,6,80,normal,normal
1434,20,1420,0,1,0,0,102,6,80,attack,attack
1514,20,1500,0,1,0,0,64,6,22,normal,normal
60,20,40,0,1,0,0,128,6,2673,normal,normal
62,20,48,0,0,0,0,128,17,0,attack,attack
142,20,128,0,1,0,0,128,6,15847,normal,normal
60,20,40,0,1,0,0,128,6,2296,attack,attack
1514,20,1500,0,1,0,0,64,6,22,attack,attack
60,20,40,0,0,0,0,128,6,2109,attack,attack
1514,20,1500,0,1,0,0,47,6,80,normal,normal
1514,20,1500,0,1,0,0,64,6,22,attack,attack
1514,20,1500,0,1,0,0,64,6,22,normal,normal
1514,20,1500,0,1,0,0,64,6,22,normal,normal
1514,20,1500,0,1,0,0,64,6,22,normal,normal
60,20,40,0,1,0,0,46,6,80,normal,normal
1480,20,1466,0,0,0,0,107,17,0,attack,attack
62,20,48,0,1,0,0,56,6,80,normal,normal
62,20,48,0,0,0,0,128,17,0,attack,attack
60,20,40,0,1,0,0,128,6,1730,normal,normal
110,20,96,0,1,0,0,63,6,22,normal,normal
60,20,40,0,1,0,0,128,6,4186,normal,attack
190,20,176,0,1,0,0,64,6,22,normal,attack
62,20,48,0,1,0,0,128,6,4921,attack,attack
822,20,808,0,1,0,0,63,6,22,attack,attack
60,20,40,0,1,0,0,41,6,80,attack,attack
662,20,648,0,0,0,0,108,17,0,attack,attack
62,20,48,0,0,0,0,128,17,0,attack,attack
110,20,96,0,1,0,0,63,6,22,normal,normal
60,20,40,0,1,0,0,128,6,3019,normal,normal
86,20,72,0,1,0,0,64,6,22,normal,normal
62,20,48,0,1,0,0,63,6,22,normal,normal
1514,20,1500,0,1,0,0,63,6,22,attack,attack
60,20,40,0,1,0,0,63,6,22,attack,attack
60,20,40,0,1,0,0,128,6,15841,normal,normal
1506,20,1492,0,1,0,0,45,6,51413,attack,attack
62,20,48,0,1,0,0,128,6,3099,normal,normal
1480,20,1466,0,0,0,0,107,17,0,attack,attack
62,20,48,0,0,0,0,128,17,0,attack,attack
662,20,648,0,0,0,0,109,17,0,attack,attack
134,20,120,0,1,0,0,107,6,48412,attack,attack
60,20,40,0,1,0,0,128,6,2928,normal,attack
1480,20,1466,0,1,0,0,118,17,0,attack,attack
60,20,40,0,1,0,0,128,6,4875,attack,attack
1514,20,1500,0,1,0,0,41,6,80,attack,attack
93,20,79,0,1,0,0,63,6,22,attack,attack
110,20,96,0,1,0,0,64,6,22,attack,attack
62,20,48,0,0,0,0,128,17,0,attack,attack
110,20,96,0,1,0,0,128,6,2931,attack,attack
1514,20,1500,0,1,0,0,41,6,80,normal,normal
60,20,40,0,1,0,0,64,6,22,normal,normal
1230,20,1216,0,1,0,0,48,6,80,normal,normal
60,20,40,0,1,0,0,43,6,80,normal,normal
1514,20,1500,0,1,0,0,63,6,22,normal,normal
130,20,116,0,1,0,0,128,6,3078,normal,normal
60,20,40,0,1,0,0,63,6,22,attack,attack
62,20,48,0,0,0,0,128,17,0,attack,attack
60,20,40,0,1,0,0,128,6,4944,attack,attack
1514,20,1500,0,1,0,0,47,6,80,normal,normal
1434,20,1420,0,1,0,0,52,6,64277,attack,attack
1514,20,1500,0,1,0,0,64,6,22,normal,normal
1514,20,1500,0,1,0,0,106,6,27571,attack,attack
60,20,40,0,0,0,0,47,6,51413,attack,attack
1434,20,1420,0,1,0,0,241,6,80,normal,normal
662,20,648,0,0,0,0,111,17,0,attack,attack
60,20,40,0,1,0,0,41,6,80,attack,attack
212,20,198,0,0,0,0,112,17,0,attack,attack
255,20,241,0,0,0,0,128,17,0,attack,attack
110,20,96,0,1,0,0,63,6,22,attack,attack
60,20,40,0,1,0,0,128,6,2490,normal,normal
60,20,40,0,1,0,0,128,6,4491,normal,normal
60,20,40,0,1,0,0,128,6,2195,attack,attack
1514,20,1500,0,1,0,0,43,6,80,normal,normal
1514,20,1500,0,1,0,0,41,6,80,normal,normal
60,20,40,0,1,0,0,128,6,3021,normal,normal
362,20,348,0,0,0,0,45,17,0,attack,attack
212,20,198,0,0,0,0,107,17,0,attack,attack
60,20,40,0,1,0,0,128,6,2114,attack,attack
60,20,40,0,1,0,0,128,6,4499,normal,normal
1262,20,1248,0,0,0,0,112,17,0,attack,attack
1514,20,1500,0,1,0,0,47,6,51413,attack,attack
60,20,40,0,1,0,0,128,6,51091,normal,normal
1480,20,1466,0,0,0,0,109,17,0,attack,attack
1514,20,1500,0,1,0,0,63,6,22,normal,normal
1514,20,1500,0,1,0,0,64,6,22,normal,normal
60,20,40,0,1,0,0,128,6,1028,attack,attack
362,20,348,0,0,0,0,108,17,0,attack,attack
1514,20,1500,0,1,0,0,63,6,22,normal,normal
1514,20,1500,0,1,0,0,63,6,22,attack,attack
60,20,40,0,1,0,0,128,6,15841,normal,normal
1514,20,1500,0,1,0,0,64,6,22,normal,attack
60,20,40,0,1,0,0,128,6,1027,attack,attack
62,20,48,0,0,0,0,128,17,0,attack,attack
1480,20,1466,0,0,0,0,106,17,0,attack,attack
62,20,48,0,0,0,0,128,17,0,attack,attack
838,20,824,0,1,0,0,64,6,22,normal,normal
62,20,48,0,0,0,0,128,17,0,attack,attack
62,20,48,0,0,0,0,128,17,0,attack,attack
193,20,179,0,0,0,0,58,17,0,normal,normal
838,20,824,0,1,0,0,63,6,22,normal,normal
60,20,40,0,1,0,0,128,6,4788,attack,attack
66,20,52,0,1,0,0,128,6,16805,normal,normal
60,20,40,0,1,0,0,128,6,4893,attack,attack
62,20,48,0,1,0,0,128,6,1071,attack,attack
133,20,119,0,1,0,0,128,6,2296,attack,attack
62,20,48,0,0,0,0,128,17,0,attack,attack
1514,20,1500,0,1,0,0,45,6,80,normal,normal
60,20,40,0,1,0,0,128,6,1027,attack,attack
1514,20,1500,0,1,0,0,41,6,80,normal,normal
1514,20,1500,0,1,0,0,63,6,22,normal,normal
60,20,40,0,1,0,0,128,6,1729,normal,normal
1514,20,1500,0,1,0,0,107,6,48412,attack,attack
1480,20,1466,0,0,0,0,107,17,0,attack,attack
60,20,40,0,1,0,0,63,6,22,normal,normal
418,20,404,0,1,0,0,64,6,22,normal,normal
62,20,48,0,0,0,0,128,17,0,attack,attack
1506,20,1492,0,1,0,0,45,6,51413,attack,attack
102,20,88,0,1,0,0,128,6,2167,attack,attack
212,20,198,0,0,0,0,112,17,0,attack,attack
60,20,40,0,1,0,0,128,6,4534,normal,normal
1480,20,1466,0,0,0,0,118,17,0,attack,attack
1514,20,1500,0,1,0,0,63,6,22,normal,normal
60,20,40,0,1,0,0,128,6,59000,attack,attack
1514,20,1500,0,1,0,0,64,6,22,normal,normal
60,20,40,0,1,0,0,128,6,4901,normal,normal
60,20,40,0,1,0,0,128,6,1229,normal,normal
1514,20,1500,0,1,0,0,64,6,22,normal,normal
1514,20,1500,0,1,0,0,64,6,22,normal,attack
60,20,40,0,1,0,0,128,6,2115,attack,attack
60,20,40,0,1,0,0,128,6,4501,normal,normal
60,20,40,0,1,0,0,128,6,15860,normal,normal
1514,20,1500,0,1,0,0,41,6,80,normal,normal
588,20,574,0,1,0,0,56,6,80,normal,normal
126,20,112,0,1,0,0,64,6,22,normal,normal
1514,20,1500,0,1,0,0,64,6,22,normal,normal
1514,20,1500,0,1,0,0,64,6,22,normal,normal
126,20,112,0,1,0,0,128,6,2398,normal,normal
60,20,40,0,1,0,0,128,6,1739,normal,normal
60,20,40,0,1,0,0,128,6,2354,attack,attack
60,20,40,0,1,0,0,64,6,22,normal,normal
154,20,140,0,1,0,0,112,6,48544,attack,attack
93,20,79,0,1,0,0,64,6,22,attack,attack
1514,20,1500,0,1,0,0,63,6,22,attack,attack
1514,20,1500,0,1,0,0,63,6,22,normal,normal
68,20,54,0,0,0,0,128,17,0,attack,attack
110,20,96,0,1,0,0,128,6,4175,normal,normal
66,20,52,0,1,0,0,64,6,47072,attack,attack
1514,20,1500,0,1,0,0,63,6,22,normal,normal
62,20,48,0,0,0,0,128,17,0,attack,attack
60,20,40,0,0,0,0,128,6,2109,attack,attack
62,20,48,0,0,0,0,128,17,0,attack,attack
1514,20,1500,0,1,0,0,64,6,22,normal,normal
60,20,40,0,1,0,0,128,6,1729,normal,normal
141,20,127,0,1,0,0,128,6,15872,normal,normal
62,20,48,0,0,0,0,128,17,0,attack,attack
1514,20,1500,0,1,0,0,106,6,27571,attack,attack
86,20,72,0,1,0,0,64,6,22,attack,attack
60,20,40,0,1,0,0,128,6,59000,attack,attack
60,20,40,0,1,0,0,128,6,4545,normal,normal
774,20,760,0,1,0,0,63,6,22,normal,normal
60,20,40,0,1,0,0,128,6,2931,attack,attack
362,20,348,0,0,0,0,45,17,0,attack,attack
60,20,40,0,1,0,0,64,6,22,normal,normal
60,20,40,0,1,0,0,128,6,4501,normal,normal
1514,20,1500,0,1,0,0,63,6,22,normal,normal
60,20,40,0,1,0,0,64,6,110,attack,attack
60,20,40,0,1,0,0,63,6,22,attack,attack
362,20,348,0,0,0,0,112,17,0,attack,attack
1514,20,1500,0,1,0,0,63,6,22,normal,normal
60,20,40,0,1,0,0,128,6,4181,normal,normal
1514,20,1500,0,1,0,0,47,6,51413,attack,attack
130,20,116,0,1,0,0,128,6,3063,normal,normal
1480,20,1466,0,0,0,0,111,17,0,attack,attack
102,20,88,0,1,0,0,64,6,22,normal,normal
60,20,40,0,1,0,0,128,6,3940,normal,normal
1514,20,1500,0,1,0,0,64,6,22,normal,attack
110,20,96,0,1,0,0,63,6,22,normal,normal
142,20,128,0,1,0,0,128,6,3163,normal,normal
1514,20,1500,0,1,0,0,108,6,57421,attack,attack
132,20,118,0,1,0,0,128,6,1726,normal,normal
362,20,348,0,0,0,0,111,17,0,attack,attack
60,20,40,0,1,0,0,64,6,110,normal,normal
72,20,58,0,0,0,0,128,17,0,attack,attack
861,20,847,0,0,0,0,45,17,0,attack,attack
566,20,552,0,0,0,0,47,6,51413,attack,attack
566,20,552,0,0,0,0,47,6,51413,attack,attack
1514,20,1500,0,1,0,0,63,6,22,normal,normal
1514,20,1500,0,1,0,0,52,6,80,normal,normal
60,20,40,0,0,0,0,128,6,2120,attack,attack
774,20,760,0,1,0,0,63,6,22,attack,attack
60,20,40,0,1,0,0,128,6,4869,attack,attack
1312,20,1298,0,1,0,0,49,6,80,normal,normal
212,20,198,0,0,0,0,105,17,0,attack,attack
84,20,70,0,0,0,0,64,17,0,normal,normal
1514,20,1500,0,1,0,0,64,6,22,attack,attack
86,20,72,0,1,0,0,63,6,22,normal,normal
60,20,40,0,1,0,0,41,6,80,attack,attack
62,20,48,0,0,0,0,128,17,0,attack,attack
60,20,40,0,1,0,0,128,6,1729,normal,normal
1514,20,1500,0,1,0,0,64,6,22,normal,normal
212,20,198,0,0,0,0,112,17,0,attack,attack
68,20,54,0,0,0,0,128,17,0,attack,attack
1514,20,1500,0,1,0,0,63,6,22,normal,normal
62,20,48,0,1,0,0,56,6,80,normal,normal
93,20,79,0,1,0,0,63,6,22,normal,normal
66,20,52,0,1,0,0,128,6,51066,normal,normal
60,20,40,0,1,0,0,64,6,22,normal,normal
755,20,741,0,1,0,0,63,6,80,normal,normal
126,20,112,0,1,0,0,128,6,4015,normal,normal
62,20,48,0,0,0,0,108,17,0,attack,attack
93,20,79,0,1,0,0,128,6,139,normal,normal
399,20,385,0,1,0,0,109,6,26076,attack,attack
662,20,648,0,0,0,0,108,17,0,attack,attack
60,20,40,0,1,0,0,128,6,4788,attack,attack
1480,20,1466,0,0,0,0,106,17,0,attack,attack
1514,20,1500,0,1,0,0,43,6,80,normal,normal
1434,20,1420,0,1,0,0,241,6,80,normal,normal
662,20,648,0,0,0,0,109,17,0,attack,attack
60,20,40,0,1,0,0,128,6,4181,normal,normal
1514,20,1500,0,1,0,0,50,6,80,normal,normal
1514,20,1500,0,1,0,0,64,6,22,normal,normal
110,20,96,0,1,0,0,63,6,22,normal,normal
566,20,552,0,0,0,0,47,6,51413,attack,attack
206,20,192,0,1,0,0,128,6,4188,attack,attack
62,20,48,0,1,0,0,128,6,1070,attack,attack
1434,20,1420,0,1,0,0,52,6,64277,attack,attack
404,20,390,0,1,0,0,56,6,80,normal,normal
60,20,40,0,1,0,0,128,6,59000,attack,attack
62,20,48,0,0,0,0,128,17,0,attack,attack
60,0,0,0,0,0,0,0,0,0,normal,attack
60,20,40,0,1,0,0,128,6,4501,normal,normal
590,20,576,0,0,0,0,108,6,51884,attack,attack
1514,20,1500,0,1,0,0,63,6,22,normal,normal
1514,20,1500,0,1,0,0,64,6,22,normal,normal
1514,20,1500,0,1,0,0,64,6,22,normal,attack
212,20,198,0,0,0,0,112,17,0,attack,attack
1434,20,1420,0,1,0,0,102,6,80,attack,attack
1434,20,1420,0,1,0,0,102,6,80,attack,attack
60,20,40,0,1,0,0,128,6,3866,normal,attack
1514,20,1500,0,1,0,0,64,6,22,normal,normal
60,20,40,0,1,0,0,128,6,1229,normal,normal
1480,20,1466,0,1,0,0,118,17,0,attack,attack
1480,20,1466,0,0,0,0,111,17,0,attack,attack
1514,20,1500,0,1,0,0,64,6,22,normal,normal
212,20,198,0,0,0,0,112,17,0,attack,attack
1514,20,1500,0,1,0,0,50,6,80,normal,normal
1514,20,1500,0,1,0,0,64,6,22,normal,attack
1514,20,1500,0,1,0,0,63,6,22,normal,normal
60,20,40,0,1,0,0,64,6,22,normal,normal
102,20,88,0,1,0,0,63,6,22,normal,normal
60,20,40,0,1,0,0,128,6,3019,normal,normal
1434,20,1420,0,1,0,0,113,6,80,attack,attack
1506,20,1492,0,1,0,0,109,6,26076,attack,attack
71,20,57,0,1,0,0,64,6,143,normal,normal
1514,20,1500,0,1,0,0,63,6,22,normal,normal
60,20,40,0,1,0,0,128,6,1229,normal,normal
566,20,552,0,0,0,0,47,6,51413,attack,attack
1514,20,1500,0,1,0,0,47,6,51413,attack,attack
1514,20,1500,0,1,0,0,63,6,22,normal,attack
60,20,40,0,1,0,0,128,6,2296,attack,attack
102,20,88,0,1,0,0,63,6,22,normal,normal
1514,20,1500,0,0,0,0,242,6,80,normal,normal
1514,20,1500,0,1,0,0,63,6,22,normal,normal
1514,20,1500,0,1,0,0,63,6,22,normal,normal
60,20,40,0,1,0,0,128,6,4015,normal,normal
566,20,552,0,0,0,0,47,6,51413,attack,attack
1514,20,1500,0,1,0,0,64,6,22,normal,attack
1514,20,1500,0,1,0,0,41,6,80,attack,attack
1494,20,1480,0,1,0,0,109,6,22,attack,attack
1514,20,1500,0,1,0,0,45,6,80,normal,normal
62,20,48,0,0,0,0,128,17,0,attack,attack
62,20,48,0,0,0,0,128,17,0,attack,attack
1514,20,1500,0,1,0,0,63,6,22,attack,attack
79,20,65,0,1,0,0,63,6,143,attack,attack
60,20,40,0,1,0,0,64,6,22,normal,normal
60,20,40,0,1,0,0,128,6,4501,normal,normal
362,20,348,0,0,0,0,112,17,0,attack,attack
1434,20,1420,0,1,0,0,52,6,64277,attack,attack
68,20,54,0,0,0,0,128,17,0,attack,attack
1514,20,1500,0,1,0,0,63,6,22,normal,normal
212,20,198,0,0,0,0,105,17,0,attack,attack
60,20,40,0,1,0,0,128,6,3093,normal,normal
362,20,348,0,0,0,0,45,17,0,attack,attack
134,20,120,0,1,0,0,63,6,22,normal,normal
94,20,80,0,1,0,0,64,6,22,normal,normal
418,20,404,0,1,0,0,63,6,22,normal,normal
212,20,198,0,0,0,0,105,17,0,attack,attack
1514,20,1500,0,1,0,0,63,6,80,normal,normal
212,20,198,0,0,0,0,112,17,0,attack,attack
60,20,40,0,0,0,0,128,6,2214,attack,attack
60,20,40,0,1,0,0,128,6,4539,normal,normal
62,20,48,0,0,0,0,128,17,0,attack,attack
1514,20,1500,0,1,0,0,64,6,22,normal,normal
212,20,198,0,0,0,0,112,17,0,attack,attack
1434,20,1420,0,1,0,0,241,6,80,normal,normal
659,20,645,0,1,0,0,41,6,9090,attack,attack
60,20,40,0,1,0,0,128,6,3866,attack,attack
1514,20,1500,0,1,0,0,64,6,22,normal,normal
62,20,48,0,0,0,0,128,17,0,attack,attack
92,20,78,0,1,0,0,128,6,4177,normal,normal
1434,20,1420,0,1,0,0,241,6,80,normal,normal
1514,20,1500,0,1,0,0,64,6,22,normal,normal
1514,20,1500,0,1,0,0,64,6,22,normal,attack
60,20,40,0,1,0,0,128,6,4509,normal,normal
362,20,348,0,0,0,0,108,17,0,attack,attack
60,20,40,0,1,0,0,128,6,4516,normal,normal
437,20,423,0,1,0,0,45,6,51413,attack,attack
60,20,40,0,1,0,0,64,6,22,normal,normal
60,20,40,0,1,0,0,128,6,15852,normal,normal
60,20,40,0,1,0,0,63,6,22,normal,normal
126,20,112,0,1,0,0,128,6,4175,normal,normal
1514,20,1500,0,1,0,0,63,6,22,normal,attack
1514,20,1500,0,1,0,0,64,6,22,attack,attack
1514,20,1500,0,1,0,0,63,6,22,normal,normal
1514,20,1500,0,1,0,0,52,6,80,normal,normal
60,20,40,0,1,0,0,128,6,4016,normal,normal
1514,20,1500,0,1,0,0,108,6,57421,attack,attack
60,20,40,0,1,0,0,128,6,4901,normal,normal
1514,20,1500,0,1,0,0,63,6,22,attack,attack
418,20,404,0,1,0,0,63,6,22,attack,attack
212,20,198,0,0,0,0,106,17,0,attack,attack
1514,20,1500,0,1,0,0,64,6,22,normal,normal
60,20,40,0,1,0,0,128,6,15839,normal,normal
362,20,348,0,0,0,0,45,17,0,attack,attack
212,20,198,0,0,0,0,112,17,0,attack,attack
1514,20,1500,0,1,0,0,63,6,22,normal,normal
112,20,98,0,1,0,0,128,6,1729,normal,normal
110,20,96,0,1,0,0,128,6,2488,normal,normal
60,20,40,0,1,0,0,128,6,4531,normal,normal
60,20,40,0,1,0,0,64,6,22,normal,normal
1514,20,1500,0,1,0,0,63,6,22,normal,normal
1514,20,1500,0,1,0,0,41,6,80,normal,normal
1494,20,1480,0,1,0,0,109,6,22,attack,attack
62,20,48,0,1,0,0,109,6,26076,attack,attack
60,20,40,0,1,0,0,128,6,4515,normal,normal
1481,20,1467,0,1,0,0,54,6,80,normal,normal
1514,20,1500,0,1,0,0,64,6,22,attack,attack
1514,20,1500,0,1,0,0,63,6,22,attack,attack
1514,20,1500,0,1,0,0,48,6,80,normal,normal
1514,20,1500,0,1,0,0,63,6,22,attack,attack
110,20,96,0,1,0,0,128,6,2924,normal,attack
1514,20,1500,0,1,0,0,64,6,22,normal,normal
60,20,40,0,1,0,0,64,6,22,normal,normal
62,20,48,0,0,0,0,128,17,0,attack,attack
1514,20,1500,0,1,0,0,43,6,80,normal,normal
1514,20,1500,0,1,0,0,64,6,22,attack,attack
418,20,404,0,1,0,0,63,6,22,attack,attack
60,20,40,0,1,0,0,49,6,80,normal,normal
62,20,48,0,0,0,0,128,17,0,attack,attack
60,20,40,0,1,0,0,128,6,2115,attack,attack
1514,20,1500,0,1,0,0,64,6,22,normal,normal
60,20,40,0,1,0,0,128,6,2115,attack,attack
362,20,348,0,0,0,0,111,17,0,attack,attack
60,20,40,0,1,0,0,128,6,3137,normal,normal
1514,20,1500,0,1,0,0,63,6,22,normal,normal
362,20,348,0,0,0,0,45,17,0,attack,attack
1514,20,1500,0,1,0,0,45,6,80,normal,normal
110,20,96,0,1,0,0,63,6,22,normal,normal
60,20,40,0,1,0,0,56,6,80,normal,normal
1514,20,1500,0,1,0,0,64,6,22,normal,normal
60,20,40,0,1,0,0,128,6,1027,attack,attack
134,20,120,0,1,0,0,63,6,22,normal,normal
1262,20,1248,0,0,0,0,110,17,0,attack,attack
212,20,198,0,0,0,0,112,17,0,attack,attack
93,20,79,0,1,0,0,64,6,22,attack,attack
60,20,40,0,1,0,0,63,6,22,normal,attack
1514,20,1500,0,1,0,0,52,6,80,normal,normal
81,20,67,0,0,0,0,128,17,0,attack,normal
1514,20,1500,0,1,0,0,64,6,22,normal,normal
590,20,576,0,0,0,0,113,6,6880,attack,attack
1514,20,1500,0,1,0,0,52,6,80,normal,normal
60,20,40,0,1,0,0,64,6,22,normal,normal
1514,20,1500,0,1,0,0,63,6,22,normal,attack
60,20,40,0,1,0,0,109,6,26076,attack,attack
1480,20,1466,0,0,0,0,110,17,0,attack,attack
212,20,198,0,0,0,0,112,17,0,attack,attack
60,20,40,0,1,0,0,128,6,2367,attack,attack
64,20,50,0,1,0,0,64,6,143,attack,attack
60,20,40,0,1,0,0,64,6,22,normal,normal
126,20,112,0,1,0,0,128,6,16808,normal,normal
362,20,348,0,0,0,0,112,17,0,attack,attack
102,20,88,0,1,0,0,64,6,22,attack,attack
60,20,40,0,1,0,0,128,6,4875,attack,attack
93,20,79,0,1,0,0,64,6,22,normal,normal
1434,20,1420,0,1,0,0,241,6,80,normal,normal
1514,20,1500,0,1,0,0,64,6,22,normal,normal
1514,20,1500,0,1,0,0,63,6,22,attack,attack
662,20,648,0,0,0,0,108,17,0,attack,attack
1434,20,1420,0,1,0,0,241,6,80,normal,normal
62,20,48,0,0,0,0,105,17,0,attack,attack
1480,20,1466,0,1,0,0,111,17,0,attack,attack
60,20,40,0,1,0,0,128,6,16816,normal,normal
1514,20,1500,0,1,0,0,45,6,80,normal,normal
1480,20,1466,0,0,0,0,105,17,0,attack,attack
1514,20,1500,0,1,0,0,63,6,22,normal,attack
60,20,40,0,1,0,0,128,6,4509,normal,normal
1494,20,1480,0,1,0,0,109,6,22,attack,attack
62,20,48,0,0,0,0,128,17,0,attack,attack
60,20,40,0,1,0,0,43,6,80,normal,normal
126,20,112,0,1,0,0,63,6,22,normal,normal
74,20,60,0,1,0,0,64,6,38682,attack,attack
60,20,40,0,1,0,0,128,6,4499,normal,normal
1480,20,1466,0,1,0,0,118,17,0,attack,attack
102,20,88,0,1,0,0,63,6,22,attack,attack
1514,20,1500,0,1,0,0,64,6,22,attack,attack
60,20,40,0,1,0,0,128,6,4496,normal,normal
60,20,40,0,1,0,0,128,6,3019,normal,normal
110,20,96,0,1,0,0,128,6,4000,attack,attack
60,20,40,0,1,0,0,63,6,22,attack,attack
1514,20,1500,0,1,0,0,64,6,22,normal,normal
126,20,112,0,1,0,0,64,6,22,attack,attack
212,20,198,0,0,0,0,112,17,0,attack,attack
118,20,104,0,1,0,0,64,6,22,attack,attack
60,20,40,0,1,0,0,128,6,15868,normal,normal
60,20,40,0,1,0,0,128,6,3820,normal,normal
62,20,48,0,0,0,0,128,17,0,attack,attack
1514,20,1500,0,1,0,0,52,6,80,normal,normal
1514,20,1500,0,1,0,0,64,6,22,attack,attack
60,20,40,0,1,0,0,128,6,58996,attack,attack
590,20,576,0,0,0,0,108,6,51884,attack,attack
1514,20,1500,0,1,0,0,63,6,22,attack,attack
60,20,40,0,1,0,0,128,6,15866,normal,normal
142,20,128,0,1,0,0,63,6,22,normal,normal
150,20,136,0,0,0,0,128,17,0,attack,attack
60,20,40,0,1,0,0,128,6,2367,attack,attack
212,20,198,0,0,0,0,112,17,0,attack,attack
1502,20,1488,0,1,0,0,50,6,80,normal,normal
60,20,40,0,1,0,0,52,6,80,normal,normal
1078,20,1064,0,1,0,0,41,6,9090,attack,attack
60,20,40,0,1,0,0,64,6,22,normal,normal
212,20,198,0,0,0,0,108,17,0,attack,attack
62,20,48,0,0,0,0,128,17,0,attack,attack
68,20,54,0,0,0,0,128,17,0,attack,attack
590,20,576,0,0,0,0,108,6,51884,attack,attack
110,20,96,0,1,0,0,63,6,22,normal,normal
1514,20,1500,0,1,0,0,63,6,22,attack,attack
94,20,80,0,1,0,0,128,6,4903,normal,normal
1514,20,1500,0,1,0,0,63,6,22,normal,normal
68,20,54,0,0,0,0,128,17,0,attack,attack
1106,20,1092,0,1,0,0,63,6,22,normal,normal
1514,20,1500,0,1,0,0,52,6,80,normal,normal
1514,20,1500,0,1,0,0,63,6,22,normal,attack
102,20,88,0,1,0,0,64,6,22,attack,attack
1514,20,1500,0,1,0,0,63,6,22,attack,attack
1514,20,1500,0,1,0,0,63,6,22,normal,normal
1434,20,1420,0,1,0,0,52,6,64277,attack,attack
62,20,48,0,0,0,0,128,17,0,attack,attack
66,20,52,0,0,0,0,128,6,2109,attack,attack
1514,20,1500,0,1,0,0,63,6,22,attack,attack
62,20,48,0,0,0,0,128,17,0,attack,attack
60,20,40,0,1,0,0,56,6,80,normal,normal
1514,20,1500,0,1,0,0,63,6,80,normal,normal
60,20,40,0,1,0,0,128,6,51085,normal,normal
60,20,40,0,1,0,0,128,6,2374,attack,attack
1514,20,1500,0,1,0,0,64,6,22,normal,normal
60,20,40,0,1,0,0,41,6,80,attack,attack
1514,20,1500,0,1,0,0,108,6,57421,attack,attack
1514,20,1500,0,1,0,0,64,6,22,normal,normal
1514,20,1500,0,1,0,0,52,6,80,normal,normal
1480,20,1466,0,0,0,0,106,17,0,attack,attack
1514,20,1500,0,1,0,0,63,6,22,normal,normal
212,20,198,0,0,0,0,108,17,0,attack,attack
1514,20,1500,0,1,0,0,63,6,22,normal,attack
62,20,48,0,1,0,0,128,6,3025,normal,normal
60,20,40,0,1,0,0,128,6,3866,attack,attack
142,20,128,0,1,0,0,64,6,22,normal,normal
134,20,120,0,1,0,0,63,6,22,normal,normal
62,20,48,0,0,0,0,107,17,0,attack,attack
68,20,54,0,0,0,0,128,17,0,attack,attack
60,20,40,0,1,0,0,128,6,3937,normal,normal
662,20,648,0,0,0,0,108,17,0,attack,attack
212,20,198,0,0,0,0,112,17,0,attack,attack
60,20,40,0,1,0,0,128,6,4016,normal,normal
1514,20,1500,0,1,0,0,64,6,22,normal,normal
92,20,78,0,1,0,0,128,6,1220,normal,normal
86,20,72,0,1,0,0,64,6,22,normal,normal
1434,20,1420,0,1,0,0,241,6,80,normal,normal
60,20,40,0,1,0,0,63,6,22,normal,normal
1514,20,1500,0,1,0,0,63,6,22,normal,normal
142,20,128,0,1,0,0,128,6,51070,normal,normal
134,20,120,0,1,0,0,128,6,2100,attack,attack
782,20,768,0,1,0,0,63,6,22,normal,attack
1514,20,1500,0,1,0,0,63,6,22,normal,normal
102,20,88,0,1,0,0,128,6,4502,normal,normal
60,20,40,0,1,0,0,128,6,2985,normal,normal
62,20,48,0,0,0,0,128,17,0,attack,attack
561,20,547,0,1,0,0,48,6,80,normal,normal
1514,20,1500,0,1,0,0,64,6,22,attack,attack
60,20,40,0,1,0,0,63,6,22,normal,normal
717,20,703,0,0,0,0,128,17,0,attack,attack
141,20,127,0,0,0,0,58,17,0,normal,normal
134,20,120,0,1,0,0,64,6,22,attack,attack
126,20,112,0,1,0,0,63,6,22,normal,normal
212,20,198,0,0,0,0,112,17,0,attack,attack
1514,20,1500,0,1,0,0,63,6,22,normal,normal
1480,20,1466,0,0,0,0,113,17,0,attack,attack
60,20,40,0,1,0,0,128,6,2114,attack,attack
62,20,48,0,1,0,0,56,6,80,normal,normal
62,20,48,0,0,0,0,128,17,0,attack,attack
94,20,80,0,1,0,0,128,6,4182,normal,normal
60,20,40,0,0,0,0,128,6,2120,attack,attack
110,20,96,0,1,0,0,63,6,22,normal,normal
1434,20,1420,0,1,0,0,241,6,80,normal,normal
1514,20,1500,0,1,0,0,64,6,22,normal,attack
60,20,40,0,0,0,0,128,6,2141,attack,attack
1514,20,1500,0,1,0,0,63,6,22,attack,attack
60,20,40,0,1,0,0,128,6,1229,normal,normal
60,20,40,0,1,0,0,128,6,2114,attack,attack
1434,20,1420,0,1,0,0,241,6,80,normal,normal
60,20,40,0,1,0,0,128,6,1727,normal,normal
662,20,648,0,0,0,0,108,17,0,attack,attack
102,20,88,0,1,0,0,64,6,22,normal,normal
110,20,96,0,1,0,0,128,6,4184,attack,attack
60,20,40,0,1,0,0,63,6,22,normal,normal
60,20,40,0,1,0,0,128,6,1229,normal,normal
62,20,48,0,1,0,0,128,6,4511,normal,normal
662,20,648,0,0,0,0,108,17,0,attack,attack
60,20,40,0,1,0,0,128,6,4493,normal,normal
1514,20,1500,0,1,0,0,43,6,80,normal,normal
1514,20,1500,0,1,0,0,41,6,80,normal,normal
60,20,40,0,1,0,0,128,6,15848,normal,normal
1434,20,1420,0,1,0,0,102,6,80,attack,attack
1514,20,1500,0,1,0,0,63,6,22,normal,attack
97,20,83,0,0,0,0,128,17,0,attack,attack
60,20,40,0,1,0,0,64,6,22,normal,normal
60,20,40,0,1,0,0,64,6,22,normal,normal
142,20,128,0,1,0,0,64,6,22,normal,normal
60,20,40,0,1,0,0,128,6,51063,normal,normal
93,20,79,0,1,0,0,64,6,22,attack,attack
1514,20,1500,0,1,0,0,64,6,22,attack,attack
60,20,40,0,1,0,0,64,6,22,normal,normal
362,20,348,0,0,0,0,112,17,0,attack,attack
102,20,88,0,1,0,0,64,6,22,normal,normal
118,20,104,0,1,0,0,63,6,22,normal,normal
60,20,40,0,1,0,0,128,6,3866,normal,attack
62,20,48,0,0,0,0,128,17,0,attack,attack
789,20,775,0,1,0,0,47,6,80,normal,normal
62,20,48,0,0,0,0,128,17,0,attack,attack
1506,20,1492,0,1,0,0,45,6,51413,attack,attack
60,20,40,0,1,0,0,64,6,22,normal,normal
126,20,112,0,1,0,0,64,6,22,attack,attack
60,20,40,0,1,0,0,64,6,22,attack,attack
1514,20,1500,0,1,0,0,64,6,22,attack,attack
1514,20,1500,0,1,0,0,63,6,22,normal,normal
1514,20,1500,0,1,0,0,64,6,22,normal,normal
1434,20,1420,0,1,0,0,241,6,80,normal,normal
102,20,88,0,1,0,0,63,6,22,normal,normal
126,20,112,0,1,0,0,64,6,22,normal,normal
125,20,111,0,1,0,0,128,6,3830,normal,normal
62,20,48,0,0,0,0,128,17,0,attack,attack
1514,20,1500,0,1,0,0,63,6,22,normal,normal
1514,20,1500,0,1,0,0,63,6,22,normal,normal
60,20,40,0,1,0,0,128,6,4533,normal,normal
62,20,48,0,0,0,0,128,17,0,attack,attack
60,20,40,0,1,0,0,128,6,2090,attack,attack
1514,20,1500,0,1,0,0,43,6,80,normal,normal
662,20,648,0,0,0,0,109,17,0,attack,attack
60,20,40,0,1,0,0,128,6,51081,normal,normal
362,20,348,0,0,0,0,112,17,0,attack,attack
94,20,80,0,1,0,0,63,6,22,normal,normal
60,20,40,0,1,0,0,128,6,4552,normal,normal
60,20,40,0,1,0,0,128,6,15864,normal,normal
62,20,48,0,0,0,0,128,17,0,attack,attack
1480,20,1466,0,0,0,0,115,17,0,attack,attack
1434,20,1420,0,1,0,0,241,6,80,normal,normal
590,20,576,0,0,0,0,108,6,51884,attack,attack
62,20,48,0,0,0,0,128,17,0,attack,attack
134,20,120,0,1,0,0,52,6,64277,attack,attack
1514,20,1500,0,1,0,0,63,6,22,normal,normal
110,20,96,0,1,0,0,63,6,22,normal,attack
206,20,192,0,1,0,0,128,6,16808,normal,normal
1514,20,1500,0,1,0,0,63,6,22,normal,normal
110,20,96,0,1,0,0,64,6,22,attack,attack
531,20,517,0,1,0,0,45,6,80,normal,normal
212,20,198,0,0,0,0,112,17,0,attack,attack
60,20,40,0,1,0,0,128,6,1729,normal,normal
102,20,88,0,1,0,0,64,6,22,normal,normal
205,20,191,0,1,0,0,53,6,80,normal,normal
62,20,48,0,0,0,0,128,17,0,attack,attack
1514,20,1500,0,1,0,0,64,6,22,normal,normal
212,20,198,0,0,0,0,112,17,0,attack,attack
102,20,88,0,1,0,0,63,6,22,attack,attack
1514,20,1500,0,1,0,0,43,6,80,normal,normal
134,20,120,0,1,0,0,64,6,22,normal,normal
1514,20,1500,0,1,0,0,52,6,80,normal,normal
418,20,404,0,1,0,0,63,6,22,attack,attack
88,20,74,0,0,0,0,128,17,0,attack,attack
150,20,136,0,1,0,0,128,6,2921,attack,attack
60,20,40,0,1,0,0,128,6,3937,normal,normal
1100,20,1086,0,1,0,0,48,6,80,normal,normal
66,20,52,0,0,0,0,128,6,2109,attack,attack
1514,20,1500,0,1,0,0,63,6,22,normal,normal
254,20,240,0,1,0,0,48,6,55123,attack,attack
1514,20,1500,0,1,0,0,64,6,22,attack,attack
1514,20,1500,0,1,0,0,63,6,22,attack,attack
212,20,198,0,1,0,0,111,17,0,attack,attack
86,20,72,0,1,0,0,64,6,22,normal,attack
126,20,112,0,1,0,0,64,6,22,normal,normal
62,20,48,0,0,0,0,128,17,0,attack,attack
838,20,824,0,1,0,0,64,6,22,attack,attack
60,20,40,0,1,0,0,64,6,22,normal,normal
60,20,40,0,1,0,0,241,6,80,normal,normal
212,20,198,0,0,0,0,112,17,0,attack,attack
62,20,48,0,0,0,0,128,17,0,attack,attack
62,20,48,0,0,0,0,128,17,0,attack,attack
62,20,48,0,0,0,0,128,17,0,attack,attack
62,20,48,0,0,0,0,128,17,0,attack,attack
71,20,57,0,1,0,0,128,6,1716,normal,normal
662,20,648,0,0,0,0,109,17,0,attack,attack
60,20,40,0,1,0,0,128,6,4901,normal,normal
1514,20,1500,0,1,0,0,64,6,22,attack,attack
1514,20,1500,0,1,0,0,63,6,22,attack,attack
115,20,101,0,1,0,0,128,6,3022,normal,normal
60,20,40,0,1,0,0,64,6,22,normal,normal
62,20,48,0,1,0,0,64,6,22,attack,attack
1514,20,1500,0,1,0,0,64,6,22,normal,normal
662,20,648,0,0,0,0,108,17,0,attack,attack
137,20,123,0,1,0,0,128,6,4876,attack,attack
1514,20,1500,0,1,0,0,63,6,22,normal,attack
838,20,824,0,1,0,0,63,6,22,normal,normal
60,20,40,0,1,0,0,41,6,80,attack,attack
1514,20,1500,0,1,0,0,41,6,80,normal,normal
60,20,40,0,1,0,0,63,6,22,normal,normal
1514,20,1500,0,1,0,0,63,6,22,attack,attack
145,20,131,0,0,0,0,58,17,0,normal,normal
60,20,40,0,1,0,0,128,6,3818,normal,normal
62,20,48,0,0,0,0,128,17,0,attack,attack
60,20,40,0,1,0,0,128,6,59000,attack,attack
1514,20,1500,0,1,0,0,63,6,22,normal,normal
62,20,48,0,0,0,0,128,17,0,attack,attack
362,20,348,0,0,0,0,112,17,0,attack,attack
566,20,552,0,0,0,0,47,6,51413,attack,attack
62,20,48,0,0,0,0,128,17,0,attack,attack
60,20,40,0,1,0,0,128,6,4544,normal,normal
60,20,40,0,1,0,0,128,6,4496,normal,normal
93,20,79,0,1,0,0,64,6,22,normal,normal
1262,20,1248,0,0,0,0,108,17,0,attack,attack
60,20,40,0,0,0,0,128,6,2141,attack,attack
1514,20,1500,0,1,0,0,63,6,22,normal,normal
62,20,48,0,0,0,0,128,17,0,attack,attack
60,20,40,0,0,0,0,128,6,2120,attack,attack
60,20,40,0,1,0,0,128,6,2195,attack,attack
62,20,48,0,1,0,0,128,6,3854,normal,normal
60,20,40,0,1,0,0,128,6,2110,attack,attack
1514,20,1500,0,1,0,0,64,6,22,normal,normal
1514,20,1500,0,1,0,0,63,6,22,normal,normal
212,20,198,0,0,0,0,105,17,0,attack,attack
62,20,48,0,0,0,0,128,17,0,attack,attack
60,20,40,0,1,0,0,128,6,4026,normal,normal
134,20,120,0,1,0,0,64,6,22,normal,normal
212,20,198,0,0,0,0,112,17,0,attack,attack
93,20,79,0,0,0,0,64,17,0,normal,normal
1514,20,1500,0,1,0,0,63,6,22,attack,attack
68,20,54,0,0,0,0,128,17,0,attack,attack
90,20,76,0,0,0,0,64,17,0,normal,normal
130,20,116,0,1,0,0,128,6,3146,normal,normal
662,20,648,0,0,0,0,108,17,0,attack,attack
1434,20,1420,0,1,0,0,241,6,80,normal,normal
62,20,48,0,0,0,0,128,17,0,attack,attack
1514,20,1500,0,1,0,0,64,6,22,normal,attack
1514,20,1500,0,1,0,0,63,6,22,normal,normal
60,20,40,0,1,0,0,41,6,80,attack,attack
60,20,40,0,1,0,0,64,6,22,normal,normal
1514,20,1500,0,1,0,0,64,6,22,normal,normal
418,20,404,0,1,0,0,63,6,22,attack,attack
1434,20,1420,0,1,0,0,52,6,64277,attack,attack
662,20,648,0,0,0,0,108,17,0,attack,attack
1514,20,1500,0,1,0,0,52,6,80,normal,normal
1514,20,1500,0,1,0,0,63,6,22,normal,normal
92,20,78,0,1,0,0,128,6,2926,attack,attack
60,20,40,0,1,0,0,128,6,2110,attack,attack
126,20,112,0,1,0,0,128,6,2481,normal,normal
60,20,40,0,1,0,0,128,6,2114,attack,attack
60,20,40,0,1,0,0,128,6,3082,normal,normal
62,20,48,0,0,0,0,128,17,0,attack,attack
212,20,198,0,0,0,0,108,17,0,attack,attack
1480,20,1466,0,0,0,0,111,17,0,attack,attack
1514,20,1500,0,1,0,0,63,6,22,normal,attack
60,20,40,0,1,0,0,128,6,2106,attack,attack
60,20,40,0,1,0,0,128,6,16816,normal,normal
1514,20,1500,0,1,0,0,64,6,22,normal,normal
62,20,48,0,0,0,0,128,17,0,attack,attack
60,20,40,0,1,0,0,128,6,1729,normal,normal
110,20,96,0,1,0,0,128,6,16812,normal,normal
134,20,120,0,1,0,0,52,6,64277,attack,attack
1480,20,1466,0,0,0,0,111,17,0,attack,attack
1514,20,1500,0,1,0,0,43,6,80,attack,attack
60,20,40,0,0,0,0,128,6,2141,attack,attack
1434,20,1420,0,1,0,0,241,6,80,normal,normal
62,20,48,0,0,0,0,128,17,0,attack,attack
1514,20,1500,0,1,0,0,63,6,22,attack,attack
62,20,48,0,0,0,0,128,17,0,attack,attack
126,20,112,0,1,0,0,128,6,3866,normal,attack
1434,20,1420,0,1,0,0,102,6,80,attack,attack
62,20,48,0,0,0,0,128,17,0,attack,attack
212,20,198,0,1,0,0,111,17,0,attack,attack
62,20,48,0,0,0,0,128,17,0,attack,attack
60,20,40,0,1,0,0,128,6,59000,attack,attack
1514,20,1500,0,1,0,0,63,6,22,normal,normal
60,20,40,0,1,0,0,64,6,22,normal,normal
60,20,40,0,1,0,0,128,6,4531,normal,normal
1514,20,1500,0,1,0,0,64,6,22,normal,normal
1480,20,1466,0,0,0,0,106,17,0,attack,attack
62,20,48,0,1,0,0,56,6,80,normal,normal
102,20,88,0,1,0,0,128,6,4895,normal,normal
1506,20,1492,0,1,0,0,109,6,26076,attack,attack
60,20,40,0,1,0,0,128,6,4897,normal,normal
418,20,404,0,1,0,0,64,6,22,normal,normal
1514,20,1500,0,1,0,0,64,6,22,normal,attack
126,20,112,0,1,0,0,64,6,22,normal,attack
134,20,120,0,1,0,0,52,6,64277,attack,attack
1514,20,1500,0,1,0,0,43,6,80,attack,attack
1514,20,1500,0,1,0,0,41,6,80,normal,normal
1514,20,1500,0,1,0,0,41,6,80,normal,normal
1480,20,1466,0,0,0,0,111,17,0,attack,attack
62,20,48,0,1,0,0,41,6,80,attack,attack
1480,20,1466,0,0,0,0,111,17,0,attack,attack
62,20,48,0,1,0,0,128,6,4506,normal,normal
391,20,377,0,1,0,0,107,6,48412,attack,attack
1514,20,1500,0,1,0,0,63,6,22,normal,normal
774,20,760,0,1,0,0,63,6,22,normal,normal
1434,20,1420,0,1,0,0,52,6,64277,attack,attack
60,20,40,0,1,0,0,128,6,4509,normal,normal
60,20,40,0,1,0,0,128,6,2985,normal,normal
62,20,48,0,0,0,0,128,17,0,attack,attack
60,20,40,0,0,0,0,128,6,2120,attack,attack
1514,20,1500,0,1,0,0,52,6,80,normal,normal
60,20,40,0,1,0,0,128,6,2918,attack,attack
1514,20,1500,0,1,0,0,41,6,80,attack,attack
212,20,198,0,0,0,0,112,17,0,attack,attack
142,20,128,0,0,0,0,111,17,0,attack,attack
1514,20,1500,0,1,0,0,64,6,22,normal,normal
190,20,176,0,1,0,0,64,6,22,normal,normal
1514,20,1500,0,1,0,0,43,6,80,normal,normal
102,20,88,0,1,0,0,64,6,22,normal,normal
60,20,40,0,1,0,0,128,6,2115,attack,attack
60,20,40,0,1,0,0,128,6,51066,normal,normal
60,20,40,0,1,0,0,128,6,2115,attack,attack
60,20,40,0,1,0,0,128,6,4498,normal,normal
266,20,252,0,1,0,0,50,6,80,normal,normal
60,20,40,0,1,0,0,128,6,3036,normal,normal
1434,20,1420,0,1,0,0,241,6,80,normal,normal
60,20,40,0,1,0,0,63,6,22,normal,normal
60,20,40,0,1,0,0,64,6,22,normal,normal
1514,20,1500,0,1,0,0,64,6,22,normal,normal
695,20,681,0,1,0,0,241,6,80,normal,normal
1434,20,1420,0,1,0,0,241,6,80,normal,normal
1514,20,1500,0,1,0,0,47,6,51413,attack,attack
60,20,40,0,1,0,0,64,6,22,normal,normal
146,20,132,0,1,0,0,128,6,1734,normal,normal
1514,20,1500,0,1,0,0,63,6,80,normal,normal
60,20,40,0,1,0,0,64,6,22,attack,attack
60,20,40,0,1,0,0,64,6,22,normal,normal
60,20,40,0,1,0,0,128,6,2401,normal,normal
638,20,624,0,1,0,0,64,6,22,normal,normal
662,20,648,0,0,0,0,108,17,0,attack,attack
1514,20,1500,0,1,0,0,64,6,22,normal,normal
62,20,48,0,0,0,0,128,17,0,attack,attack
60,20,40,0,1,0,0,64,6,22,normal,normal
60,20,40,0,1,0,0,128,6,3019,normal,normal
62,20,48,0,0,0,0,128,17,0,attack,attack
62,20,48,0,1,0,0,128,6,3138,normal,normal
1480,20,1466,0,1,0,0,117,17,0,attack,attack
126,20,112,0,1,0,0,64,6,22,normal,normal
60,20,40,0,1,0,0,128,6,1724,normal,normal
662,20,648,0,0,0,0,111,17,0,attack,attack
212,20,198,0,0,0,0,105,17,0,attack,attack
60,20,40,0,1,0,0,128,6,2354,attack,attack
62,20,48,0,0,0,0,128,17,0,attack,attack
60,20,40,0,1,0,0,128,6,3159,normal,normal
1514,20,1500,0,1,0,0,41,6,80,normal,normal
1480,20,1466,0,0,0,0,107,17,0,attack,attack
100,20,86,0,1,0,0,111,17,0,attack,attack
60,20,40,0,1,0,0,128,6,2354,attack,attack
1514,20,1500,0,1,0,0,41,6,80,attack,attack
418,20,404,0,1,0,0,63,6,22,attack,attack
1514,20,1500,0,1,0,0,43,6,80,normal,normal
1514,20,1500,0,1,0,0,64,6,22,normal,normal
60,20,45,0,1,0,0,63,6,110,attack,attack
1314,20,1300,0,1,0,0,48,6,55123,attack,attack
62,20,48,0,0,0,0,128,17,0,attack,attack
1514,20,1500,0,1,0,0,41,6,80,normal,normal
1514,20,1500,0,1,0,0,64,6,22,normal,attack
1451,20,1437,0,1,0,0,52,6,80,normal,normal
362,20,348,0,0,0,0,45,17,0,attack,attack
60,20,40,0,1,0,0,128,6,4865,attack,attack
66,20,52,0,1,0,0,64,6,34160,attack,attack
62,20,48,0,0,0,0,128,17,0,attack,attack
60,20,40,0,1,0,0,64,6,22,attack,attack
60,20,40,0,1,0,0,41,6,80,attack,attack
126,20,112,0,1,0,0,63,6,22,normal,normal
1514,20,1500,0,1,0,0,63,6,22,normal,normal
92,20,78,0,1,0,0,128,6,4528,normal,normal
94,20,80,0,1,0,0,64,6,22,normal,attack
142,20,128,0,1,0,0,128,6,2486,normal,normal
662,20,648,0,0,0,0,105,17,0,attack,attack
1514,20,1500,0,1,0,0,63,6,22,normal,normal
154,20,140,0,1,0,0,112,6,48544,attack,attack
154,20,140,0,1,0,0,112,6,48544,attack,attack
1514,20,1500,0,1,0,0,64,6,22,normal,normal
1514,20,1500,0,1,0,0,63,6,22,normal,normal
142,20,128,0,1,0,0,128,6,15853,normal,normal
1514,20,1500,0,1,0,0,64,6,22,normal,normal
60,20,40,0,1,0,0,128,6,2400,normal,normal
60,20,40,0,1,0,0,128,6,1721,normal,normal
60,20,40,0,1,0,0,128,6,4495,normal,normal
60,20,40,0,1,0,0,128,6,4488,normal,normal
62,20,48,0,1,0,0,56,6,80,normal,normal
102,20,88,0,1,0,0,64,6,22,normal,normal
60,20,40,0,1,0,0,128,6,4026,normal,normal
1514,20,1500,0,1,0,0,41,6,80,normal,normal
60,20,40,0,1,0,0,128,6,15875,normal,normal
102,20,88,0,1,0,0,64,6,22,attack,attack
110,20,96,0,1,0,0,128,6,4867,attack,attack
418,20,404,0,1,0,0,63,6,22,normal,normal
212,20,198,0,0,0,0,112,17,0,attack,attack
60,20,40,0,1,0,0,128,6,1724,normal,normal
60,20,40,0,1,0,0,128,6,1734,normal,normal
1434,20,1420,0,1,0,0,241,6,80,normal,normal
1514,20,1500,0,1,0,0,64,6,22,attack,attack
60,20,40,0,1,0,0,128,6,2102,attack,attack
362,20,348,0,0,0,0,112,17,0,attack,attack
102,20,88,0,1,0,0,64,6,22,normal,attack
1514,20,1500,0,1,0,0,64,6,22,attack,attack
470,20,456,0,1,0,0,241,6,80,normal,normal
60,20,40,0,1,0,0,63,6,22,normal,normal
60,20,40,0,1,0,0,128,6,2115,attack,attack
1514,20,1500,0,1,0,0,49,6,80,normal,normal
62,20,48,0,0,0,0,128,17,0,attack,attack
62,20,48,0,0,0,0,128,17,0,attack,attack
1480,20,1466,0,0,0,0,107,17,0,attack,attack
1480,20,1466,0,0,0,0,111,17,0,attack,attack
212,20,198,0,0,0,0,112,17,0,attack,attack
1514,20,1500,0,1,0,0,52,6,51413,attack,attack
566,20,552,0,0,0,0,47,6,51413,attack,attack
1434,20,1420,0,1,0,0,241,6,80,normal,normal
135,20,121,0,1,0,0,128,6,4501,normal,normal
60,20,40,0,1,0,0,128,6,2296,attack,attack
212,20,198,0,0,0,0,106,17,0,attack,attack
60,20,45,0,1,0,0,128,6,51723,normal,normal
74,20,60,0,1,0,0,128,6,2110,attack,attack
1514,20,1500,0,1,0,0,54,6,80,normal,normal
662,20,648,0,0,0,0,108,17,0,attack,attack
212,20,198,0,0,0,0,112,17,0,attack,attack
212,20,198,0,0,0,0,112,17,0,attack,attack
1480,20,1466,0,1,0,0,117,17,0,attack,attack
1480,20,1466,0,0,0,0,107,17,0,attack,attack
1484,20,1470,0,0,0,0,55,6,80,normal,normal
60,20,40,0,1,0,0,128,6,2401,normal,normal
62,20,48,0,0,0,0,128,17,0,attack,attack
1514,20,1500,0,1,0,0,63,6,80,normal,normal
60,20,40,0,1,0,0,128,6,3866,attack,attack
60,20,40,0,1,0,0,128,6,2328,attack,attack
60,20,40,0,1,0,0,128,6,1223,normal,normal
60,20,40,0,1,0,0,63,6,22,normal,normal
62,20,48,0,0,0,0,128,17,0,attack,attack
662,20,648,0,0,0,0,108,17,0,attack,attack
62,20,48,0,0,0,0,128,17,0,attack,attack
962,20,948,0,0,0,0,117,17,0,attack,attack
1514,20,1500,0,1,0,0,63,6,22,normal,normal
60,20,40,0,1,0,0,63,6,22,attack,attack
1514,20,1500,0,1,0,0,64,6,22,normal,normal
62,20,48,0,0,0,0,111,17,0,attack,attack
1514,20,1500,0,1,0,0,41,6,80,normal,normal
1514,20,1500,0,1,0,0,64,6,22,normal,normal
1514,20,1500,0,1,0,0,64,6,22,attack,attack
1434,20,1420,0,1,0,0,241,6,80,normal,normal
60,20,40,0,1,0,0,128,6,59000,attack,attack
62,20,48,0,0,0,0,128,17,0,attack,attack
1514,20,1500,0,1,0,0,47,6,80,normal,normal
60,20,40,0,1,0,0,128,6,2401,normal,normal
62,20,48,0,0,0,0,128,17,0,attack,attack
62,20,48,0,0,0,0,128,17,0,attack,attack
60,20,40,0,1,0,0,128,6,4544,normal,normal
1434,20,1420,0,1,0,0,241,6,80,normal,normal
1514,20,1500,0,1,0,0,43,6,80,normal,normal
1480,20,1466,0,0,0,0,110,17,0,attack,attack
60,20,40,0,1,0,0,128,6,16816,normal,normal
62,20,48,0,0,0,0,128,17,0,attack,attack
1514,20,1500,0,1,0,0,63,6,22,normal,normal
212,20,198,0,0,0,0,111,17,0,attack,attack
60,20,40,0,1,0,0,128,6,3019,normal,normal
1514,20,1500,0,1,0,0,64,6,22,normal,normal
212,20,198,0,0,0,0,112,17,0,attack,attack
60,20,40,0,1,0,0,128,6,15871,normal,normal
1514,20,1500,0,1,0,0,63,6,22,normal,normal
1514,20,1500,0,1,0,0,59,6,80,normal,normal
60,20,40,0,1,0,0,41,6,80,attack,attack
62,20,48,0,0,0,0,128,17,0,attack,attack
1514,20,1500,0,1,0,0,63,6,22,normal,attack
662,20,648,0,0,0,0,111,17,0,attack,attack
1514,20,1500,0,1,0,0,63,6,22,normal,normal
1514,20,1500,0,1,0,0,47,6,6969,attack,attack
60,20,40,0,1,0,0,128,6,4502,normal,normal
774,20,760,0,1,0,0,64,6,22,normal,normal
566,20,552,0,0,0,0,47,6,51413,attack,attack
62,20,48,0,1,0,0,64,6,80,normal,normal
62,20,48,0,0,0,0,128,17,0,attack,attack
60,20,40,0,1,0,0,64,6,22,attack,attack
62,20,48,0,0,0,0,128,17,0,attack,attack
212,20,198,0,0,0,0,112,17,0,attack,attack
1514,20,1500,0,1,0,0,63,6,22,attack,attack
1514,20,1500,0,1,0,0,43,6,80,attack,attack
1480,20,1466,0,0,0,0,106,17,0,attack,attack
134,20,120,0,1,0,0,63,6,22,normal,attack
62,20,48,0,0,0,0,128,17,0,attack,attack
1434,20,1420,0,1,0,0,241,6,80,normal,normal
1514,20,1500,0,1,0,0,47,6,6969,attack,attack
1480,20,1466,0,0,0,0,106,17,0,attack,attack
93,20,79,0,1,0,0,64,6,22,attack,attack
60,20,40,0,1,0,0,128,6,1722,normal,normal
126,20,112,0,1,0,0,128,6,2490,normal,normal
1514,20,1500,0,1,0,0,64,6,22,normal,normal
1514,20,1500,0,1,0,0,64,6,22,attack,normal
93,20,79,0,1,0,0,63,6,22,attack,attack
134,20,120,0,1,0,0,52,6,64277,attack,attack
1434,20,1420,0,1,0,0,241,6,80,normal,normal
1514,20,1500,0,1,0,0,64,6,22,attack,attack
1480,20,1466,0,0,0,0,107,17,0,attack,attack
60,20,40,0,0,0,0,128,6,2214,attack,attack
60,20,40,0,1,0,0,63,6,22,attack,attack
157,20,143,0,1,0,0,128,6,1027,attack,attack
1480,20,1466,0,0,0,0,112,17,0,attack,attack
212,20,198,0,1,0,0,111,17,0,attack,attack
1480,20,1466,0,0,0,0,115,17,0,attack,attack
1480,20,1466,0,0,0,0,109,17,0,attack,attack
1506,20,1492,0,1,0,0,45,6,51413,attack,attack
67,20,53,0,0,0,0,112,17,0,attack,attack
62,20,48,0,0,0,0,128,17,0,attack,attack
60,20,40,0,0,0,0,128,6,2109,attack,attack
1480,20,1466,0,1,0,0,118,17,0,attack,attack
143,20,129,0,0,0,0,64,17,0,normal,normal
1514,20,1500,0,1,0,0,64,6,22,normal,normal
212,20,198,0,0,0,0,112,17,0,attack,attack
838,20,824,0,1,0,0,64,6,22,attack,attack
1514,20,1500,0,1,0,0,63,6,22,normal,normal
60,20,40,0,1,0,0,128,6,2672,normal,normal
1514,20,1500,0,1,0,0,63,6,22,normal,normal
134,20,120,0,1,0,0,63,6,22,normal,normal
60,20,40,0,1,0,0,128,6,4186,normal,normal
62,20,48,0,0,0,0,128,17,0,attack,attack
60,20,40,0,1,0,0,241,6,80,normal,normal
861,20,847,0,0,0,0,111,17,0,attack,attack
1502,20,1488,0,1,0,0,50,6,80,normal,normal
1480,20,1466,0,0,0,0,108,17,0,attack,attack
66,20,52,0,1,0,0,128,6,2115,attack,attack
62,20,48,0,0,0,0,128,17,0,attack,attack
142,20,128,0,1,0,0,64,6,22,normal,normal
1514,20,1500,0,1,0,0,63,6,22,normal,normal
861,20,847,0,0,0,0,106,17,0,attack,attack
66,20,52,0,1,0,0,128,6,2090,attack,attack
212,20,198,0,0,0,0,112,17,0,attack,attack
1514,20,1500,0,1,0,0,63,6,22,normal,normal
60,20,40,0,1,0,0,41,6,80,normal,attack
1187,20,1173,0,1,0,0,56,6,80,normal,normal
418,20,404,0,1,0,0,63,6,22,normal,normal
60,20,40,0,1,0,0,55,6,80,normal,normal
126,20,112,0,1,0,0,128,6,4495,normal,normal
1514,20,1500,0,1,0,0,52,6,80,normal,normal
60,20,40,0,1,0,0,63,6,22,normal,normal
498,20,484,0,1,0,0,241,6,80,normal,normal
60,20,40,0,1,0,0,128,6,4869,normal,attack
60,20,40,0,1,0,0,128,6,2985,normal,normal
1514,20,1500,0,1,0,0,64,6,22,normal,normal
142,20,128,0,1,0,0,128,6,4497,normal,normal
60,20,40,0,1,0,0,128,6,4499,normal,normal
60,20,40,0,1,0,0,128,6,4875,attack,attack
60,20,40,0,1,0,0,128,6,2115,attack,attack
60,20,40,0,1,0,0,128,6,2114,attack,attack
60,20,40,0,1,0,0,128,6,2928,attack,attack
62,20,48,0,0,0,0,128,17,0,attack,attack
436,20,422,0,1,0,0,53,6,80,normal,normal
62,20,48,0,0,0,0,128,17,0,attack,attack
1514,20,1500,0,1,0,0,63,6,22,normal,normal
88,20,74,0,0,0,0,128,17,0,normal,normal
86,20,72,0,1,0,0,255,17,0,normal,normal
212,20,198,0,0,0,0,107,17,0,attack,attack
60,20,40,0,1,0,0,128,6,3816,normal,normal
1434,20,1420,0,1,0,0,241,6,80,normal,normal
1514,20,1500,0,1,0,0,63,6,22,normal,normal
92,20,78,0,0,0,0,128,17,0,attack,attack
1514,20,1500,0,1,0,0,41,6,80,attack,attack
1514,20,1500,0,1,0,0,64,6,22,normal,normal
62,20,48,0,0,0,0,128,17,0,attack,attack
1514,20,1500,0,1,0,0,64,6,22,normal,normal
1514,20,1500,0,1,0,0,41,6,80,normal,normal
1514,20,1500,0,1,0,0,64,6,22,normal,normal
62,20,48,0,0,0,0,128,17,0,attack,attack
1514,20,1500,0,1,0,0,63,6,22,normal,normal
397,20,383,0,1,0,0,128,6,51075,normal,normal
70,20,56,0,1,0,0,128,6,15853,normal,normal
1434,20,1420,0,1,0,0,241,6,80,normal,normal
62,20,48,0,0,0,0,128,17,0,attack,attack
1514,20,1500,0,1,0,0,63,6,22,normal,normal
60,20,40,0,1,0,0,128,6,3019,normal,normal
144,20,130,0,1,0,0,48,6,80,normal,normal
1494,20,1480,0,1,0,0,109,6,22,attack,attack
89,20,75,0,1,0,0,128,6,2296,attack,attack
1514,20,1500,0,1,0,0,41,6,80,normal,normal
60,20,40,0,1,0,0,128,6,1738,normal,normal
1514,20,1500,0,1,0,0,41,6,80,normal,normal
60,20,40,0,1,0,0,128,6,51063,normal,normal
60,20,40,0,1,0,0,56,6,80,normal,normal
60,20,40,0,1,0,0,128,6,4499,normal,normal
1514,20,1500,0,1,0,0,41,6,80,normal,normal
60,20,40,0,1,0,0,241,6,80,normal,normal
1434,20,1420,0,1,0,0,240,6,80,normal,normal
566,20,552,0,0,0,0,47,6,51413,attack,attack
1514,20,1500,0,1,0,0,41,6,80,normal,normal
774,20,760,0,1,0,0,64,6,22,attack,attack
62,20,48,0,0,0,0,128,17,0,attack,attack
1494,20,1480,0,1,0,0,109,6,22,attack,attack
1514,20,1500,0,1,0,0,41,6,80,normal,normal
62,20,48,0,0,0,0,128,17,0,attack,attack
60,20,40,0,1,0,0,128,6,15837,normal,normal
206,20,192,0,1,0,0,128,6,4180,normal,normal
1480,20,1466,0,0,0,0,107,17,0,attack,attack
71,20,57,0,1,0,0,63,6,143,normal,normal
60,20,40,0,1,0,0,128,6,3148,normal,normal
60,20,40,0,1,0,0,128,6,2115,attack,attack
362,20,348,0,0,0,0,110,17,0,attack,attack
126,20,112,0,1,0,0,128,6,4014,normal,normal
62,20,48,0,0,0,0,128,17,0,attack,attack
1514,20,1500,0,1,0,0,64,6,22,normal,normal
60,20,40,0,1,0,0,64,6,22,attack,attack
154,20,140,0,1,0,0,112,6,48544,attack,attack
1514,20,1500,0,1,0,0,63,6,22,normal,normal
126,20,112,0,1,0,0,128,6,15844,normal,normal
590,20,576,0,0,0,0,113,6,6880,attack,attack
60,20,40,0,1,0,0,128,6,1722,normal,normal
1514,20,1500,0,1,0,0,64,6,22,normal,normal
662,20,648,0,0,0,0,108,17,0,attack,attack
1514,20,1500,0,1,0,0,63,6,22,normal,normal
110,20,96,0,1,0,0,63,6,22,normal,normal
62,20,48,0,0,0,0,128,17,0,attack,attack
1434,20,1420,0,1,0,0,241,6,80,normal,normal
114,20,100,0,1,0,0,128,6,3818,normal,normal
60,20,40,0,1,0,0,128,6,4978,attack,attack
60,20,40,0,1,0,0,128,6,4502,normal,normal
60,20,46,0,1,0,0,128,6,4890,normal,normal
60,20,40,0,1,0,0,128,6,1027,attack,attack
60,20,40,0,1,0,0,128,6,1698,normal,normal
130,20,116,0,1,0,0,128,6,3066,normal,normal
60,20,40,0,1,0,0,128,6,2328,attack,attack
1514,20,1500,0,1,0,0,63,6,22,attack,attack
62,20,48,0,0,0,0,128,17,0,attack,attack
60,20,40,0,1,0,0,128,6,2296,attack,attack
212,20,198,0,0,0,0,112,17,0,attack,attack
1514,20,1500,0,1,0,0,64,6,22,normal,normal
62,20,48,0,0,0,0,128,17,0,attack,attack
1092,20,1078,0,1,0,0,63,6,80,normal,normal
1514,20,1500,0,1,0,0,63,6,22,normal,normal
62,20,48,0,0,0,0,128,17,0,attack,attack
1514,20,1500,0,1,0,0,47,6,80,normal,normal
362,20,348,0,0,0,0,45,17,0,attack,attack
1262,20,1248,0,0,0,0,110,17,0,attack,attack
1434,20,1420,0,1,0,0,241,6,80,normal,normal
60,20,40,0,1,0,0,128,6,51063,normal,normal
1480,20,1466,0,0,0,0,115,17,0,attack,attack
110,20,96,0,1,0,0,63,6,22,attack,attack
78,20,64,0,1,0,0,53,6,80,normal,normal
1480,20,1466,0,0,0,0,111,17,0,attack,attack
1484,20,1470,0,0,0,0,55,6,80,normal,normal
60,20,40,0,1,0,0,128,6,1727,normal,normal
60,20,40,0,1,0,0,128,6,3019,normal,normal
60,20,40,0,1,0,0,56,6,80,normal,normal
1514,20,1500,0,1,0,0,64,6,22,attack,attack
60,20,40,0,1,0,0,128,6,4523,normal,normal
60,20,40,0,1,0,0,128,6,4869,normal,attack
60,20,40,0,1,0,0,63,6,22,normal,normal
60,20,40,0,0,0,0,128,6,2141,attack,attack
662,20,648,0,0,0,0,108,17,0,attack,attack
774,20,760,0,1,0,0,63,6,22,normal,normal
1434,20,1420,0,1,0,0,241,6,80,normal,normal
141,20,127,0,1,0,0,128,6,4488,normal,normal
1434,20,1420,0,1,0,0,241,6,80,normal,normal
88,20,74,0,0,0,0,128,17,0,attack,attack
60,20,40,0,1,0,0,128,6,4542,normal,normal
1514,20,1500,0,1,0,0,107,6,48412,attack,attack
60,20,40,0,1,0,0,64,6,22,normal,normal
126,20,112,0,1,0,0,64,6,22,normal,attack
60,20,40,0,1,0,0,128,6,1745,normal,normal
60,20,40,0,0,0,0,128,6,2141,attack,attack
212,20,198,0,0,0,0,112,17,0,attack,attack
1514,20,1500,0,1,0,0,64,6,22,normal,normal
1514,20,1500,0,1,0,0,64,6,22,normal,attack
1514,20,1500,0,1,0,0,63,6,22,normal,attack
60,20,40,0,1,0,0,128,6,2985,normal,normal
662,20,648,0,0,0,0,108,17,0,attack,attack
1480,20,1466,0,0,0,0,109,17,0,attack,attack
1514,20,1500,0,1,0,0,63,6,22,normal,normal
1434,20,1420,0,1,0,0,241,6,80,normal,normal
1514,20,1500,0,1,0,0,41,6,80,normal,normal
1480,20,1466,0,1,0,0,110,17,0,attack,attack
212,20,198,0,0,0,0,112,17,0,attack,attack
60,20,40,0,1,0,0,128,6,2114,attack,attack
60,20,40,0,1,0,0,64,6,22,normal,normal
1432,20,1418,0,1,0,0,56,6,80,normal,normal
62,20,48,0,0,0,0,128,17,0,attack,attack
1514,20,1500,0,1,0,0,64,6,22,attack,attack
1514,20,1500,0,1,0,0,63,6,22,normal,normal
1514,20,1500,0,1,0,0,64,6,22,normal,normal
60,20,40,0,1,0,0,128,6,4869,attack,attack
60,20,40,0,1,0,0,128,6,1028,attack,attack
60,20,40,0,1,0,0,64,6,22,normal,normal
650,20,636,0,1,0,0,128,6,51072,normal,normal
391,20,377,0,1,0,0,107,6,48412,attack,attack
71,20,57,0,0,0,0,128,6,2109,attack,attack
1514,20,1500,0,1,0,0,64,6,22,normal,normal
62,20,48,0,0,0,0,128,17,0,attack,attack
62,20,48,0,0,0,0,128,17,0,attack,attack
212,20,198,0,0,0,0,112,17,0,attack,attack
60,20,40,0,1,0,0,128,6,58992,attack,attack
62,20,48,0,0,0,0,128,17,0,attack,attack
1480,20,1466,0,0,0,0,113,17,0,attack,attack
60,20,40,0,1,0,0,128,6,4493,normal,normal
110,20,96,0,1,0,0,64,6,22,normal,normal
60,20,40,0,1,0,0,63,6,22,normal,normal
662,20,648,0,0,0,0,111,17,0,attack,attack
60,20,40,0,1,0,0,128,6,3080,normal,normal
1514,20,1500,0,1,0,0,45,6,80,normal,normal
60,20,40,0,1,0,0,56,6,80,normal,normal
74,20,60,0,1,0,0,64,6,110,normal,normal
102,20,88,0,1,0,0,63,6,22,attack,attack
212,20,198,0,0,0,0,112,17,0,attack,attack
60,20,40,0,1,0,0,128,6,2115,attack,attack
1514,20,1500,0,1,0,0,64,6,22,normal,normal
102,20,88,0,1,0,0,64,6,22,normal,normal
78,20,64,0,0,0,0,242,6,80,normal,normal
1494,20,1480,0,1,0,0,109,6,22,attack,attack
1514,20,1500,0,1,0,0,64,6,22,attack,attack
62,20,48,0,0,0,0,128,17,0,attack,attack
1514,20,1500,0,1,0,0,52,6,80,normal,normal
1514,20,1500,0,1,0,0,64,6,22,attack,attack
126,20,112,0,1,0,0,63,6,22,normal,normal
62,20,48,0,1,0,0,112,6,35691,attack,attack
1514,20,1500,0,1,0,0,43,6,80,normal,normal
1514,20,1500,0,1,0,0,63,6,22,normal,normal
1514,20,1500,0,1,0,0,63,6,22,normal,normal
62,20,48,0,0,0,0,128,17,0,attack,attack
60,20,40,0,1,0,0,128,6,3869,normal,attack
66,20,52,0,1,0,0,55,6,80,normal,normal
62,20,48,0,0,0,0,128,17,0,attack,attack
212,20,198,0,0,0,0,105,17,0,attack,attack
1314,20,1300,0,1,0,0,48,6,55123,attack,attack
60,20,40,0,0,0,0,46,6,80,normal,normal
60,20,40,0,1,0,0,63,6,22,normal,normal
1514,20,1500,0,1,0,0,64,6,22,normal,normal
110,20,96,0,1,0,0,64,6,22,normal,normal
1514,20,1500,0,1,0,0,41,6,80,normal,normal
60,20,40,0,1,0,0,128,6,1229,normal,normal
662,20,648,0,0,0,0,108,17,0,attack,attack
134,20,120,0,1,0,0,64,6,22,normal,normal
1480,20,1466,0,0,0,0,107,17,0,attack,attack
62,20,48,0,0,0,0,128,17,0,attack,attack
60,20,40,0,1,0,0,128,6,2328,normal,attack
60,20,40,0,1,0,0,128,6,2090,attack,attack
1480,20,1466,0,0,0,0,105,17,0,attack,attack
126,20,112,0,1,0,0,128,6,2106,attack,attack
60,20,40,0,1,0,0,128,6,4501,normal,normal
1314,20,1300,0,1,0,0,48,6,55123,attack,attack
838,20,824,0,1,0,0,64,6,22,normal,normal
1514,20,1500,0,1,0,0,52,6,80,normal,normal
60,20,40,0,1,0,0,128,6,2985,normal,normal
80,20,66,0,1,0,0,128,6,2114,attack,attack
62,20,48,0,1,0,0,128,6,3158,normal,normal
62,20,48,0,0,0,0,128,17,0,attack,attack
1514,20,1500,0,1,0,0,64,6,22,normal,normal
150,20,136,0,1,0,0,128,6,1720,normal,normal
60,20,40,0,1,0,0,128,6,4023,normal,normal
60,20,40,0,1,0,0,128,6,1729,normal,normal
60,20,40,0,1,0,0,56,6,80,normal,normal
566,20,552,0,0,0,0,47,6,51413,attack,attack
118,20,104,0,1,0,0,63,6,22,normal,normal
60,20,40,0,1,0,0,128,6,59000,attack,attack
566,20,552,0,0,0,0,47,6,51413,attack,attack
362,20,348,0,0,0,0,105,17,0,attack,attack
62,20,48,0,0,0,0,128,17,0,attack,attack
62,20,48,0,0,0,0,128,17,0,attack,attack
1514,20,1500,0,1,0,0,63,6,22,attack,attack
60,20,40,0,1,0,0,128,6,4869,attack,attack
1514,20,1500,0,1,0,0,41,6,80,normal,normal
1514,20,1500,0,1,0,0,107,6,48412,attack,attack
71,20,57,0,1,0,0,109,6,26076,attack,attack
60,20,40,0,1,0,0,128,6,4875,attack,attack
1514,20,1500,0,1,0,0,52,6,80,normal,normal
60,20,40,0,1,0,0,64,6,22,normal,normal
62,20,48,0,0,0,0,128,17,0,attack,attack
662,20,648,0,0,0,0,108,17,0,attack,attack
110,20,96,0,1,0,0,64,6,22,normal,normal
608,20,594,0,1,0,0,241,6,80,normal,normal
1514,20,1500,0,1,0,0,45,6,80,normal,normal
442,20,428,0,0,0,0,108,6,51884,attack,attack
60,20,40,0,1,0,0,128,6,4869,normal,attack
1514,20,1500,0,1,0,0,63,6,22,normal,normal
60,20,40,0,1,0,0,128,6,1737,normal,normal
62,20,48,0,0,0,0,128,17,0,attack,attack
60,20,40,0,1,0,0,52,6,64277,attack,attack
212,20,198,0,0,0,0,112,17,0,attack,attack
60,20,40,0,1,0,0,128,6,4010,normal,normal
1514,20,1500,0,1,0,0,52,6,80,normal,normal
1514,20,1500,0,1,0,0,64,6,80,normal,normal
1506,20,1492,0,1,0,0,112,6,35691,attack,attack
1506,20,1492,0,1,0,0,109,6,26076,attack,attack
1514,20,1500,0,1,0,0,63,6,22,normal,normal
60,20,40,0,1,0,0,128,6,2396,normal,normal
60,20,40,0,1,0,0,128,6,3019,normal,normal
1480,20,1466,0,0,0,0,111,17,0,attack,attack
212,20,198,0,0,0,0,105,17,0,attack,attack
60,20,40,0,1,0,0,128,6,4523,normal,normal
1262,20,1248,0,0,0,0,109,17,0,attack,attack
62,20,48,0,0,0,0,128,17,0,attack,attack
1514,20,1500,0,1,0,0,41,6,80,normal,normal
1514,20,1500,0,1,0,0,63,6,22,normal,normal
638,20,624,0,1,0,0,64,6,22,attack,attack
60,20,40,0,1,0,0,128,6,2296,attack,attack
102,20,88,0,1,0,0,64,6,22,normal,normal
70,20,56,0,1,0,0,128,6,3167,normal,normal
1514,20,1500,0,1,0,0,64,6,22,normal,normal
68,20,54,0,0,0,0,128,17,0,attack,attack
1514,20,1500,0,1,0,0,63,6,22,normal,normal
1514,20,1500,0,1,0,0,43,6,80,normal,normal
1514,20,1500,0,1,0,0,41,6,80,normal,normal
418,20,404,0,1,0,0,63,6,22,normal,normal
62,20,48,0,0,0,0,128,17,0,attack,attack
62,20,48,0,1,0,0,128,6,1040,attack,attack
60,20,40,0,1,0,0,241,6,80,normal,normal
1434,20,1420,0,1,0,0,102,6,80,attack,attack
212,20,198,0,0,0,0,112,17,0,attack,attack
212,20,198,0,0,0,0,112,17,0,attack,attack
62,20,48,0,0,0,0,128,17,0,attack,attack
1514,20,1500,0,1,0,0,64,6,22,normal,normal
212,20,198,0,0,0,0,112,17,0,attack,attack
60,20,40,0,1,0,0,64,6,22,normal,normal
1514,20,1500,0,1,0,0,63,6,22,normal,normal
1514,20,1500,0,1,0,0,41,6,80,normal,normal
212,20,198,0,0,0,0,112,17,0,attack,attack
60,20,40,0,1,0,0,128,6,1093,attack,attack
60,20,40,0,1,0,0,128,6,1724,normal,normal
1314,20,1300,0,1,0,0,48,6,55123,attack,attack
1434,20,1420,0,1,0,0,102,6,80,attack,attack
838,20,824,0,1,0,0,63,6,22,normal,normal
110,20,96,0,1,0,0,63,6,22,normal,normal
60,20,40,0,1,0,0,128,6,3166,normal,normal
134,20,120,0,1,0,0,63,6,22,normal,normal
62,20,48,0,0,0,0,128,17,0,attack,attack
1434,20,1420,0,1,0,0,50,6,80,normal,normal
60,20,40,0,1,0,0,128,6,4788,normal,attack
1514,20,1500,0,1,0,0,64,6,22,normal,normal
1434,20,1420,0,1,0,0,48,6,80,normal,normal
566,20,552,0,0,0,0,47,6,51413,attack,attack
212,20,198,0,0,0,0,108,17,0,attack,attack
1514,20,1500,0,1,0,0,106,6,27571,attack,attack
60,20,40,0,1,0,0,128,6,4488,normal,normal
62,20,48,0,0,0,0,128,17,0,attack,attack
62,20,48,0,1,0,0,56,6,80,normal,normal
1314,20,1300,0,1,0,0,48,6,55123,attack,attack
774,20,760,0,1,0,0,64,6,22,normal,normal
62,20,48,0,0,0,0,128,17,0,attack,attack
212,20,198,0,0,0,0,112,17,0,attack,attack
88,20,74,0,0,0,0,128,17,0,attack,attack
1514,20,1500,0,1,0,0,63,6,22,attack,attack
838,20,824,0,1,0,0,63,6,22,normal,normal
1514,20,1500,0,1,0,0,63,6,22,normal,normal
60,20,40,0,1,0,0,128,6,4493,normal,normal
1078,20,1064,0,1,0,0,47,6,51413,attack,attack
60,20,40,0,1,0,0,128,6,1724,normal,normal
60,20,40,0,1,0,0,241,6,80,normal,normal
92,20,78,0,1,0,0,128,6,4533,normal,normal
650,20,636,0,1,0,0,128,6,51092,normal,normal
838,20,824,0,1,0,0,63,6,22,attack,attack
362,20,348,0,0,0,0,45,17,0,attack,attack
1480,20,1466,0,1,0,0,111,17,0,attack,attack
1514,20,1500,0,1,0,0,63,6,22,attack,normal
60,20,40,0,1,0,0,64,6,22,attack,attack
1514,20,1500,0,1,0,0,52,6,80,normal,normal
92,20,78,0,0,0,0,64,17,0,normal,normal
62,20,48,0,1,0,0,109,6,26076,attack,attack
1514,20,1500,0,1,0,0,64,6,22,normal,normal
212,20,198,0,0,0,0,112,17,0,attack,attack
1262,20,1248,0,0,0,0,110,17,0,attack,attack
212,20,198,0,0,0,0,106,17,0,attack,attack
62,20,48,0,0,0,0,128,17,0,attack,attack
1434,20,1420,0,1,0,0,102,6,80,attack,attack
60,20,40,0,1,0,0,128,6,3816,normal,normal
1514,20,1500,0,1,0,0,63,6,22,normal,attack
86,20,72,0,1,0,0,64,6,22,normal,normal
60,20,40,0,1,0,0,128,6,4521,normal,normal
133,20,119,0,1,0,0,128,6,4025,normal,normal
1514,20,1500,0,1,0,0,49,6,80,normal,normal
1514,20,1500,0,1,0,0,63,6,22,attack,attack
190,20,176,0,1,0,0,64,6,22,normal,normal
60,20,40,0,1,0,0,128,6,4875,attack,attack
1514,20,1500,0,1,0,0,64,6,22,attack,normal
60,20,40,0,1,0,0,128,6,2985,normal,normal
60,20,40,0,1,0,0,128,6,2984,normal,normal
62,20,48,0,0,0,0,128,17,0,attack,attack
195,20,181,0,0,0,0,64,17,0,normal,normal
94,20,80,0,1,0,0,63,6,22,normal,normal
60,20,40,0,1,0,0,64,6,22,normal,attack
1514,20,1500,0,1,0,0,63,6,22,normal,normal
212,20,198,0,1,0,0,111,17,0,attack,attack
838,20,824,0,1,0,0,63,6,22,attack,attack
1514,20,1500,0,1,0,0,63,6,22,normal,normal
1514,20,1500,0,1,0,0,64,6,22,attack,attack
66,20,52,0,1,0,0,57,6,53822,normal,normal
228,20,214,0,0,0,0,58,17,0,normal,normal
60,20,40,0,1,0,0,63,6,22,normal,normal
60,20,40,0,1,0,0,128,6,2115,attack,attack
60,20,40,0,1,0,0,128,6,3816,normal,normal
212,20,198,0,0,0,0,105,17,0,attack,attack
60,20,40,0,1,0,0,128,6,4869,normal,attack
1514,20,1500,0,1,0,0,63,6,22,normal,attack
362,20,348,0,0,0,0,108,17,0,attack,attack
60,20,40,0,1,0,0,128,6,1089,attack,attack
60,20,40,0,1,0,0,64,6,22,normal,normal
212,20,198,0,0,0,0,112,17,0,attack,attack
62,20,48,0,0,0,0,128,17,0,attack,attack
60,20,40,0,1,0,0,128,6,15852,normal,normal
1514,20,1500,0,1,0,0,41,6,80,normal,normal
838,20,824,0,1,0,0,64,6,22,normal,normal
884,20,870,0,1,0,0,52,6,80,normal,normal
60,20,40,0,1,0,0,128,6,2090,attack,attack
212,20,198,0,0,0,0,45,17,0,attack,attack
86,20,72,0,1,0,0,64,6,22,normal,normal
1514,20,1500,0,1,0,0,63,6,22,normal,normal
83,20,69,0,0,0,0,108,17,0,attack,attack
206,20,192,0,1,0,0,128,6,3939,normal,normal
60,20,40,0,1,0,0,128,6,1724,normal,normal
110,20,96,0,1,0,0,128,6,58992,attack,attack
212,20,198,0,0,0,0,105,17,0,attack,attack
1514,20,1500,0,1,0,0,52,6,80,normal,normal
1514,20,1500,0,1,0,0,41,6,80,attack,attack
130,20,116,0,1,0,0,128,6,3030,normal,normal
60,20,40,0,1,0,0,128,6,2985,normal,normal
1514,20,1500,0,1,0,0,64,6,22,normal,normal
60,20,40,0,1,0,0,128,6,3019,normal,normal
1514,20,1500,0,1,0,0,63,6,22,attack,attack
60,20,40,0,1,0,0,64,6,22,normal,normal
1514,20,1500,0,1,0,0,63,6,22,normal,normal
60,0,0,0,0,0,0,0,0,0,attack,attack
60,20,40,0,1,0,0,128,6,4501,normal,normal
1514,20,1500,0,1,0,0,63,6,22,normal,normal
1484,20,1470,0,0,0,0,55,6,80,normal,normal
1514,20,1500,0,1,0,0,54,6,80,normal,normal
566,20,552,0,0,0,0,47,6,51413,attack,attack
1514,20,1500,0,1,0,0,64,6,22,normal,normal
1262,20,1248,0,0,0,0,108,17,0,attack,attack
566,20,552,0,0,0,0,47,6,51413,attack,attack
362,20,348,0,0,0,0,108,17,0,attack,attack
1434,20,1420,0,1,0,0,52,6,64277,attack,attack
68,20,54,0,0,0,0,128,17,0,attack,attack
1514,20,1500,0,1,0,0,63,6,22,normal,attack
1506,20,1492,0,1,0,0,112,6,35691,attack,attack
294,20,280,0,1,0,0,128,6,2482,normal,normal
60,20,46,0,1,0,0,128,6,16820,normal,normal
418,20,404,0,1,0,0,64,6,22,attack,attack
102,20,88,0,1,0,0,128,6,4891,normal,normal
212,20,198,0,0,0,0,106,17,0,attack,attack
60,20,40,0,1,0,0,128,6,4550,normal,normal
106,20,92,0,0,0,0,128,17,0,attack,attack
60,20,40,0,1,0,0,128,6,2114,attack,attack
60,20,40,0,1,0,0,128,6,3866,normal,attack
1434,20,1420,0,1,0,0,102,6,80,attack,attack
62,20,48,0,0,0,0,128,17,0,attack,attack
60,20,40,0,1,0,0,128,6,2328,attack,attack
1262,20,1248,0,0,0,0,110,17,0,attack,attack
551,20,537,0,1,0,0,52,6,64277,attack,attack
102,20,88,0,1,0,0,64,6,22,normal,normal
62,20,48,0,0,0,0,128,17,0,attack,attack
1514,20,1500,0,1,0,0,45,6,80,normal,normal
1514,20,1500,0,1,0,0,41,6,80,normal,normal
662,20,648,0,0,0,0,108,17,0,attack,attack
1514,20,1500,0,1,0,0,64,6,22,normal,normal
1434,20,1420,0,1,0,0,52,6,64277,attack,attack
1434,20,1420,0,1,0,0,241,6,80,normal,normal
838,20,824,0,1,0,0,64,6,22,normal,normal
1228,20,1214,0,1,0,0,102,6,80,attack,attack
362,20,348,0,0,0,0,45,17,0,attack,attack
60,20,40,0,1,0,0,128,6,2985,normal,normal
1514,20,1500,0,1,0,0,63,6,22,normal,attack
83,20,69,0,0,0,0,64,17,0,normal,normal
60,20,40,0,1,0,0,128,6,15852,normal,normal
62,20,48,0,1,0,0,64,6,80,normal,normal
60,20,40,0,1,0,0,45,6,51413,attack,attack
362,20,348,0,0,0,0,111,17,0,attack,attack
1414,20,1400,0,1,0,0,112,6,48544,attack,attack
70,20,56,0,1,0,0,128,6,2482,normal,normal
212,20,198,0,0,0,0,112,17,0,attack,attack
1514,20,1500,0,1,0,0,63,6,22,normal,normal
1514,20,1500,0,1,0,0,64,6,22,attack,attack
92,20,78,0,1,0,0,128,6,1718,normal,normal
60,20,40,0,1,0,0,128,6,2115,attack,attack
418,20,404,0,1,0,0,64,6,22,attack,attack
86,20,72,0,1,0,0,64,6,22,normal,normal
60,20,40,0,1,0,0,128,6,2985,normal,normal
62,20,48,0,0,0,0,111,17,0,attack,attack
88,20,74,0,0,0,0,128,17,0,attack,attack
1494,20,1480,0,1,0,0,109,6,22,attack,attack
60,20,40,0,1,0,0,128,6,1729,normal,normal
60,20,40,0,1,0,0,63,6,22,attack,attack
60,20,40,0,1,0,0,64,6,22,attack,attack
1514,20,1500,0,1,0,0,63,6,22,normal,normal
60,20,40,0,1,0,0,128,6,3171,normal,normal
60,20,40,0,1,0,0,128,6,3822,normal,normal
60,20,40,0,1,0,0,128,6,2131,attack,attack
102,20,88,0,1,0,0,63,6,22,normal,normal
1480,20,1466,0,0,0,0,117,17,0,attack,attack
774,20,760,0,1,0,0,63,6,22,normal,normal
60,20,40,0,1,0,0,128,6,2115,attack,attack
212,20,198,0,0,0,0,112,17,0,attack,attack
60,20,40,0,1,0,0,128,6,2985,normal,normal
60,20,40,0,0,0,0,128,6,2141,attack,attack
1434,20,1420,0,1,0,0,241,6,80,normal,normal
1494,20,1480,0,1,0,0,109,6,22,attack,attack
212,20,198,0,0,0,0,112,17,0,attack,attack
1514,20,1500,0,1,0,0,64,6,22,normal,attack
62,20,48,0,0,0,0,128,17,0,attack,attack
1490,20,1476,0,1,0,0,64,6,22,normal,normal
1514,20,1500,0,1,0,0,63,6,22,attack,attack
60,20,40,0,1,0,0,128,6,2401,normal,normal
60,20,40,0,1,0,0,128,6,3160,normal,normal
62,20,48,0,1,0,0,128,6,139,normal,normal
60,20,40,0,1,0,0,64,6,22,normal,normal
1506,20,1492,0,1,0,0,45,6,51413,attack,attack
1514,20,1500,0,1,0,0,64,6,22,normal,normal
60,20,40,0,1,0,0,128,6,4022,normal,normal
206,20,192,0,1,0,0,128,6,58999,attack,attack
362,20,348,0,0,0,0,111,17,0,attack,attack
145,20,131,0,1,0,0,128,6,4951,attack,attack
590,20,576,0,0,0,0,113,6,6880,attack,attack
1434,20,1420,0,1,0,0,241,6,80,normal,normal
62,20,48,0,0,0,0,128,17,0,attack,attack
1514,20,1500,0,1,0,0,64,6,80,normal,normal
142,20,128,0,1,0,0,128,6,2395,normal,normal
60,20,40,0,1,0,0,128,6,2984,normal,normal
566,20,552,0,0,0,0,47,6,51413,attack,attack
1506,20,1492,0,1,0,0,112,6,35691,attack,attack
60,20,40,0,1,0,0,128,6,4486,normal,normal
1514,20,1500,0,1,0,0,106,6,27571,attack,attack
212,20,198,0,0,0,0,112,17,0,attack,attack
1480,20,1466,0,1,0,0,111,17,0,attack,attack
1514,20,1500,0,1,0,0,52,6,51413,attack,attack
102,20,88,0,1,0,0,64,6,22,normal,normal
140,20,126,0,1,0,0,128,6,1033,attack,attack
1480,20,1466,0,1,0,0,110,17,0,attack,attack
1514,20,1500,0,1,0,0,63,6,22,normal,normal
110,20,96,0,1,0,0,128,6,15842,normal,normal
1514,20,1500,0,1,0,0,64,6,22,normal,normal
60,20,40,0,0,0,0,128,6,2109,attack,attack
1434,20,1420,0,1,0,0,52,6,64277,attack,attack
62,20,48,0,1,0,0,128,6,3077,normal,normal
86,20,72,0,1,0,0,63,6,22,attack,attack
212,20,198,0,0,0,0,112,17,0,attack,attack
1434,20,1420,0,1,0,0,241,6,80,normal,normal
1434,20,1420,0,1,0,0,52,6,64277,attack,attack
126,20,112,0,1,0,0,128,6,2924,normal,attack
62,20,48,0,1,0,0,128,6,4553,normal,normal
60,20,40,0,0,0,0,128,6,2214,attack,attack
77,20,63,0,0,0,0,128,17,0,normal,normal
118,20,104,0,1,0,0,64,6,22,attack,attack
62,20,48,0,0,0,0,128,17,0,attack,attack
1514,20,1500,0,1,0,0,47,6,51413,attack,attack
60,20,40,0,1,0,0,128,6,3019,normal,normal
60,20,40,0,1,0,0,128,6,2131,attack,attack
1480,20,1466,0,0,0,0,108,17,0,attack,attack
1514,20,1500,0,1,0,0,63,6,80,normal,normal
1514,20,1500,0,1,0,0,64,6,22,normal,normal
1514,20,1500,0,1,0,0,63,6,22,normal,normal
60,20,40,0,1,0,0,63,6,22,normal,normal
134,20,120,0,1,0,0,52,6,64277,attack,attack
60,20,40,0,1,0,0,128,6,4541,normal,normal
118,20,104,0,1,0,0,63,6,22,attack,attack
60,20,40,0,1,0,0,128,6,3034,normal,normal
102,20,88,0,1,0,0,63,6,22,normal,normal
1514,20,1500,0,1,0,0,64,6,22,normal,normal
171,20,157,0,0,0,0,58,17,0,normal,normal
1514,20,1500,0,1,0,0,64,6,22,normal,normal
1434,20,1420,0,1,0,0,241,6,80,normal,normal
1514,20,1500,0,1,0,0,43,6,80,normal,normal
60,20,40,0,1,0,0,56,6,80,normal,normal
1514,20,1500,0,1,0,0,64,6,22,normal,normal
212,20,198,0,0,0,0,112,17,0,attack,attack
774,20,760,0,1,0,0,63,6,22,attack,attack
1514,20,1500,0,1,0,0,64,6,22,attack,attack
60,20,40,0,0,0,0,128,6,2214,attack,attack
126,20,112,0,1,0,0,128,6,2488,normal,normal
450,20,436,0,1,0,0,241,6,80,normal,normal
102,20,88,0,1,0,0,63,6,22,normal,normal
62,20,48,0,0,0,0,128,17,0,attack,attack
60,20,40,0,1,0,0,63,6,22,normal,normal
1434,20,1420,0,1,0,0,241,6,80,normal,normal
60,20,40,0,1,0,0,128,6,2296,attack,attack
118,20,104,0,1,0,0,63,6,22,normal,attack
62,20,48,0,1,0,0,128,6,3150,normal,normal
566,20,552,0,0,0,0,47,6,51413,attack,attack
62,20,48,0,0,0,0,128,17,0,attack,attack
86,20,72,0,1,0,0,64,6,22,normal,normal
60,20,40,0,1,0,0,128,6,4869,normal,attack
1514,20,1500,0,1,0,0,63,6,22,normal,normal
110,20,96,0,1,0,0,128,6,58997,attack,attack
118,20,104,0,1,0,0,63,6,22,normal,normal
1434,20,1420,0,1,0,0,102,6,80,attack,attack
254,20,240,0,1,0,0,48,6,55123,attack,attack
60,20,40,0,1,0,0,63,6,22,normal,normal
1514,20,1500,0,1,0,0,64,6,22,normal,normal
1480,20,1466,0,0,0,0,106,17,0,attack,attack
60,20,40,0,1,0,0,128,6,16816,normal,normal
212,20,198,0,0,0,0,108,17,0,attack,attack
1514,20,1500,0,1,0,0,64,6,22,normal,normal
60,20,40,0,1,0,0,128,6,1716,normal,normal
1480,20,1466,0,0,0,0,105,17,0,attack,attack
60,20,40,0,1,0,0,128,6,3937,normal,normal
60,20,40,0,1,0,0,64,6,22,normal,normal
110,20,96,0,1,0,0,128,6,2103,attack,attack
126,20,112,0,1,0,0,63,6,22,normal,normal
1514,20,1500,0,1,0,0,63,6,22,attack,attack
1434,20,1420,0,1,0,0,48,6,80,normal,normal
60,20,40,0,0,0,0,128,6,2214,attack,attack
212,20,198,0,0,0,0,112,17,0,attack,attack
1514,20,1500,0,1,0,0,63,6,22,normal,normal
1434,20,1420,0,1,0,0,102,6,80,attack,attack
1262,20,1248,0,0,0,0,110,17,0,attack,attack
62,20,48,0,0,0,0,128,17,0,attack,attack
1514,20,1500,0,1,0,0,63,6,22,normal,normal
60,20,40,0,1,0,0,63,6,22,attack,attack
62,20,48,0,0,0,0,128,17,0,attack,attack
1514,20,1500,0,1,0,0,41,6,80,normal,normal
212,20,198,0,0,0,0,107,17,0,attack,attack
1514,20,1500,0,1,0,0,52,6,51413,attack,attack
60,20,40,0,1,0,0,128,6,2928,attack,attack
1514,20,1500,0,1,0,0,64,6,22,normal,normal
60,20,40,0,1,0,0,128,6,3836,normal,normal
60,20,40,0,1,0,0,63,6,22,attack,attack
774,20,760,0,1,0,0,64,6,22,normal,normal
212,20,198,0,0,0,0,112,17,0,attack,attack
60,20,40,0,1,0,0,128,6,4957,attack,attack
1514,20,1500,0,1,0,0,45,6,80,normal,normal
62,20,48,0,0,0,0,128,17,0,attack,attack
1434,20,1420,0,1,0,0,241,6,80,normal,normal
60,20,40,0,1,0,0,64,6,22,normal,normal
110,20,96,0,1,0,0,128,6,1229,normal,normal
62,20,48,0,0,0,0,128,17,0,attack,attack
1480,20,1466,0,0,0,0,107,17,0,attack,attack
60,20,40,0,1,0,0,64,6,22,normal,normal
1514,20,1500,0,1,0,0,45,6,80,attack,attack
1454,20,1440,0,1,0,0,50,6,80,normal,normal
1514,20,1500,0,1,0,0,108,6,57421,attack,attack
60,20,40,0,1,0,0,63,6,110,normal,attack
60,20,40,0,1,0,0,128,6,1739,normal,normal
60,20,40,0,1,0,0,128,6,4896,normal,normal
1514,20,1500,0,1,0,0,64,6,22,normal,normal
390,20,376,0,1,0,0,53,6,80,normal,normal
60,20,40,0,1,0,0,128,6,1229,normal,normal
418,20,404,0,1,0,0,63,6,22,normal,normal
62,20,48,0,0,0,0,128,17,0,attack,attack
1514,20,1500,0,1,0,0,41,6,80,normal,normal
134,20,120,0,1,0,0,52,6,64277,attack,attack
1480,20,1466,0,0,0,0,115,17,0,attack,attack
1514,20,1500,0,1,0,0,63,6,22,normal,normal
60,20,40,0,1,0,0,128,6,2985,normal,normal
86,20,72,0,1,0,0,63,6,22,attack,attack
254,20,240,0,1,0,0,48,6,55123,attack,attack
1480,20,1466,0,1,0,0,110,17,0,attack,attack
60,20,40,0,1,0,0,128,6,2985,normal,normal
1514,20,1500,0,1,0,0,63,6,22,attack,attack
60,20,40,0,1,0,0,64,6,22,normal,normal
60,20,40,0,1,0,0,128,6,1084,attack,attack
102,20,88,0,1,0,0,128,6,4176,normal,normal
206,20,192,0,1,0,0,128,6,3862,attack,attack
60,20,45,0,1,0,0,112,6,35691,attack,attack
60,20,40,0,1,0,0,128,6,4501,normal,normal
109,20,95,0,0,0,0,112,17,0,attack,attack
102,20,88,0,1,0,0,63,6,22,normal,normal
60,20,40,0,1,0,0,64,6,22,normal,normal
1514,20,1500,0,1,0,0,63,6,22,normal,normal
97,20,83,0,0,0,0,128,17,0,attack,attack
1514,20,1500,0,1,0,0,63,6,22,normal,normal
1514,20,1500,0,1,0,0,64,6,22,normal,normal
62,20,48,0,0,0,0,128,17,0,attack,attack
110,20,96,0,1,0,0,128,6,4897,normal,normal
60,20,40,0,1,0,0,128,6,1729,normal,normal
566,20,552,0,0,0,0,47,6,51413,attack,attack
662,20,648,0,0,0,0,106,17,0,attack,attack
134,20,120,0,1,0,0,128,6,4859,attack,attack
60,20,40,0,0,0,0,128,6,2120,attack,attack
60,20,40,0,1,0,0,128,6,4519,normal,normal
1262,20,1248,0,0,0,0,110,17,0,attack,attack
212,20,198,0,0,0,0,112,17,0,attack,attack
1514,20,1500,0,1,0,0,64,6,22,attack,attack
1434,20,1420,0,1,0,0,102,6,80,attack,attack
212,20,198,0,0,0,0,106,17,0,attack,attack
60,20,40,0,1,0,0,64,6,22,normal,normal
62,20,48,0,0,0,0,128,17,0,attack,attack
566,20,552,0,0,0,0,47,6,51413,attack,attack
1434,20,1420,0,1,0,0,241,6,80,normal,normal
1434,20,1420,0,1,0,0,241,6,80,normal,normal
62,20,48,0,1,0,0,63,6,22,normal,normal
975,20,961,0,1,0,0,102,6,80,attack,attack
110,20,96,0,1,0,0,128,6,2100,attack,attack
1514,20,1500,0,1,0,0,64,6,22,normal,normal
60,20,40,0,1,0,0,128,6,2115,attack,attack
62,20,48,0,0,0,0,128,17,0,attack,attack
1434,20,1420,0,1,0,0,241,6,80,normal,normal
1514,20,1500,0,1,0,0,63,6,22,normal,normal
924,20,910,0,1,0,0,46,6,80,normal,normal
62,20,48,0,0,0,0,109,17,0,attack,attack
60,20,40,0,1,0,0,128,6,15852,normal,normal
1434,20,1420,0,1,0,0,52,6,64277,attack,attack
60,20,40,0,1,0,0,64,6,22,attack,attack
299,20,285,0,1,0,0,48,6,80,normal,normal
1514,20,1500,0,1,0,0,47,6,51413,attack,attack
102,20,88,0,1,0,0,128,6,1225,normal,normal
1514,20,1500,0,1,0,0,64,6,22,normal,attack
1514,20,1500,0,1,0,0,64,6,22,normal,normal
62,20,48,0,0,0,0,128,17,0,attack,attack
60,20,40,0,1,0,0,128,6,1724,normal,normal
212,20,198,0,0,0,0,106,17,0,attack,attack
60,20,44,0,1,0,0,63,6,22,normal,normal
1514,20,1500,0,1,0,0,41,6,80,attack,attack
1514,20,1500,0,1,0,0,52,6,80,normal,normal
60,20,40,0,1,0,0,64,6,22,normal,normal
294,20,280,0,1,0,0,128,6,3172,normal,normal
1514,20,1500,0,1,0,0,63,6,22,attack,attack
1480,20,1466,0,0,0,0,113,17,0,attack,attack
206,20,192,0,1,0,0,128,6,4872,attack,attack
1514,20,1500,0,1,0,0,64,6,22,normal,normal
1514,20,1500,0,1,0,0,52,6,80,normal,normal
1514,20,1500,0,1,0,0,63,6,22,normal,normal
1514,20,1500,0,1,0,0,64,6,22,normal,normal
662,20,648,0,0,0,0,112,17,0,attack,attack
1514,20,1500,0,1,0,0,41,6,80,normal,normal
1514,20,1500,0,1,0,0,64,6,22,normal,normal
60,20,40,0,1,0,0,128,6,4533,normal,normal
110,20,96,0,1,0,0,128,6,4015,normal,normal
110,20,96,0,1,0,0,128,6,1718,normal,normal
60,20,40,0,1,0,0,128,6,4513,normal,normal
1514,20,1500,0,1,0,0,107,6,48412,attack,attack
60,20,40,0,1,0,0,128,6,1724,normal,normal
212,20,198,0,0,0,0,105,17,0,attack,attack
68,20,54,0,0,0,0,128,17,0,attack,attack
60,20,40,0,1,0,0,128,6,4484,normal,normal
62,20,48,0,1,0,0,128,6,3151,normal,normal
1514,20,1500,0,1,0,0,63,6,22,attack,attack
1514,20,1500,0,1,0,0,64,6,22,attack,attack
60,20,40,0,1,0,0,128,6,15866,normal,normal
1262,20,1248,0,0,0,0,105,17,0,attack,attack
907,20,893,0,1,0,0,45,6,51413,attack,attack
70,20,56,0,1,0,0,128,6,4870,attack,attack
1514,20,1500,0,1,0,0,64,6,22,normal,normal
60,20,40,0,1,0,0,128,6,15852,normal,normal
566,20,552,0,0,0,0,47,6,51413,attack,attack
1514,20,1500,0,1,0,0,41,6,80,normal,normal
60,20,40,0,1,0,0,63,6,22,attack,attack
60,20,40,0,0,0,0,128,6,2109,attack,attack
92,20,78,0,1,0,0,128,6,58992,attack,attack
1434,20,1420,0,1,0,0,241,6,80,normal,normal
1434,20,1420,0,1,0,0,241,6,80,normal,normal
83,20,69,0,0,0,0,64,17,0,attack,attack
1514,20,1500,0,1,0,0,64,6,22,normal,normal
62,20,48,0,0,0,0,128,17,0,attack,attack
60,20,40,0,1,0,0,128,6,2985,normal,normal
1490,20,1476,0,1,0,0,56,6,80,normal,normal
1514,20,1500,0,1,0,0,64,6,22,normal,normal
1434,20,1420,0,1,0,0,241,6,80,normal,normal
1514,20,1500,0,1,0,0,52,6,80,normal,normal
60,20,40,0,1,0,0,128,6,4906,normal,normal
1514,20,1500,0,1,0,0,63,6,22,normal,normal
1480,20,1466,0,1,0,0,110,17,0,attack,attack
86,20,72,0,1,0,0,63,6,22,normal,normal
60,20,40,0,1,0,0,128,6,3160,normal,normal
62,20,48,0,0,0,0,128,17,0,attack,attack
1514,20,1500,0,1,0,0,54,6,80,normal,normal
94,20,80,0,1,0,0,64,6,22,attack,attack
190,20,176,0,1,0,0,64,6,22,normal,normal
1514,20,1500,0,1,0,0,64,6,22,normal,normal
1434,20,1420,0,1,0,0,48,6,80,normal,normal
60,20,40,0,1,0,0,128,6,15873,normal,normal
154,20,140,0,1,0,0,112,6,48544,attack,attack
418,20,404,0,1,0,0,63,6,22,normal,normal
1514,20,1500,0,1,0,0,64,6,22,attack,attack
1514,20,1500,0,1,0,0,63,6,22,normal,normal
1434,20,1420,0,1,0,0,102,6,80,attack,attack
1514,20,1500,0,1,0,0,47,6,51413,attack,attack
62,20,48,0,0,0,0,128,17,0,attack,attack
1514,20,1500,0,1,0,0,64,6,22,normal,normal
861,20,847,0,0,0,0,106,17,0,attack,attack
1480,20,1466,0,0,0,0,111,17,0,attack,attack
60,20,40,0,1,0,0,128,6,3160,normal,normal
60,20,40,0,1,0,0,63,6,80,normal,normal
1514,20,1500,0,1,0,0,52,6,80,normal,normal
566,20,552,0,0,0,0,47,6,51413,attack,attack
62,20,48,0,0,0,0,128,17,0,attack,attack
212,20,198,0,0,0,0,107,17,0,attack,attack
1434,20,1420,0,1,0,0,241,6,80,normal,normal
362,20,348,0,0,0,0,108,17,0,attack,attack
60,20,40,0,0,0,0,128,6,2120,attack,attack
1514,20,1500,0,1,0,0,64,6,22,normal,attack
110,20,96,0,1,0,0,63,6,22,normal,normal
60,20,40,0,1,0,0,128,6,4544,normal,normal
782,20,768,0,1,0,0,64,6,22,normal,normal
60,20,40,0,1,0,0,128,6,3114,normal,normal
1514,20,1500,0,1,0,0,41,6,80,normal,normal
1434,20,1420,0,1,0,0,241,6,80,normal,normal
1514,20,1500,0,1,0,0,64,6,22,attack,attack
1262,20,1248,0,0,0,0,112,17,0,attack,attack
1078,20,1064,0,1,0,0,41,6,9090,attack,attack
1434,20,1420,0,1,0,0,241,6,80,normal,normal
60,20,40,0,1,0,0,128,6,3818,normal,normal
60,20,40,0,1,0,0,128,6,4022,normal,normal
60,20,40,0,1,0,0,128,6,3937,normal,normal
135,20,121,0,1,0,0,128,6,2985,normal,normal
1514,20,1500,0,1,0,0,54,6,80,normal,normal
1514,20,1500,0,1,0,0,63,6,22,attack,attack
110,20,96,0,1,0,0,128,6,16812,normal,normal
1514,20,1500,0,1,0,0,64,6,22,attack,attack
212,20,198,0,0,0,0,112,17,0,attack,attack
60,20,40,0,1,0,0,128,6,4901,normal,normal
60,20,40,0,1,0,0,128,6,2115,attack,attack
454,20,440,0,1,0,0,48,6,55123,attack,attack
60,20,40,0,1,0,0,128,6,3857,normal,normal
566,20,552,0,0,0,0,47,6,51413,attack,attack
60,20,40,0,1,0,0,64,6,22,normal,normal
1514,20,1500,0,1,0,0,41,6,80,normal,normal
60,20,40,0,1,0,0,63,6,22,normal,normal
1514,20,1500,0,1,0,0,63,6,22,normal,normal
62,20,48,0,1,0,0,128,6,4548,normal,normal
60,20,40,0,1,0,0,128,6,4493,normal,normal
1514,20,1500,0,1,0,0,64,6,22,normal,normal
62,20,48,0,0,0,0,128,17,0,attack,attack
60,20,40,0,1,0,0,128,6,2328,attack,attack
1514,20,1500,0,1,0,0,47,6,6969,attack,attack
566,20,552,0,0,0,0,47,6,51413,attack,attack
566,20,552,0,0,0,0,47,6,51413,attack,attack
259,20,245,0,0,0,0,45,17,0,attack,attack
60,20,40,0,1,0,0,128,6,16815,normal,normal
212,20,198,0,0,0,0,112,17,0,attack,attack
60,20,40,0,1,0,0,128,6,2109,attack,attack
1514,20,1500,0,1,0,0,63,6,22,normal,normal
362,20,348,0,0,0,0,108,17,0,attack,attack
62,20,48,0,0,0,0,128,17,0,attack,attack
1514,20,1500,0,1,0,0,63,6,22,attack,attack
1514,20,1500,0,1,0,0,63,6,22,normal,normal
1514,20,1500,0,1,0,0,63,6,22,normal,normal
135,20,121,0,1,0,0,128,6,2985,normal,normal
1514,20,1500,0,1,0,0,64,6,22,normal,normal
1514,20,1500,0,1,0,0,63,6,22,normal,normal
1514,20,1500,0,1,0,0,64,6,22,normal,normal
62,20,48,0,1,0,0,63,6,22,attack,attack
1480,20,1466,0,1,0,0,118,17,0,attack,attack
1434,20,1420,0,1,0,0,241,6,80,normal,normal
62,20,48,0,0,0,0,128,17,0,attack,attack
1434,20,1420,0,1,0,0,241,6,80,normal,normal
1514,20,1500,0,1,0,0,54,6,80,normal,normal
126,20,112,0,1,0,0,64,6,22,normal,normal
1434,20,1420,0,1,0,0,241,6,80,normal,normal
1434,20,1420,0,1,0,0,241,6,80,normal,normal
212,20,198,0,0,0,0,108,17,0,attack,attack
62,20,48,0,0,0,0,128,17,0,attack,attack
1480,20,1466,0,0,0,0,111,17,0,attack,attack
148,20,134,0,1,0,0,128,6,4897,attack,attack
60,20,40,0,1,0,0,64,6,22,normal,normal
1480,20,1466,0,1,0,0,118,17,0,attack,attack
418,20,404,0,1,0,0,63,6,22,normal,normal
206,20,192,0,1,0,0,128,6,4503,normal,normal
60,20,40,0,1,0,0,128,6,2131,attack,attack
62,20,48,0,0,0,0,128,17,0,attack,attack
60,20,40,0,1,0,0,47,6,6969,attack,attack
60,20,40,0,1,0,0,128,6,1729,normal,normal
62,20,48,0,0,0,0,128,17,0,attack,attack
1514,20,1500,0,1,0,0,64,6,22,normal,normal
93,20,79,0,1,0,0,63,6,22,normal,normal
60,20,40,0,1,0,0,46,6,80,normal,normal
60,20,40,0,1,0,0,128,6,3160,normal,normal
100,20,86,0,0,0,0,128,17,0,attack,attack
60,20,40,0,1,0,0,48,6,80,normal,normal
60,20,40,0,1,0,0,128,6,4493,normal,normal
706,20,692,0,1,0,0,64,6,80,normal,normal
590,20,576,0,0,0,0,108,6,51884,attack,attack
62,20,48,0,0,0,0,128,17,0,attack,attack
62,20,48,0,1,0,0,63,6,22,normal,normal
60,20,40,0,1,0,0,128,6,1229,normal,normal
1514,20,1500,0,1,0,0,63,6,22,attack,attack
1514,20,1500,0,1,0,0,52,6,80,normal,normal
1514,20,1500,0,1,0,0,63,6,22,attack,attack
60,20,40,0,1,0,0,41,6,80,attack,attack
1514,20,1500,0,1,0,0,63,6,22,normal,attack
60,20,40,0,1,0,0,64,6,22,normal,normal
60,20,40,0,1,0,0,128,6,59000,attack,attack
93,20,79,0,1,0,0,63,6,22,attack,attack
1514,20,1500,0,1,0,0,54,6,80,normal,normal
60,20,40,0,0,0,0,128,6,2214,attack,attack
1506,20,1492,0,1,0,0,109,6,26076,attack,attack
86,20,72,0,1,0,0,63,6,22,normal,normal
94,20,80,0,1,0,0,64,6,22,normal,normal
62,20,48,0,0,0,0,128,17,0,attack,attack
662,20,648,0,0,0,0,110,17,0,attack,attack
1514,20,1500,0,1,0,0,47,6,51413,attack,attack
60,20,40,0,1,0,0,128,6,4501,normal,normal
1514,20,1500,0,1,0,0,64,6,22,normal,normal
1434,20,1420,0,1,0,0,241,6,80,normal,normal
1514,20,1500,0,1,0,0,64,6,80,normal,normal
1490,20,1476,0,1,0,0,56,6,80,normal,normal
212,20,198,0,0,0,0,112,17,0,attack,attack
60,20,40,0,1,0,0,128,6,4892,normal,normal
60,20,40,0,1,0,0,128,6,2985,normal,normal
418,20,404,0,1,0,0,64,6,22,normal,normal
93,20,79,0,1,0,0,64,6,22,normal,normal
1514,20,1500,0,1,0,0,52,6,80,normal,normal
60,20,40,0,1,0,0,64,6,22,normal,normal
94,20,80,0,1,0,0,128,6,4011,normal,normal
1434,20,1420,0,1,0,0,102,6,80,attack,attack
60,20,40,0,1,0,0,41,6,80,attack,attack
60,20,40,0,1,0,0,128,6,3029,normal,normal
1514,20,1500,0,1,0,0,63,6,22,attack,attack
68,20,54,0,0,0,0,128,17,0,attack,attack
68,20,54,0,0,0,0,128,17,0,attack,attack
60,20,40,0,1,0,0,128,6,1062,attack,attack
60,20,40,0,1,0,0,128,6,2115,attack,attack
566,20,552,0,0,0,0,47,6,51413,attack,attack
885,20,871,0,1,0,0,56,6,80,normal,normal
60,20,40,0,1,0,0,63,6,22,normal,normal
259,20,245,0,0,0,0,112,17,0,attack,attack
362,20,348,0,0,0,0,111,17,0,attack,attack
212,20,198,0,0,0,0,112,17,0,attack,attack
1480,20,1466,0,0,0,0,45,17,0,attack,attack
126,20,112,0,1,0,0,64,6,22,normal,normal
60,20,40,0,1,0,0,128,6,1028,attack,attack
1434,20,1420,0,1,0,0,241,6,80,normal,normal
1480,20,1466,0,0,0,0,115,17,0,attack,attack
126,20,112,0,1,0,0,128,6,16810,normal,normal
62,20,48,0,0,0,0,105,17,0,attack,attack
62,20,48,0,0,0,0,128,17,0,attack,attack
1514,20,1500,0,1,0,0,63,6,22,attack,attack
1514,20,1500,0,1,0,0,63,6,22,normal,normal
1514,20,1500,0,1,0,0,63,6,22,normal,normal
190,20,176,0,1,0,0,63,6,22,normal,normal
62,20,48,0,1,0,0,56,6,80,normal,normal
1514,20,1500,0,1,0,0,52,6,51413,attack,attack
130,20,116,0,1,0,0,128,6,3133,normal,normal
1514,20,1500,0,1,0,0,117,6,80,normal,normal
662,20,648,0,0,0,0,112,17,0,attack,attack
86,20,72,0,1,0,0,63,6,22,normal,normal
62,20,48,0,0,0,0,128,17,0,attack,attack
463,20,449,0,1,0,0,241,6,80,normal,normal
62,20,48,0,0,0,0,128,17,0,attack,attack
62,20,48,0,1,0,0,64,6,22,attack,attack
1514,20,1500,0,1,0,0,52,6,80,normal,normal
60,20,40,0,1,0,0,128,6,51063,normal,normal
1514,20,1500,0,1,0,0,63,6,22,normal,attack
418,20,404,0,1,0,0,63,6,22,normal,normal
93,20,79,0,1,0,0,63,6,22,normal,normal
60,20,40,0,1,0,0,128,6,15863,normal,normal
60,20,40,0,1,0,0,128,6,2115,attack,attack
838,20,824,0,1,0,0,64,6,22,normal,normal
60,20,40,0,1,0,0,64,6,22,normal,normal
1480,20,1466,0,0,0,0,107,17,0,attack,attack
1514,20,1500,0,1,0,0,63,6,22,normal,attack
1434,20,1420,0,1,0,0,241,6,80,normal,normal
133,20,119,0,0,0,0,58,17,0,normal,normal
60,20,40,0,1,0,0,128,6,3054,normal,normal
362,20,348,0,0,0,0,108,17,0,attack,attack
1480,20,1466,0,0,0,0,113,17,0,attack,attack
60,20,40,0,1,0,0,128,6,1734,normal,normal
62,20,48,0,0,0,0,128,17,0,attack,attack
1514,20,1500,0,1,0,0,63,6,22,normal,normal
68,20,54,0,0,0,0,128,17,0,attack,attack
774,20,760,0,1,0,0,64,6,22,normal,normal
1434,20,1420,0,1,0,0,241,6,80,normal,normal
212,20,198,0,0,0,0,112,17,0,attack,attack
60,20,40,0,1,0,0,48,6,80,normal,normal
1514,20,1500,0,1,0,0,107,6,48412,attack,attack
62,20,48,0,1,0,0,128,6,4896,normal,normal
60,20,40,0,1,0,0,128,6,3160,normal,normal
1514,20,1500,0,1,0,0,63,6,22,normal,attack
1482,20,1468,0,1,0,0,54,6,80,normal,normal
212,20,198,0,0,0,0,112,17,0,attack,attack
1514,20,1500,0,1,0,0,54,6,80,normal,normal
142,20,128,0,1,0,0,64,6,22,attack,attack
60,20,40,0,1,0,0,56,6,80,normal,normal
1514,20,1500,0,1,0,0,63,6,22,attack,attack
60,20,40,0,1,0,0,128,6,2367,attack,attack
142,20,128,0,1,0,0,128,6,1228,normal,normal
60,20,40,0,1,0,0,128,6,3937,normal,normal
418,20,404,0,1,0,0,63,6,22,normal,normal
1514,20,1500,0,1,0,0,63,6,22,attack,attack
1506,20,1492,0,1,0,0,109,6,26076,attack,attack
1514,20,1500,0,1,0,0,45,6,80,normal,normal
60,20,40,0,1,0,0,128,6,3140,normal,normal
60,20,40,0,1,0,0,128,6,3160,normal,normal
134,20,120,0,1,0,0,63,6,22,attack,attack
1262,20,1248,0,0,0,0,110,17,0,attack,attack
1514,20,1500,0,1,0,0,63,6,22,normal,normal
62,20,48,0,0,0,0,128,17,0,attack,attack
1314,20,1300,0,1,0,0,48,6,55123,attack,attack
1514,20,1500,0,1,0,0,64,6,22,normal,normal
221,20,207,0,0,0,0,64,17,0,normal,normal
60,20,40,0,1,0,0,128,6,3085,normal,normal
60,20,40,0,1,0,0,128,6,4788,attack,attack
60,20,40,0,1,0,0,63,6,22,normal,normal
1514,20,1500,0,1,0,0,63,6,22,normal,normal
62,20,48,0,1,0,0,48,6,80,normal,normal
60,20,40,0,1,0,0,128,6,2328,attack,attack
62,20,48,0,1,0,0,111,17,0,attack,attack
62,20,48,0,0,0,0,128,17,0,attack,attack
838,20,824,0,1,0,0,64,6,22,normal,normal
1480,20,1466,0,0,0,0,105,17,0,attack,attack
60,20,40,0,1,0,0,128,6,4544,normal,normal
79,20,65,0,0,0,0,128,17,0,attack,attack
62,20,48,0,0,0,0,128,17,0,attack,attack
1514,20,1500,0,1,0,0,52,6,51413,attack,attack
62,20,48,0,1,0,0,128,6,1094,attack,attack
1414,20,1400,0,1,0,0,112,6,48544,attack,attack
1506,20,1492,0,1,0,0,109,6,26076,attack,attack
94,20,80,0,1,0,0,128,6,3928,normal,normal
1514,20,1500,0,1,0,0,64,6,22,normal,normal
60,20,40,0,1,0,0,128,6,58996,attack,attack
1514,20,1500,0,1,0,0,64,6,22,normal,normal
62,20,48,0,0,0,0,106,17,0,attack,attack
60,20,40,0,0,0,0,128,6,2109,attack,attack
60,20,40,0,1,0,0,128,6,1716,normal,normal
1484,20,1470,0,0,0,0,55,6,80,normal,normal
1514,20,1500,0,1,0,0,64,6,22,normal,normal
212,20,198,0,0,0,0,112,17,0,attack,attack
60,20,40,0,1,0,0,64,6,22,normal,normal
1514,20,1500,0,1,0,0,63,6,22,normal,normal
60,20,40,0,1,0,0,128,6,4876,attack,attack
1514,20,1500,0,1,0,0,56,6,80,normal,normal
212,20,198,0,0,0,0,111,17,0,attack,attack
1514,20,1500,0,1,0,0,64,6,22,normal,normal
118,20,104,0,1,0,0,63,6,22,attack,attack
60,20,40,0,0,0,0,128,6,2109,attack,attack
60,20,40,0,1,0,0,128,6,4493,normal,normal
212,20,198,0,0,0,0,112,17,0,attack,attack
1514,20,1500,0,1,0,0,52,6,80,normal,normal
1514,20,1500,0,1,0,0,64,6,22,attack,attack
1506,20,1492,0,1,0,0,109,6,26076,attack,attack
1514,20,1500,0,1,0,0,43,6,80,normal,normal
110,20,96,0,1,0,0,63,6,22,normal,normal
1514,20,1500,0,1,0,0,64,6,22,attack,attack
1262,20,1248,0,1,0,0,111,17,0,attack,attack
774,20,760,0,1,0,0,64,6,22,normal,normal
212,20,198,0,0,0,0,112,17,0,attack,attack
212,20,198,0,0,0,0,112,17,0,attack,attack
1514,20,1500,0,1,0,0,64,6,22,normal,normal
118,20,104,0,1,0,0,64,6,22,normal,normal
662,20,648,0,0,0,0,109,17,0,attack,attack
362,20,348,0,0,0,0,111,17,0,attack,attack
60,20,40,0,1,0,0,128,6,3088,normal,normal
60,20,40,0,1,0,0,63,6,22,normal,normal
60,20,40,0,1,0,0,56,6,80,normal,normal
62,20,48,0,0,0,0,128,17,0,attack,attack
110,20,96,0,1,0,0,63,6,22,normal,normal
62,20,48,0,0,0,0,128,17,0,attack,attack
1514,20,1500,0,1,0,0,51,6,80,normal,normal
1514,20,1500,0,1,0,0,64,6,22,attack,attack
1514,20,1500,0,1,0,0,63,6,22,attack,attack
60,20,40,0,1,0,0,128,6,4891,normal,normal
1514,20,1500,0,1,0,0,52,6,80,normal,normal
1514,20,1500,0,1,0,0,63,6,22,normal,normal
60,20,40,0,1,0,0,128,6,2673,normal,normal
1514,20,1500,0,1,0,0,45,6,80,normal,normal
110,20,96,0,1,0,0,128,6,4175,normal,normal
60,20,40,0,1,0,0,128,6,4501,normal,normal
60,20,40,0,1,0,0,128,6,1069,attack,attack
1514,20,1500,0,1,0,0,63,6,22,normal,normal
1514,20,1500,0,1,0,0,41,6,80,normal,normal
60,20,40,0,1,0,0,128,6,4485,normal,normal
60,20,40,0,1,0,0,128,6,4901,normal,normal
62,20,48,0,0,0,0,128,17,0,attack,attack
362,20,348,0,0,0,0,110,17,0,attack,attack
62,20,48,0,1,0,0,43,6,80,attack,attack
62,20,48,0,0,0,0,128,17,0,attack,attack
1480,20,1466,0,0,0,0,115,17,0,attack,attack
190,20,176,0,1,0,0,63,6,22,normal,normal
1514,20,1500,0,1,0,0,45,6,80,normal,normal
60,20,40,0,1,0,0,63,6,22,normal,normal
1514,20,1500,0,1,0,0,63,6,22,normal,normal
60,20,40,0,1,0,0,63,6,110,attack,attack
169,20,155,0,1,0,0,128,6,1093,attack,attack
126,20,112,0,1,0,0,63,6,22,attack,attack
60,20,40,0,1,0,0,128,6,4875,attack,attack
62,20,48,0,0,0,0,128,17,0,attack,attack
1514,20,1500,0,1,0,0,41,6,80,attack,attack
71,20,57,0,0,0,0,128,6,2214,attack,attack
1514,20,1500,0,1,0,0,63,6,22,normal,attack
60,20,40,0,1,0,0,128,6,4506,normal,normal
62,20,48,0,0,0,0,128,17,0,attack,attack
60,20,40,0,1,0,0,41,6,80,normal,attack
60,20,40,0,1,0,0,128,6,4544,normal,normal
62,20,48,0,1,0,0,128,6,2378,attack,attack
60,20,40,0,1,0,0,128,6,1734,normal,normal
418,20,404,0,1,0,0,64,6,22,attack,attack
1514,20,1500,0,1,0,0,41,6,80,normal,normal
909,20,895,0,1,0,0,63,6,80,normal,normal
1514,20,1500,0,1,0,0,63,6,22,normal,normal
1514,20,1500,0,1,0,0,64,6,22,normal,normal
341,20,327,0,1,0,0,56,6,80,normal,normal
212,20,198,0,0,0,0,112,17,0,attack,attack
142,20,128,0,1,0,0,63,6,22,normal,normal
1506,20,1492,0,1,0,0,109,6,26076,attack,attack
1434,20,1420,0,1,0,0,241,6,80,normal,normal
1514,20,1500,0,1,0,0,63,6,22,attack,attack
1434,20,1420,0,1,0,0,241,6,80,normal,normal
60,20,40,0,1,0,0,128,6,3818,normal,normal
60,20,40,0,1,0,0,128,6,3818,normal,normal
60,20,40,0,1,0,0,128,6,4533,normal,normal
566,20,552,0,0,0,0,47,6,51413,attack,attack
134,20,120,0,1,0,0,64,6,22,normal,normal
1514,20,1500,0,1,0,0,106,6,27571,attack,attack
1480,20,1466,0,0,0,0,107,17,0,attack,attack
418,20,404,0,1,0,0,63,6,22,normal,normal
1514,20,1500,0,1,0,0,64,6,22,normal,normal
212,20,198,0,0,0,0,108,17,0,attack,attack
212,20,198,0,0,0,0,108,17,0,attack,attack
1514,20,1500,0,1,0,0,64,6,22,normal,normal
62,20,48,0,1,0,0,128,6,4522,normal,normal
362,20,348,0,0,0,0,111,17,0,attack,attack
1514,20,1500,0,1,0,0,64,6,22,normal,normal
1434,20,1420,0,1,0,0,241,6,80,normal,normal
206,20,192,0,1,0,0,128,6,3929,normal,normal
1514,20,1500,0,1,0,0,52,6,80,normal,normal
1514,20,1500,0,1,0,0,64,6,22,attack,attack
362,20,348,0,0,0,0,111,17,0,attack,attack
110,20,96,0,1,0,0,64,6,22,normal,normal
212,20,198,0,0,0,0,45,17,0,attack,attack
212,20,198,0,0,0,0,105,17,0,attack,attack
212,20,198,0,0,0,0,112,17,0,attack,attack
60,20,40,0,1,0,0,128,6,3171,normal,normal
1480,20,1466,0,0,0,0,109,17,0,attack,attack
80,20,66,0,1,0,0,128,6,2354,attack,attack
60,20,40,0,1,0,0,128,6,4560,normal,normal
110,20,96,0,1,0,0,63,6,22,normal,normal
60,20,40,0,1,0,0,128,6,15852,normal,normal
774,20,760,0,1,0,0,64,6,22,attack,attack
60,20,41,0,1,0,0,51,6,80,normal,normal
60,20,40,0,1,0,0,128,6,1735,normal,normal
1514,20,1500,0,1,0,0,41,6,80,normal,normal
60,20,40,0,1,0,0,128,6,51081,normal,normal
60,20,40,0,1,0,0,128,6,16816,normal,normal
1434,20,1420,0,1,0,0,241,6,80,normal,normal
1514,20,1500,0,1,0,0,106,6,27571,attack,attack
212,20,198,0,1,0,0,111,17,0,attack,attack
60,20,40,0,1,0,0,128,6,3171,normal,normal
60,20,40,0,1,0,0,128,6,4545,normal,normal
62,20,48,0,1,0,0,41,6,80,attack,attack
1514,20,1500,0,1,0,0,41,6,80,normal,normal
1514,20,1500,0,1,0,0,64,6,22,attack,attack
60,20,40,0,1,0,0,56,6,80,normal,normal
60,20,40,0,1,0,0,63,6,22,attack,attack
60,20,40,0,1,0,0,128,6,3818,normal,normal
62,20,48,0,0,0,0,128,17,0,attack,attack
70,20,56,0,1,0,0,128,6,16819,normal,normal
60,20,40,0,1,0,0,128,6,1232,normal,normal
212,20,198,0,0,0,0,111,17,0,attack,attack
60,20,40,0,1,0,0,128,6,2985,normal,normal
1078,20,1064,0,1,0,0,41,6,9090,attack,attack
1514,20,1500,0,1,0,0,63,6,22,normal,attack
110,20,96,0,1,0,0,128,6,15844,normal,normal
60,20,40,0,1,0,0,128,6,4892,normal,normal
60,20,40,0,1,0,0,128,6,4788,normal,attack
212,20,198,0,0,0,0,112,17,0,attack,attack
60,20,40,0,1,0,0,64,6,22,normal,normal
1514,20,1500,0,1,0,0,63,6,22,normal,normal
1514,20,1500,0,1,0,0,63,6,22,normal,normal
1514,20,1500,0,1,0,0,64,6,22,normal,normal
60,20,40,0,1,0,0,63,6,22,normal,normal
62,20,48,0,0,0,0,128,17,0,attack,attack
418,20,404,0,1,0,0,64,6,22,normal,normal
60,20,40,0,1,0,0,128,6,2296,attack,attack
1514,20,1500,0,1,0,0,64,6,22,normal,normal
212,20,198,0,0,0,0,108,17,0,attack,attack
1514,20,1500,0,1,0,0,41,6,80,normal,normal
1514,20,1500,0,1,0,0,64,6,22,normal,normal
1514,20,1500,0,1,0,0,108,6,57421,attack,attack
1514,20,1500,0,1,0,0,64,6,22,normal,normal
110,20,96,0,1,0,0,64,6,22,attack,attack
362,20,348,0,0,0,0,45,17,0,attack,attack
212,20,198,0,0,0,0,108,17,0,attack,attack
212,20,198,0,0,0,0,112,17,0,attack,attack
60,20,40,0,0,0,0,128,6,2141,attack,attack
60,20,40,0,1,0,0,128,6,2985,normal,normal
142,20,128,0,1,0,0,63,6,22,normal,attack
60,20,40,0,1,0,0,128,6,4498,normal,normal
1514,20,1500,0,1,0,0,63,6,22,normal,normal
1514,20,1500,0,1,0,0,49,6,80,normal,normal
590,20,576,0,1,0,0,113,6,80,attack,attack
86,20,72,0,1,0,0,63,6,22,attack,attack
60,20,46,0,1,0,0,128,6,1717,normal,normal
1290,20,1276,0,0,0,0,55,6,80,normal,normal
1514,20,1500,0,1,0,0,64,6,22,normal,normal
150,20,136,0,1,0,0,128,6,4177,normal,normal
566,20,552,0,0,0,0,47,6,51413,attack,attack
1514,20,1500,0,1,0,0,43,6,80,normal,normal
1514,20,1500,0,1,0,0,64,6,22,normal,normal
60,20,40,0,1,0,0,64,6,22,attack,attack
1514,20,1500,0,1,0,0,64,6,22,normal,attack
60,20,40,0,1,0,0,128,6,4479,normal,normal
62,20,48,0,0,0,0,128,17,0,attack,attack
212,20,198,0,0,0,0,105,17,0,attack,attack
60,20,40,0,1,0,0,128,6,2987,normal,normal
566,20,552,0,0,0,0,47,6,51413,attack,attack
1434,20,1420,0,1,0,0,241,6,80,normal,normal
774,20,760,0,1,0,0,63,6,22,attack,attack
60,20,40,0,1,0,0,64,6,22,normal,normal
1514,20,1500,0,1,0,0,63,6,22,attack,attack
126,20,112,0,1,0,0,128,6,4788,normal,attack
62,20,48,0,1,0,0,128,6,4502,normal,normal
134,20,120,0,1,0,0,63,6,22,normal,normal
1480,20,1466,0,0,0,0,109,17,0,attack,attack
60,20,40,0,1,0,0,128,6,4489,normal,normal
1514,20,1500,0,1,0,0,63,6,22,normal,normal
1514,20,1500,0,1,0,0,52,6,80,normal,normal
1514,20,1500,0,1,0,0,64,6,22,normal,normal
60,20,40,0,1,0,0,128,6,1028,attack,attack
62,20,48,0,0,0,0,128,17,0,attack,attack
1514,20,1500,0,1,0,0,63,6,22,normal,normal
60,20,40,0,0,0,0,128,6,2214,attack,attack
662,20,648,0,0,0,0,108,17,0,attack,attack
60,20,40,0,1,0,0,64,6,22,normal,normal
60,20,40,0,1,0,0,128,6,4557,normal,normal
1514,20,1500,0,1,0,0,63,6,22,normal,normal
72,20,58,0,0,0,0,128,17,0,attack,attack
60,20,40,0,1,0,0,128,6,2920,attack,attack
60,20,40,0,1,0,0,128,6,51063,normal,normal
102,20,88,0,1,0,0,64,6,22,normal,normal
126,20,112,0,1,0,0,63,6,22,normal,normal
1480,20,1466,0,0,0,0,111,17,0,attack,attack
60,20,40,0,1,0,0,48,6,80,normal,normal
1514,20,1500,0,1,0,0,64,6,22,normal,normal
60,20,40,0,1,0,0,128,6,4488,normal,normal
566,20,552,0,0,0,0,47,6,51413,attack,attack
62,20,48,0,0,0,0,128,17,0,attack,attack
1514,20,1500,0,1,0,0,64,6,22,normal,normal
1480,20,1466,0,0,0,0,108,17,0,attack,attack
60,20,40,0,1,0,0,128,6,4901,normal,normal
60,20,40,0,1,0,0,128,6,2115,attack,attack
662,20,648,0,0,0,0,108,17,0,attack,attack
60,20,40,0,0,0,0,128,6,2141,attack,attack
134,20,120,0,1,0,0,63,6,22,attack,attack
60,20,40,0,1,0,0,128,6,3019,normal,normal
1514,20,1500,0,1,0,0,63,6,22,normal,normal
88,20,74,0,0,0,0,128,17,0,attack,attack
566,20,552,0,0,0,0,47,6,51413,attack,attack
60,20,40,0,1,0,0,128,6,2048,attack,attack
62,20,48,0,0,0,0,128,17,0,attack,attack
60,20,40,0,1,0,0,128,6,4501,normal,normal
1514,20,1500,0,1,0,0,64,6,22,normal,normal
60,20,40,0,1,0,0,128,6,1729,normal,normal
62,20,48,0,0,0,0,128,17,0,attack,attack
62,20,48,0,0,0,0,128,17,0,attack,attack
584,20,570,0,1,0,0,49,6,80,normal,normal
1514,20,1500,0,1,0,0,64,6,22,normal,normal
60,20,45,0,1,0,0,64,6,110,attack,attack
1514,20,1500,0,1,0,0,64,6,22,normal,normal
134,20,120,0,1,0,0,63,6,22,normal,normal
62,20,48,0,0,0,0,128,17,0,attack,attack
1514,20,1500,0,1,0,0,45,6,80,normal,normal
1514,20,1500,0,1,0,0,63,6,22,normal,normal
60,20,40,0,1,0,0,128,6,1229,normal,normal
126,20,112,0,1,0,0,128,6,4869,normal,attack
1434,20,1420,0,1,0,0,241,6,80,normal,normal
60,20,40,0,1,0,0,128,6,2992,normal,normal
566,20,552,0,0,0,0,47,6,51413,attack,attack
60,20,40,0,1,0,0,63,6,22,attack,attack
62,20,48,0,0,0,0,128,17,0,attack,attack
1514,20,1500,0,1,0,0,63,6,22,normal,normal
1480,20,1466,0,0,0,0,106,17,0,attack,attack
62,20,48,0,0,0,0,128,17,0,attack,attack
838,20,824,0,1,0,0,63,6,22,attack,attack
62,20,48,0,0,0,0,128,17,0,attack,attack
1514,20,1500,0,1,0,0,64,6,22,normal,normal
1514,20,1500,0,1,0,0,64,6,22,normal,normal
1514,20,1500,0,1,0,0,63,6,22,normal,normal
1514,20,1500,0,1,0,0,106,6,27571,attack,attack
1514,20,1500,0,1,0,0,64,6,22,attack,attack
1306,20,1292,0,1,0,0,41,6,80,attack,attack
1514,20,1500,0,1,0,0,43,6,80,normal,normal
838,20,824,0,1,0,0,64,6,22,normal,normal
60,20,40,0,0,0,0,128,6,2214,attack,attack
62,20,48,0,1,0,0,128,6,3060,normal,normal
142,20,128,0,1,0,0,128,6,51067,normal,normal
60,20,40,0,1,0,0,128,6,2090,attack,attack
60,20,40,0,1,0,0,128,6,3014,normal,normal
1514,20,1500,0,1,0,0,64,6,22,normal,normal
442,20,428,0,0,0,0,108,6,51884,attack,attack
62,20,48,0,1,0,0,51,6,80,normal,normal
1514,20,1500,0,1,0,0,64,6,22,normal,normal
110,20,96,0,1,0,0,63,6,22,normal,normal
1480,20,1466,0,0,0,0,107,17,0,attack,attack
60,20,40,0,1,0,0,128,6,1729,normal,normal
60,20,40,0,1,0,0,128,6,4491,normal,normal
60,20,40,0,1,0,0,128,6,3816,normal,normal
1480,20,1466,0,1,0,0,117,17,0,attack,attack
93,20,79,0,1,0,0,63,6,22,attack,attack
1514,20,1500,0,1,0,0,107,6,48412,attack,attack
1434,20,1420,0,1,0,0,241,6,80,normal,normal
1434,20,1420,0,1,0,0,241,6,80,normal,normal
142,20,128,0,1,0,0,128,6,15839,normal,normal
60,20,40,0,1,0,0,128,6,4568,normal,normal
60,20,40,0,1,0,0,128,6,3160,normal,normal
1480,20,1466,0,1,0,0,117,17,0,attack,attack
70,20,56,0,1,0,0,128,6,4184,attack,attack
1514,20,1500,0,1,0,0,52,6,80,normal,normal
60,20,40,0,1,0,0,128,6,2115,attack,attack
60,20,40,0,1,0,0,128,6,3019,normal,normal
1514,20,1500,0,1,0,0,64,6,22,normal,normal
60,20,40,0,1,0,0,128,6,1735,normal,normal
60,20,40,0,1,0,0,63,6,22,normal,normal
212,20,198,0,0,0,0,112,17,0,attack,attack
418,20,404,0,1,0,0,63,6,22,normal,normal
212,20,198,0,0,0,0,111,17,0,attack,attack
418,20,404,0,1,0,0,63,6,22,normal,normal
1480,20,1466,0,1,0,0,110,17,0,attack,attack
60,20,40,0,1,0,0,128,6,4501,normal,normal
62,20,48,0,0,0,0,128,17,0,attack,attack
118,20,104,0,1,0,0,63,6,22,normal,normal
71,20,57,0,0,0,0,128,6,2120,attack,attack
60,0,0,0,0,0,0,0,0,0,normal,normal
60,20,40,0,1,0,0,128,6,2328,attack,attack
62,20,48,0,0,0,0,128,17,0,attack,attack
102,20,88,0,1,0,0,64,6,22,normal,normal
126,20,112,0,1,0,0,128,6,3171,normal,normal
598,20,584,0,1,0,0,102,6,80,attack,attack
60,20,40,0,1,0,0,47,6,6969,attack,attack
60,20,40,0,1,0,0,128,6,2195,attack,attack
60,20,40,0,1,0,0,128,6,4485,normal,normal
60,20,40,0,1,0,0,128,6,3171,normal,normal
1514,20,1500,0,1,0,0,64,6,22,normal,normal
243,20,229,0,0,0,0,47,6,51413,normal,attack
60,20,40,0,1,0,0,64,6,22,normal,normal
1514,20,1500,0,1,0,0,41,6,80,normal,normal
62,20,48,0,0,0,0,128,17,0,attack,attack
1067,20,1053,0,1,0,0,102,6,80,attack,attack
1177,20,1163,0,1,0,0,43,6,80,normal,normal
1514,20,1500,0,1,0,0,63,6,22,normal,normal
151,0,0,0,0,0,0,0,0,0,normal,normal
130,20,116,0,1,0,0,128,6,3839,normal,normal
60,20,40,0,1,0,0,41,6,80,attack,attack
66,20,52,0,1,0,0,128,6,51099,normal,normal
60,20,40,0,1,0,0,128,6,2367,attack,attack
110,20,96,0,1,0,0,64,6,22,normal,normal
68,20,54,0,0,0,0,128,17,0,attack,attack
60,20,40,0,1,0,0,56,6,80,normal,normal
60,20,40,0,1,0,0,41,6,80,normal,normal
362,20,348,0,0,0,0,108,17,0,attack,attack
60,20,40,0,1,0,0,240,6,80,normal,normal
1514,20,1500,0,1,0,0,64,6,22,normal,normal
1514,20,1500,0,1,0,0,45,6,80,normal,normal
158,20,144,0,1,0,0,128,6,1080,attack,attack
60,20,40,0,1,0,0,128,6,15841,normal,normal
60,20,40,0,1,0,0,128,6,4777,attack,attack
60,20,40,0,1,0,0,64,6,22,normal,normal
142,20,128,0,1,0,0,64,6,22,normal,normal
60,20,40,0,1,0,0,128,6,3816,normal,normal
60,20,40,0,1,0,0,51,6,443,normal,normal
838,20,824,0,1,0,0,63,6,22,normal,normal
102,20,88,0,1,0,0,240,6,80,normal,normal
110,20,96,0,1,0,0,128,6,4494,normal,normal
1514,20,1500,0,1,0,0,64,6,22,normal,normal
838,20,824,0,1,0,0,64,6,22,attack,attack
122,20,108,0,0,0,0,47,6,51413,attack,attack
60,20,40,0,1,0,0,63,6,22,attack,attack
362,20,348,0,0,0,0,45,17,0,attack,attack
60,20,40,0,1,0,0,63,6,110,attack,attack
1514,20,1500,0,1,0,0,64,6,22,normal,attack
60,20,40,0,1,0,0,128,6,2919,attack,attack
147,20,133,0,1,0,0,128,6,4881,attack,attack
60,20,40,0,1,0,0,128,6,1026,attack,attack
62,20,48,0,0,0,0,55,6,80,normal,normal
212,20,198,0,0,0,0,112,17,0,attack,attack
1514,20,1500,0,1,0,0,64,6,22,attack,attack
62,20,48,0,0,0,0,128,17,0,attack,attack
1480,20,1466,0,0,0,0,107,17,0,attack,attack
1514,20,1500,0,1,0,0,63,6,22,normal,normal
62,20,48,0,0,0,0,128,17,0,attack,attack
442,20,428,0,0,0,0,108,6,51884,attack,attack
62,20,48,0,0,0,0,128,17,0,attack,attack
1514,20,1500,0,1,0,0,52,6,80,normal,normal
1514,20,1500,0,1,0,0,63,6,22,normal,normal
60,20,40,0,1,0,0,63,6,22,normal,normal
60,20,40,0,1,0,0,64,6,22,attack,attack
60,20,40,0,1,0,0,128,6,4501,normal,normal
60,20,40,0,1,0,0,128,6,1730,normal,normal
62,20,48,0,0,0,0,128,17,0,attack,attack
62,20,48,0,0,0,0,128,17,0,attack,attack
60,20,40,0,1,0,0,128,6,2928,attack,attack
362,20,348,0,0,0,0,112,17,0,attack,attack
1514,20,1500,0,1,0,0,106,6,27571,attack,attack
212,20,198,0,0,0,0,106,17,0,attack,attack
1514,20,1500,0,1,0,0,48,6,80,normal,normal
60,20,44,0,1,0,0,49,6,80,normal,normal
60,20,40,0,1,0,0,128,6,2367,attack,attack
1514,20,1500,0,1,0,0,63,6,22,normal,normal
62,20,48,0,0,0,0,128,17,0,attack,attack
62,20,48,0,0,0,0,128,17,0,attack,attack
1514,20,1500,0,1,0,0,64,6,22,normal,normal
62,20,48,0,0,0,0,128,17,0,attack,attack
93,20,79,0,1,0,0,63,6,22,normal,normal
1480,20,1466,0,0,0,0,107,17,0,attack,attack
1434,20,1420,0,1,0,0,241,6,80,normal,normal
1514,20,1500,0,1,0,0,63,6,22,normal,normal
79,20,65,0,0,0,0,128,17,0,attack,attack
1514,20,1500,0,1,0,0,64,6,22,normal,normal
134,20,120,0,1,0,0,241,6,80,normal,normal
1514,20,1500,0,1,0,0,63,6,22,normal,attack
60,20,40,0,0,0,0,128,6,2120,attack,attack
60,20,40,0,1,0,0,128,6,4501,normal,normal
1514,20,1500,0,1,0,0,47,6,80,normal,normal
861,20,847,0,0,0,0,111,17,0,attack,attack
60,20,40,0,1,0,0,128,6,2928,normal,attack
126,20,112,0,1,0,0,64,6,22,attack,attack
1514,20,1500,0,1,0,0,52,6,80,normal,normal
662,20,648,0,0,0,0,111,17,0,attack,attack
60,20,40,0,1,0,0,128,6,1715,normal,normal
1514,20,1500,0,1,0,0,63,6,22,normal,normal
60,20,40,0,1,0,0,128,6,1744,normal,normal
60,20,40,0,1,0,0,128,6,2328,attack,attack
60,20,40,0,1,0,0,128,6,2106,attack,attack
60,20,40,0,1,0,0,128,6,4561,normal,normal
110,20,96,0,1,0,0,128,6,16816,normal,normal
212,20,198,0,0,0,0,112,17,0,attack,attack
1514,20,1500,0,1,0,0,63,6,22,normal,normal
1514,20,1500,0,1,0,0,107,6,48412,attack,attack
60,20,40,0,1,0,0,128,6,3171,normal,normal
60,20,40,0,1,0,0,128,6,2106,normal,attack
79,20,65,0,1,0,0,64,6,143,normal,normal
60,20,40,0,1,0,0,128,6,4869,normal,attack
1434,20,1420,0,1,0,0,52,6,64277,attack,attack
102,20,88,0,1,0,0,64,6,22,normal,normal
62,20,48,0,0,0,0,107,17,0,attack,attack
86,20,72,0,1,0,0,64,6,22,normal,normal
60,20,40,0,1,0,0,128,6,3019,normal,normal
1514,20,1500,0,1,0,0,108,6,57421,attack,attack
1514,20,1500,0,1,0,0,63,6,22,normal,normal
1514,20,1500,0,1,0,0,63,6,80,normal,normal
60,20,40,0,1,0,0,128,6,4568,normal,normal
1514,20,1500,0,1,0,0,63,6,22,normal,normal
126,20,112,0,1,0,0,128,6,4903,normal,normal
60,20,40,0,1,0,0,128,6,1715,normal,normal
1262,20,1248,0,0,0,0,112,17,0,attack,attack
150,20,136,0,1,0,0,128,6,4894,normal,normal
746,20,732,0,1,0,0,63,6,22,normal,normal
1480,20,1466,0,1,0,0,118,17,0,attack,attack
1514,20,1500,0,1,0,0,107,6,48412,attack,attack
62,20,48,0,1,0,0,128,6,4549,normal,normal
212,20,198,0,0,0,0,112,17,0,attack,attack
362,20,348,0,0,0,0,111,17,0,attack,attack
110,20,96,0,1,0,0,128,6,1705,normal,normal
60,20,40,0,1,0,0,128,6,1739,normal,normal
134,20,120,0,1,0,0,128,6,4188,attack,attack
60,20,40,0,1,0,0,128,6,3171,normal,normal
1480,20,1466,0,0,0,0,107,17,0,attack,attack
566,20,552,0,0,0,0,47,6,51413,attack,attack
314,20,300,0,0,0,0,63,17,0,normal,normal
1514,20,1500,0,1,0,0,52,6,80,normal,normal
774,20,760,0,1,0,0,64,6,22,attack,attack
60,20,40,0,1,0,0,128,6,3047,normal,normal
60,20,40,0,1,0,0,63,6,80,normal,normal
1514,20,1500,0,1,0,0,64,6,22,normal,attack
212,20,198,0,0,0,0,109,17,0,attack,attack
60,20,40,0,1,0,0,63,6,22,attack,attack
1434,20,1420,0,1,0,0,241,6,80,normal,normal
110,20,96,0,1,0,0,63,6,22,normal,normal
110,20,96,0,1,0,0,63,6,22,normal,attack
60,20,40,0,1,0,0,128,6,2115,attack,attack
62,20,48,0,1,0,0,109,6,26076,attack,attack
1514,20,1500,0,1,0,0,107,6,48412,attack,attack
1480,20,1466,0,0,0,0,111,17,0,attack,attack
838,20,824,0,1,0,0,63,6,22,normal,normal
60,20,40,0,1,0,0,128,6,4900,attack,attack
1514,20,1500,0,1,0,0,64,6,22,normal,normal
1514,20,1500,0,1,0,0,64,6,22,normal,attack
112,20,98,0,1,0,0,128,6,1735,normal,normal
1480,20,1466,0,0,0,0,113,17,0,attack,attack
212,20,198,0,0,0,0,106,17,0,attack,attack
1514,20,1500,0,1,0,0,46,6,80,normal,normal
1514,20,1500,0,1,0,0,47,6,6969,attack,attack
102,20,88,0,1,0,0,64,6,22,attack,attack
60,20,40,0,1,0,0,128,6,1729,normal,normal
1434,20,1420,0,1,0,0,241,6,80,normal,normal
94,20,80,0,1,0,0,128,6,4498,normal,normal
1514,20,1500,0,1,0,0,48,6,80,normal,normal
1434,20,1420,0,1,0,0,102,6,80,normal,attack
60,20,40,0,1,0,0,128,6,2367,attack,attack
102,20,88,0,1,0,0,64,6,22,attack,attack
60,20,40,0,1,0,0,63,6,22,normal,normal
62,20,48,0,1,0,0,109,6,26076,attack,attack
566,20,552,0,0,0,0,47,6,51413,attack,attack
1514,20,1500,0,1,0,0,64,6,22,attack,attack
102,20,88,0,1,0,0,64,6,22,normal,normal
60,20,40,0,1,0,0,63,6,22,normal,normal
362,20,348,0,0,0,0,45,17,0,attack,attack
60,20,40,0,1,0,0,128,6,3823,normal,normal
1514,20,1500,0,1,0,0,64,6,22,normal,normal
62,20,48,0,0,0,0,128,17,0,attack,attack
1434,20,1420,0,1,0,0,241,6,80,normal,normal
60,20,40,0,1,0,0,128,6,3019,normal,normal
60,20,40,0,1,0,0,128,6,3822,normal,normal
662,20,648,0,0,0,0,112,17,0,attack,attack
1514,20,1500,0,1,0,0,63,6,22,attack,attack
60,20,40,0,1,0,0,56,6,80,normal,normal
60,20,40,0,1,0,0,64,6,22,normal,normal
1514,20,1500,0,1,0,0,108,6,57421,attack,attack
362,20,348,0,0,0,0,110,17,0,attack,attack
1434,20,1420,0,1,0,0,240,6,80,normal,normal
60,20,40,0,1,0,0,64,6,22,normal,normal
1231,20,1217,0,1,0,0,56,6,80,normal,normal
1514,20,1500,0,1,0,0,63,6,22,attack,attack
60,20,40,0,1,0,0,128,6,4499,normal,normal
212,20,198,0,0,0,0,112,17,0,attack,attack
60,20,40,0,1,0,0,112,6,35691,attack,attack
774,20,760,0,1,0,0,64,6,22,normal,normal
60,20,40,0,1,0,0,128,6,4563,normal,normal
1480,20,1466,0,1,0,0,111,17,0,attack,attack
60,20,40,0,1,0,0,128,6,2115,attack,attack
110,20,96,0,1,0,0,128,6,4777,attack,attack
142,20,128,0,1,0,0,63,6,22,normal,normal
1514,20,1500,0,1,0,0,63,6,22,normal,normal
1434,20,1420,0,1,0,0,241,6,80,normal,normal
1514,20,1500,0,1,0,0,43,6,80,normal,normal
60,20,40,0,1,0,0,64,6,22,attack,attack
1434,20,1420,0,1,0,0,241,6,80,normal,normal
60,20,40,0,0,0,0,128,6,2120,attack,attack
1514,20,1500,0,1,0,0,63,6,22,attack,attack
62,20,48,0,0,0,0,128,17,0,attack,attack
60,20,40,0,1,0,0,128,6,4496,normal,normal
1514,20,1500,0,1,0,0,64,6,22,normal,normal
212,20,198,0,0,0,0,106,17,0,attack,attack
60,20,40,0,0,0,0,128,6,2120,attack,attack
1514,20,1500,0,1,0,0,45,6,80,normal,normal
60,20,40,0,1,0,0,63,6,110,attack,normal
212,20,198,0,0,0,0,109,17,0,attack,attack
60,20,40,0,1,0,0,63,6,22,normal,normal
60,20,40,0,1,0,0,43,6,80,attack,attack
62,20,48,0,0,0,0,128,17,0,attack,attack
62,20,48,0,1,0,0,63,6,22,attack,attack
1434,20,1420,0,1,0,0,241,6,80,normal,normal
60,20,40,0,1,0,0,128,6,15872,normal,normal
60,20,40,0,1,0,0,56,6,80,normal,normal
60,20,40,0,1,0,0,128,6,1724,normal,normal
1514,20,1500,0,1,0,0,63,6,22,normal,normal
1514,20,1500,0,1,0,0,64,6,22,normal,normal
60,20,40,0,1,0,0,128,6,2490,normal,normal
1514,20,1500,0,1,0,0,64,6,22,normal,normal
1514,20,1500,0,1,0,0,64,6,22,attack,attack
362,20,348,0,0,0,0,45,17,0,attack,attack
60,20,40,0,1,0,0,128,6,2985,normal,normal
1514,20,1500,0,1,0,0,52,6,51413,attack,attack
60,20,40,0,1,0,0,128,6,2985,normal,normal
1514,20,1500,0,1,0,0,63,6,22,normal,normal
566,20,552,0,0,0,0,47,6,51413,attack,attack
88,20,74,0,0,0,0,128,17,0,attack,attack
566,20,552,0,0,0,0,47,6,51413,attack,attack
60,20,40,0,1,0,0,128,6,4877,attack,attack
60,20,40,0,1,0,0,128,6,1051,attack,attack
1514,20,1500,0,1,0,0,64,6,22,attack,attack
110,20,96,0,1,0,0,128,6,1222,normal,normal
60,20,40,0,1,0,0,63,6,22,normal,normal
1514,20,1500,0,1,0,0,45,6,80,normal,attack
154,20,140,0,1,0,0,112,6,48544,attack,attack
60,20,40,0,1,0,0,128,6,51065,normal,normal
1514,20,1500,0,1,0,0,56,6,80,normal,normal
662,20,648,0,0,0,0,110,17,0,attack,attack
93,20,79,0,1,0,0,64,6,22,normal,normal
1514,20,1500,0,1,0,0,41,6,80,normal,normal
68,20,54,0,0,0,0,128,17,0,attack,attack
1434,20,1420,0,1,0,0,241,6,80,normal,normal
60,20,40,0,1,0,0,128,6,3019,normal,normal
1514,20,1500,0,1,0,0,64,6,22,normal,normal
60,20,40,0,1,0,0,128,6,3852,normal,normal
60,20,40,0,1,0,0,41,6,80,attack,attack
1480,20,1466,0,0,0,0,106,17,0,attack,attack
362,20,348,0,0,0,0,110,17,0,attack,attack
142,20,128,0,1,0,0,128,6,15848,normal,normal
60,20,40,0,1,0,0,128,6,2296,attack,attack
60,20,40,0,1,0,0,128,6,1039,attack,attack
1514,20,1500,0,1,0,0,43,6,80,normal,normal
1514,20,1500,0,1,0,0,64,6,22,normal,normal
1480,20,1466,0,1,0,0,118,17,0,attack,attack
60,20,40,0,1,0,0,128,6,2354,attack,attack
1514,20,1500,0,1,0,0,63,6,22,normal,normal
1434,20,1420,0,1,0,0,241,6,80,normal,normal
60,20,40,0,1,0,0,64,6,22,normal,normal
212,20,198,0,0,0,0,112,17,0,attack,attack
1480,20,1466,0,0,0,0,111,17,0,attack,attack
62,20,48,0,0,0,0,128,17,0,attack,attack
1514,20,1500,0,1,0,0,63,6,22,normal,normal
1514,20,1500,0,1,0,0,63,6,22,normal,normal
362,20,348,0,0,0,0,110,17,0,attack,attack
60,20,40,0,1,0,0,128,6,4499,normal,normal
1434,20,1420,0,1,0,0,241,6,80,normal,normal
60,20,40,0,1,0,0,128,6,4530,normal,normal
60,20,40,0,1,0,0,128,6,1724,normal,normal
212,20,198,0,0,0,0,105,17,0,attack,attack
1480,20,1466,0,0,0,0,115,17,0,attack,attack
1434,20,1420,0,1,0,0,241,6,80,normal,normal
1480,20,1466,0,1,0,0,117,17,0,attack,attack
1434,20,1420,0,1,0,0,240,6,80,normal,normal
60,20,40,0,1,0,0,128,6,2318,attack,attack
62,20,48,0,0,0,0,128,17,0,attack,attack
60,20,40,0,1,0,0,128,6,2490,normal,normal
113,20,99,0,1,0,0,128,6,4520,normal,normal
1434,20,1420,0,1,0,0,241,6,80,normal,normal
60,20,40,0,1,0,0,49,6,80,normal,normal
1514,20,1500,0,1,0,0,46,6,80,normal,normal
60,20,40,0,1,0,0,128,6,3021,normal,normal
1514,20,1500,0,1,0,0,41,6,80,attack,attack
60,20,40,0,1,0,0,128,6,2926,attack,attack
60,20,40,0,1,0,0,112,6,44817,attack,attack
60,20,40,0,1,0,0,128,6,4869,normal,attack
1514,20,1500,0,1,0,0,63,6,22,normal,normal
1514,20,1500,0,1,0,0,63,6,22,normal,normal
60,20,40,0,1,0,0,128,6,4501,normal,normal
60,20,40,0,1,0,0,240,6,80,normal,normal
74,20,60,0,0,0,0,128,17,0,normal,normal
362,20,348,0,0,0,0,112,17,0,attack,attack
1514,20,1500,0,1,0,0,64,6,22,normal,normal
212,20,198,0,0,0,0,106,17,0,attack,attack
134,20,120,0,1,0,0,63,6,22,attack,normal
118,20,104,0,1,0,0,64,6,22,normal,normal
60,20,40,0,1,0,0,128,6,1054,attack,attack
1480,20,1466,0,0,0,0,106,17,0,attack,attack
212,20,198,0,0,0,0,106,17,0,attack,attack
1514,20,1500,0,1,0,0,63,6,22,attack,attack
60,20,40,0,1,0,0,64,6,22,attack,attack
1514,20,1500,0,1,0,0,63,6,22,normal,normal
1514,20,1500,0,1,0,0,63,6,22,normal,normal
60,20,40,0,1,0,0,43,6,80,normal,normal
134,20,120,0,1,0,0,52,6,64277,attack,attack
1514,20,1500,0,1,0,0,64,6,22,attack,attack
1514,20,1500,0,1,0,0,64,6,22,normal,normal
60,20,40,0,1,0,0,128,6,4026,normal,normal
60,20,40,0,1,0,0,128,6,1046,attack,attack
60,20,40,0,1,0,0,128,6,15839,normal,normal
93,20,79,0,0,0,0,64,17,0,normal,normal
418,20,404,0,1,0,0,64,6,22,attack,attack
662,20,648,0,0,0,0,108,17,0,attack,attack
418,20,404,0,1,0,0,64,6,22,normal,normal
1480,20,1466,0,0,0,0,106,17,0,attack,attack
60,20,40,0,1,0,0,128,6,4181,normal,normal
133,20,119,0,1,0,0,128,6,4025,normal,normal
60,20,40,0,1,0,0,128,6,1027,attack,attack
86,20,72,0,1,0,0,63,6,22,attack,attack
62,20,48,0,0,0,0,128,17,0,attack,attack
1514,20,1500,0,1,0,0,51,6,80,normal,normal
1514,20,1500,0,1,0,0,64,6,22,normal,normal
109,20,95,0,0,0,0,128,17,0,attack,attack
1514,20,1500,0,1,0,0,46,6,80,normal,normal
142,20,128,0,1,0,0,64,6,22,attack,attack
362,20,348,0,0,0,0,111,17,0,attack,attack
102,20,88,0,1,0,0,63,6,22,normal,normal
62,20,48,0,0,0,0,128,17,0,attack,attack
102,20,88,0,1,0,0,128,6,2099,normal,attack
126,20,112,0,1,0,0,128,6,4178,normal,normal
60,20,40,0,1,0,0,128,6,58996,attack,attack
60,20,40,0,1,0,0,128,6,4021,normal,normal
60,20,40,0,1,0,0,41,6,80,normal,attack
94,20,80,0,1,0,0,64,6,22,normal,normal
60,20,40,0,1,0,0,128,6,3077,normal,normal
212,20,198,0,0,0,0,112,17,0,attack,attack
1480,20,1466,0,0,0,0,109,17,0,attack,attack
60,20,40,0,1,0,0,128,6,3852,normal,normal
62,20,48,0,0,0,0,128,17,0,attack,attack
1514,20,1500,0,1,0,0,64,6,22,attack,attack
1514,20,1500,0,1,0,0,64,6,22,normal,normal
212,20,198,0,1,0,0,111,17,0,attack,attack
212,20,198,0,0,0,0,112,17,0,attack,attack
1514,20,1500,0,1,0,0,59,6,80,normal,normal
1514,20,1500,0,1,0,0,108,6,57421,attack,attack
1514,20,1500,0,1,0,0,63,6,22,attack,attack
62,20,48,0,0,0,0,128,17,0,attack,attack
1506,20,1492,0,1,0,0,109,6,26076,attack,attack
254,20,240,0,1,0,0,48,6,55123,attack,attack
60,20,40,0,1,0,0,128,6,2985,normal,normal
62,20,48,0,0,0,0,128,17,0,attack,attack
1434,20,1420,0,1,0,0,241,6,80,normal,normal
126,20,112,0,1,0,0,63,6,22,normal,normal
62,20,48,0,0,0,0,128,17,0,attack,attack
1434,20,1420,0,1,0,0,241,6,80,normal,normal
212,20,198,0,0,0,0,112,17,0,attack,attack
60,20,40,0,1,0,0,48,6,80,normal,normal
60,20,40,0,1,0,0,64,6,22,normal,normal
110,20,96,0,1,0,0,64,6,22,normal,normal
86,20,72,0,1,0,0,64,6,22,attack,attack
1514,20,1500,0,1,0,0,63,6,22,normal,normal
1514,20,1500,0,1,0,0,52,6,80,normal,normal
60,20,40,0,0,0,0,128,6,2214,attack,attack
1514,20,1500,0,1,0,0,64,6,22,normal,normal
62,20,48,0,0,0,0,128,17,0,attack,attack
60,20,40,0,1,0,0,128,6,3125,normal,normal
60,20,40,0,1,0,0,128,6,3905,normal,normal
399,20,385,0,1,0,0,109,6,26076,attack,attack
60,20,40,0,1,0,0,128,6,3051,normal,normal
859,20,845,0,0,0,0,110,17,0,attack,attack
60,20,45,0,1,0,0,112,6,48544,attack,attack
838,20,824,0,1,0,0,64,6,22,normal,normal
838,20,824,0,1,0,0,64,6,22,normal,normal
1514,20,1500,0,1,0,0,41,6,80,normal,normal
60,20,40,0,1,0,0,48,6,80,normal,normal
1480,20,1466,0,0,0,0,115,17,0,attack,attack
1514,20,1500,0,1,0,0,63,6,22,normal,normal
86,20,72,0,1,0,0,63,6,22,normal,normal
62,20,48,0,0,0,0,128,17,0,attack,attack
60,20,40,0,1,0,0,47,6,80,normal,normal
1514,20,1500,0,1,0,0,63,6,22,normal,attack
1480,20,1466,0,0,0,0,107,17,0,attack,attack
212,20,198,0,0,0,0,105,17,0,attack,attack
1514,20,1500,0,1,0,0,63,6,22,attack,attack
62,20,48,0,0,0,0,128,17,0,attack,attack
1480,20,1466,0,1,0,0,110,17,0,attack,attack
64,20,50,0,1,0,0,64,6,143,attack,attack
1514,20,1500,0,1,0,0,64,6,22,attack,attack
662,20,648,0,0,0,0,108,17,0,attack,attack
126,20,112,0,1,0,0,63,6,22,normal,normal
1434,20,1420,0,1,0,0,241,6,80,normal,normal
212,20,198,0,0,0,0,112,17,0,attack,attack
102,20,88,0,1,0,0,64,6,22,attack,attack
1514,20,1500,0,1,0,0,45,6,80,normal,normal
60,20,40,0,1,0,0,128,6,3171,normal,normal
357,20,343,0,1,0,0,54,6,80,normal,normal
60,20,40,0,1,0,0,63,6,22,normal,normal
1262,20,1248,0,0,0,0,45,17,0,attack,attack
662,20,648,0,0,0,0,108,17,0,attack,attack
1514,20,1500,0,1,0,0,63,6,22,normal,normal
60,20,46,0,1,0,0,128,6,1223,normal,normal
110,20,96,0,1,0,0,128,6,2926,attack,attack
62,20,48,0,0,0,0,128,17,0,attack,attack
1514,20,1500,0,1,0,0,64,6,22,normal,normal
1514,20,1500,0,1,0,0,63,6,22,normal,normal
662,20,648,0,0,0,0,111,17,0,attack,attack
60,20,40,0,1,0,0,63,6,22,normal,normal
62,20,48,0,0,0,0,128,17,0,attack,attack
60,20,40,0,1,0,0,41,6,80,attack,attack
60,20,40,0,1,0,0,128,6,4020,normal,normal
1514,20,1500,0,1,0,0,64,6,22,normal,normal
1514,20,1500,0,1,0,0,64,6,22,normal,normal
62,20,48,0,0,0,0,128,17,0,attack,attack
62,20,48,0,0,0,0,128,17,0,attack,attack
62,20,48,0,0,0,0,107,17,0,attack,attack
212,20,198,0,0,0,0,112,17,0,attack,attack
62,20,48,0,0,0,0,128,17,0,attack,attack
1514,20,1500,0,1,0,0,45,6,80,normal,normal
1506,20,1492,0,1,0,0,45,6,51413,attack,attack
62,20,48,0,0,0,0,128,17,0,attack,attack
1434,20,1420,0,1,0,0,241,6,80,normal,normal
1514,20,1500,0,1,0,0,64,6,22,normal,normal
154,20,140,0,1,0,0,112,6,48544,attack,attack
62,20,48,0,1,0,0,128,6,2103,attack,attack
1514,20,1500,0,1,0,0,64,6,22,attack,attack
1434,20,1420,0,1,0,0,241,6,80,normal,normal
1514,20,1500,0,1,0,0,52,6,51413,attack,attack
93,20,79,0,0,0,0,64,17,0,normal,normal
62,20,48,0,0,0,0,128,17,0,attack,attack
60,20,40,0,1,0,0,48,6,80,normal,normal
60,20,40,0,1,0,0,128,6,2115,attack,attack
123,20,109,0,1,0,0,128,6,3019,normal,normal
60,20,40,0,1,0,0,128,6,4531,normal,normal
126,20,112,0,1,0,0,128,6,2399,normal,normal
62,20,48,0,0,0,0,128,17,0,attack,attack
62,20,48,0,0,0,0,128,17,0,attack,attack
60,0,0,0,0,0,0,0,0,0,normal,normal
72,20,58,0,0,0,0,107,17,0,attack,attack
1484,20,1470,0,0,0,0,55,6,80,normal,normal
838,20,824,0,1,0,0,63,6,22,attack,attack
62,20,48,0,0,0,0,128,17,0,attack,attack
60,20,40,0,1,0,0,128,6,2114,attack,attack
62,20,48,0,1,0,0,128,6,4488,normal,normal
1480,20,1466,0,0,0,0,110,17,0,attack,attack
60,20,40,0,1,0,0,128,6,1052,attack,attack
60,20,40,0,1,0,0,64,6,22,attack,attack
1514,20,1500,0,1,0,0,64,6,22,normal,normal
60,20,40,0,1,0,0,64,6,22,attack,attack
60,20,40,0,1,0,0,63,6,22,attack,attack
71,20,57,0,1,0,0,63,6,143,normal,normal
662,20,648,0,0,0,0,108,17,0,attack,attack
1514,20,1500,0,1,0,0,63,6,22,normal,normal
60,20,40,0,1,0,0,128,6,59000,attack,attack
60,20,40,0,1,0,0,128,6,51063,normal,normal
1514,20,1500,0,1,0,0,64,6,22,normal,normal
1434,20,1420,0,1,0,0,241,6,80,normal,normal
1514,20,1500,0,1,0,0,63,6,22,normal,normal
60,20,40,0,1,0,0,63,6,22,normal,normal
60,20,40,0,1,0,0,128,6,1234,normal,normal
60,20,40,0,1,0,0,128,6,4788,attack,attack
154,20,140,0,1,0,0,112,6,48544,attack,attack
418,20,404,0,1,0,0,64,6,22,normal,normal
1514,20,1500,0,1,0,0,47,6,6969,attack,attack
60,20,41,0,1,0,0,51,6,80,normal,normal
126,20,112,0,1,0,0,128,6,2491,normal,normal
60,20,40,0,1,0,0,64,6,22,normal,normal
60,20,40,0,1,0,0,128,6,2924,attack,attack
1514,20,1500,0,1,0,0,63,6,22,normal,normal
68,20,54,0,0,0,0,128,17,0,attack,attack
792,20,778,0,1,0,0,113,6,80,attack,attack
1514,20,1500,0,1,0,0,64,6,22,normal,attack
207,20,193,0,0,0,0,63,17,0,normal,normal
1434,20,1420,0,1,0,0,241,6,80,normal,normal
1514,20,1500,0,1,0,0,47,6,6969,attack,attack
1514,20,1500,0,1,0,0,64,6,22,attack,normal
1480,20,1466,0,0,0,0,113,17,0,attack,attack
126,20,112,0,1,0,0,63,6,22,attack,attack
1087,20,1073,0,1,0,0,45,6,80,normal,normal
1514,20,1500,0,1,0,0,63,6,22,attack,attack
62,20,48,0,0,0,0,128,17,0,attack,attack
1434,20,1420,0,1,0,0,241,6,80,normal,normal
110,20,96,0,1,0,0,64,6,22,attack,attack
60,20,40,0,1,0,0,128,6,3869,normal,attack
774,20,760,0,1,0,0,64,6,22,attack,attack
1480,20,1466,0,0,0,0,109,17,0,attack,attack
60,20,40,0,1,0,0,128,6,1715,normal,normal
60,20,40,0,1,0,0,128,6,3019,normal,normal
1514,20,1500,0,1,0,0,63,6,22,normal,normal
126,20,112,0,1,0,0,64,6,22,normal,normal
60,20,40,0,1,0,0,128,6,4499,normal,normal
68,20,54,0,0,0,0,128,17,0,attack,attack
60,20,40,0,1,0,0,128,6,2328,attack,attack
1514,20,1500,0,1,0,0,41,6,80,normal,normal
60,20,40,0,1,0,0,128,6,3827,normal,normal
1514,20,1500,0,1,0,0,47,6,80,normal,normal
102,20,88,0,1,0,0,128,6,58993,attack,attack
68,20,54,0,0,0,0,128,17,0,attack,attack
1514,20,1500,0,1,0,0,47,6,80,normal,normal
134,20,120,0,1,0,0,128,6,4182,normal,normal
62,20,48,0,0,0,0,128,17,0,attack,attack
566,20,552,0,0,0,0,47,6,51413,attack,attack
1514,20,1500,0,1,0,0,63,6,80,normal,normal
247,20,233,0,1,0,0,42,6,6881,attack,attack
60,20,40,0,1,0,0,64,6,22,normal,normal
60,20,40,0,1,0,0,63,6,22,normal,normal
126,20,112,0,1,0,0,64,6,22,normal,normal
60,20,40,0,1,0,0,64,6,22,attack,attack
442,20,428,0,0,0,0,108,6,51884,attack,attack
782,20,768,0,1,0,0,64,6,22,normal,normal
1514,20,1500,0,1,0,0,52,6,51413,attack,attack
1514,20,1500,0,1,0,0,63,6,22,normal,normal
212,20,198,0,0,0,0,112,17,0,attack,attack
1514,20,1500,0,1,0,0,41,6,80,normal,normal
1514,20,1500,0,1,0,0,63,6,22,attack,attack
294,20,280,0,1,0,0,128,6,4780,attack,attack
60,20,40,0,1,0,0,128,6,2985,normal,normal
1514,20,1500,0,1,0,0,63,6,22,attack,attack
126,20,112,0,1,0,0,128,6,4869,attack,attack
362,20,348,0,0,0,0,111,17,0,attack,attack
93,20,79,0,1,0,0,64,6,22,normal,attack
126,20,112,0,1,0,0,64,6,22,normal,normal
378,20,364,0,1,0,0,51,6,80,normal,normal
1480,20,1466,0,0,0,0,108,17,0,attack,attack
142,20,128,0,1,0,0,128,6,4902,normal,normal
60,20,40,0,1,0,0,128,6,4874,attack,attack
60,20,40,0,1,0,0,128,6,1230,normal,normal
60,20,40,0,1,0,0,128,6,1730,normal,normal
62,20,48,0,0,0,0,128,17,0,attack,attack
144,20,130,0,1,0,0,128,6,4904,attack,attack
60,20,40,0,1,0,0,64,6,22,normal,normal
102,20,88,0,1,0,0,63,6,22,normal,attack
60,20,40,0,1,0,0,128,6,3019,normal,normal
78,20,64,0,0,0,0,128,17,0,normal,normal
62,20,48,0,1,0,0,54,6,80,normal,normal
206,20,192,0,0,0,0,63,17,0,normal,normal
1514,20,1500,0,1,0,0,63,6,22,normal,normal
60,20,40,0,1,0,0,128,6,2106,attack,attack
472,20,458,0,0,0,0,58,17,0,normal,normal
60,20,40,0,1,0,0,128,6,2328,attack,attack
362,20,348,0,0,0,0,45,17,0,attack,attack
212,20,198,0,0,0,0,112,17,0,attack,attack
1514,20,1500,0,1,0,0,41,6,80,normal,normal
1514,20,1500,0,1,0,0,63,6,22,normal,normal
60,20,40,0,1,0,0,128,6,2985,normal,normal
498,20,484,0,1,0,0,241,6,80,normal,normal
1514,20,1500,0,1,0,0,63,6,22,normal,normal
1514,20,1500,0,1,0,0,64,6,22,normal,normal
212,20,198,0,0,0,0,105,17,0,attack,attack
60,20,40,0,1,0,0,89,6,80,normal,normal
126,20,112,0,1,0,0,64,6,22,normal,normal
1514,20,1500,0,1,0,0,63,6,22,attack,attack
118,20,104,0,1,0,0,63,6,22,normal,normal
62,20,48,0,0,0,0,128,17,0,attack,attack
662,20,648,0,0,0,0,112,17,0,attack,attack
1514,20,1500,0,1,0,0,45,6,80,normal,normal
60,20,40,0,1,0,0,128,6,2404,normal,normal
94,20,80,0,1,0,0,128,6,1710,normal,normal
774,20,760,0,1,0,0,63,6,22,normal,normal
362,20,348,0,0,0,0,45,17,0,attack,attack
86,20,72,0,1,0,0,64,6,22,normal,normal
102,20,88,0,1,0,0,128,6,2489,normal,normal
662,20,648,0,0,0,0,109,17,0,attack,attack
60,20,40,0,1,0,0,128,6,4534,normal,normal
1434,20,1420,0,1,0,0,241,6,80,normal,normal
1514,20,1500,0,1,0,0,64,6,22,normal,normal
1514,20,1500,0,1,0,0,63,6,22,normal,normal
126,20,112,0,1,0,0,128,6,1222,normal,normal
142,20,128,0,1,0,0,128,6,1222,normal,normal
418,20,404,0,1,0,0,64,6,22,normal,normal
662,20,648,0,0,0,0,45,17,0,attack,attack
1506,20,1492,0,1,0,0,109,6,26076,attack,attack
1434,20,1420,0,1,0,0,241,6,80,normal,normal
1514,20,1500,0,1,0,0,64,6,22,normal,normal
1514,20,1500,0,1,0,0,63,6,22,normal,normal
1434,20,1420,0,1,0,0,241,6,80,normal,normal
1514,20,1500,0,1,0,0,64,6,22,normal,normal
1514,20,1500,0,1,0,0,41,6,80,normal,normal
1514,20,1500,0,1,0,0,64,6,22,normal,normal
60,20,40,0,1,0,0,64,6,22,normal,normal
1514,20,1500,0,1,0,0,63,6,22,attack,attack
1514,20,1500,0,1,0,0,64,6,22,normal,normal
134,20,120,0,1,0,0,52,6,64277,attack,attack
353,20,339,0,1,0,0,241,6,80,normal,normal
60,20,40,0,1,0,0,128,6,2296,attack,attack
1514,20,1500,0,1,0,0,63,6,22,attack,attack
1514,20,1500,0,1,0,0,63,6,22,normal,normal
1480,20,1466,0,0,0,0,113,17,0,attack,attack
102,20,88,0,1,0,0,63,6,22,attack,attack
362,20,348,0,0,0,0,111,17,0,attack,attack
212,20,198,0,0,0,0,45,17,0,normal,attack
60,20,40,0,1,0,0,128,6,4528,normal,normal
418,20,404,0,1,0,0,64,6,22,normal,normal
1514,20,1500,0,1,0,0,64,6,22,normal,normal
60,20,40,0,1,0,0,128,6,3102,normal,normal
662,20,648,0,0,0,0,111,17,0,attack,attack
362,20,348,0,0,0,0,111,17,0,attack,attack
60,20,40,0,0,0,0,128,6,2141,attack,attack
93,20,79,0,1,0,0,64,6,22,normal,normal
60,20,40,0,1,0,0,128,6,4947,attack,attack
1434,20,1420,0,1,0,0,52,6,64277,attack,attack
212,20,198,0,0,0,0,108,17,0,attack,attack
60,20,40,0,1,0,0,128,6,2328,attack,attack
62,20,48,0,0,0,0,128,17,0,attack,attack
62,20,48,0,0,0,0,128,17,0,attack,attack
126,20,112,0,1,0,0,63,6,22,normal,normal
662,20,648,0,0,0,0,108,17,0,attack,attack
62,20,48,0,0,0,0,128,17,0,attack,attack
1480,20,1466,0,0,0,0,115,17,0,attack,attack
1514,20,1500,0,1,0,0,63,6,22,attack,attack
62,20,48,0,1,0,0,128,6,4498,normal,normal
71,20,57,0,0,0,0,128,6,2109,attack,attack
60,20,40,0,1,0,0,128,6,4959,attack,attack
62,20,48,0,0,0,0,128,17,0,attack,attack
60,20,40,0,1,0,0,128,6,4493,normal,normal
1514,20,1500,0,1,0,0,64,6,22,normal,normal
60,20,40,0,1,0,0,128,6,2985,normal,normal
1514,20,1500,0,1,0,0,63,6,22,normal,normal
1514,20,1500,0,1,0,0,47,6,6969,attack,attack
1480,20,1466,0,0,0,0,111,17,0,attack,attack
70,20,56,0,1,0,0,109,6,26076,attack,attack
1514,20,1500,0,1,0,0,64,6,22,normal,normal
212,20,198,0,0,0,0,108,17,0,attack,attack
60,20,40,0,1,0,0,56,6,80,normal,normal
62,20,48,0,0,0,0,128,17,0,attack,attack
60,20,40,0,1,0,0,128,6,4511,normal,normal
110,20,96,0,1,0,0,63,6,22,normal,normal
1434,20,1420,0,1,0,0,241,6,80,normal,normal
60,20,40,0,1,0,0,128,6,59000,attack,attack
1514,20,1500,0,1,0,0,64,6,22,normal,normal
1434,20,1420,0,1,0,0,102,6,80,attack,attack
1514,20,1500,0,1,0,0,64,6,22,normal,normal
126,20,112,0,1,0,0,64,6,22,normal,normal
362,20,348,0,0,0,0,45,17,0,attack,attack
362,20,348,0,0,0,0,105,17,0,attack,attack
60,20,40,0,1,0,0,63,6,22,normal,normal
1148,20,1134,0,1,0,0,117,17,0,attack,attack
62,20,48,0,1,0,0,41,6,80,attack,attack
611,20,597,0,1,0,0,109,6,22,attack,attack
1434,20,1420,0,1,0,0,241,6,80,normal,normal
62,20,48,0,0,0,0,128,17,0,attack,attack
60,20,46,0,1,0,0,128,6,3240,attack,attack
62,20,48,0,0,0,0,128,17,0,attack,attack
62,20,48,0,0,0,0,128,17,0,attack,attack
62,20,48,0,0,0,0,128,17,0,attack,attack
60,20,40,0,1,0,0,128,6,2328,attack,attack
60,20,40,0,1,0,0,56,6,80,normal,normal
86,20,72,0,1,0,0,63,6,22,attack,attack
62,20,48,0,0,0,0,128,17,0,attack,attack
362,20,348,0,0,0,0,110,17,0,attack,attack
60,20,40,0,1,0,0,128,6,2985,normal,normal
1514,20,1500,0,1,0,0,52,6,80,normal,normal
60,20,40,0,1,0,0,128,6,3844,normal,normal
1314,20,1300,0,1,0,0,48,6,55123,attack,attack
72,20,58,0,0,0,0,107,17,0,attack,attack
62,20,48,0,0,0,0,128,17,0,attack,attack
60,20,40,0,1,0,0,128,6,1092,attack,attack
60,20,40,0,1,0,0,112,6,35691,attack,attack
1514,20,1500,0,1,0,0,47,6,80,normal,normal
1514,20,1500,0,1,0,0,63,6,22,normal,normal
60,20,40,0,1,0,0,128,6,3816,normal,normal
1013,20,999,0,1,0,0,43,6,80,normal,normal
1434,20,1420,0,1,0,0,241,6,80,normal,normal
60,20,40,0,1,0,0,128,6,2110,attack,attack
662,20,648,0,0,0,0,108,17,0,attack,attack
110,20,96,0,1,0,0,63,6,22,normal,normal
1514,20,1500,0,1,0,0,55,6,80,normal,normal
1514,20,1500,0,1,0,0,63,6,22,normal,normal
1514,20,1500,0,1,0,0,45,6,80,normal,normal
774,20,760,0,1,0,0,64,6,22,attack,attack
120,20,106,0,1,0,0,128,6,4024,normal,normal
212,20,198,0,0,0,0,108,17,0,attack,attack
662,20,648,0,0,0,0,108,17,0,attack,attack
134,20,120,0,1,0,0,63,6,22,normal,normal
126,20,112,0,1,0,0,128,6,2106,normal,attack
60,20,40,0,1,0,0,63,6,22,normal,normal
60,20,40,0,1,0,0,63,6,22,normal,normal
62,20,48,0,0,0,0,113,6,80,attack,attack
62,20,48,0,0,0,0,128,17,0,attack,attack
1514,20,1500,0,1,0,0,63,6,80,normal,normal
1514,20,1500,0,1,0,0,43,6,80,normal,normal
60,20,40,0,1,0,0,128,6,4959,attack,attack
1514,20,1500,0,1,0,0,63,6,22,normal,normal
1514,20,1500,0,1,0,0,52,6,80,normal,normal
60,20,40,0,1,0,0,128,6,1719,normal,normal
60,20,40,0,1,0,0,128,6,2354,attack,attack
60,20,40,0,1,0,0,64,6,22,attack,attack
60,20,40,0,1,0,0,128,6,1722,normal,normal
110,20,96,0,1,0,0,128,6,4501,normal,normal
1480,20,1466,0,0,0,0,45,17,0,attack,attack
62,20,48,0,0,0,0,128,17,0,attack,attack
1514,20,1500,0,1,0,0,64,6,22,normal,normal
110,20,96,0,1,0,0,128,6,4779,normal,attack
60,20,40,0,1,0,0,128,6,4869,attack,attack
102,20,88,0,1,0,0,64,6,22,normal,normal
212,20,198,0,0,0,0,112,17,0,attack,attack
566,20,552,0,0,0,0,47,6,51413,attack,attack
142,20,128,0,1,0,0,128,6,4860,attack,attack
1514,20,1500,0,1,0,0,41,6,80,attack,attack
1514,20,1500,0,1,0,0,63,6,22,attack,attack
140,20,126,0,1,0,0,128,6,1033,normal,attack
79,20,65,0,0,0,0,128,17,0,attack,attack
662,20,648,0,0,0,0,109,17,0,attack,attack
60,20,40,0,1,0,0,63,6,22,normal,normal
1514,20,1500,0,1,0,0,63,6,22,normal,normal
399,20,385,0,1,0,0,109,6,26076,attack,attack
1514,20,1500,0,1,0,0,52,6,80,normal,normal
135,20,121,0,1,0,0,128,6,4499,normal,normal
60,20,40,0,0,0,0,128,6,2120,attack,attack
1514,20,1500,0,1,0,0,64,6,22,normal,normal
60,20,40,0,1,0,0,128,6,15848,normal,normal
1514,20,1500,0,1,0,0,64,6,22,attack,attack
142,20,128,0,1,0,0,128,6,4186,attack,attack
60,20,40,0,1,0,0,64,6,22,normal,normal
60,20,40,0,1,0,0,64,6,22,attack,attack
89,20,75,0,0,0,0,128,17,0,attack,attack
60,20,40,0,1,0,0,128,6,3019,normal,normal
1514,20,1500,0,1,0,0,63,6,22,normal,normal
62,20,48,0,0,0,0,128,17,0,attack,attack
1480,20,1466,0,0,0,0,115,17,0,attack,attack
1480,20,1466,0,0,0,0,108,17,0,attack,attack
1514,20,1500,0,1,0,0,63,6,22,normal,normal
60,20,40,0,1,0,0,128,6,1731,normal,normal
566,20,552,0,0,0,0,47,6,51413,attack,attack
62,20,48,0,1,0,0,111,17,0,attack,attack
1514,20,1500,0,1,0,0,107,6,48412,attack,attack
60,20,40,0,1,0,0,128,6,3937,normal,normal
1480,20,1466,0,0,0,0,113,17,0,attack,attack
1514,20,1500,0,1,0,0,64,6,22,normal,normal
1514,20,1500,0,1,0,0,64,6,22,normal,normal
1514,20,1500,0,1,0,0,56,6,80,normal,normal
1480,20,1466,0,0,0,0,105,17,0,attack,attack
60,20,40,0,1,0,0,63,6,22,normal,normal
1514,20,1500,0,1,0,0,64,6,22,normal,normal
1494,20,1480,0,1,0,0,109,6,22,attack,attack
362,20,348,0,0,0,0,111,17,0,attack,attack
1480,20,1466,0,0,0,0,115,17,0,attack,attack
418,20,404,0,1,0,0,64,6,22,normal,normal
80,20,66,0,1,0,0,128,6,2296,attack,attack
1514,20,1500,0,1,0,0,63,6,22,normal,normal
1514,20,1500,0,1,0,0,63,6,22,normal,normal
1480,20,1466,0,0,0,0,45,17,0,attack,attack
60,20,40,0,1,0,0,128,6,2367,attack,attack
362,20,348,0,0,0,0,110,17,0,attack,attack
1480,20,1466,0,0,0,0,111,17,0,attack,attack
130,20,116,0,1,0,0,128,6,3084,normal,normal
1480,20,1466,0,0,0,0,110,17,0,attack,attack
60,20,40,0,0,0,0,128,6,2120,attack,attack
362,20,348,0,0,0,0,112,17,0,attack,attack
62,20,48,0,0,0,0,128,17,0,attack,attack
1514,20,1500,0,1,0,0,52,6,80,normal,normal
74,20,60,0,1,0,0,64,6,52173,attack,attack
150,20,136,0,1,0,0,128,6,2493,normal,normal
60,20,40,0,1,0,0,63,6,110,attack,attack
1484,20,1470,0,0,0,0,55,6,80,normal,normal
146,20,132,0,1,0,0,128,6,4540,normal,normal
62,20,48,0,0,0,0,128,17,0,attack,attack
1514,20,1500,0,1,0,0,64,6,22,attack,normal
212,20,198,0,0,0,0,108,17,0,attack,attack
1414,20,1400,0,1,0,0,112,6,48544,attack,attack
62,20,48,0,0,0,0,128,17,0,attack,attack
1514,20,1500,0,1,0,0,63,6,22,normal,normal
60,20,40,0,1,0,0,128,6,15864,normal,normal
1514,20,1500,0,1,0,0,63,6,22,normal,normal
62,20,48,0,0,0,0,128,17,0,attack,attack
1434,20,1420,0,1,0,0,241,6,80,normal,normal
1514,20,1500,0,1,0,0,63,6,22,normal,normal
362,20,348,0,0,0,0,108,17,0,attack,attack
1514,20,1500,0,1,0,0,52,6,51413,attack,attack
1514,20,1500,0,1,0,0,108,6,57421,attack,attack
66,20,52,0,1,0,0,64,6,22,normal,normal
1480,20,1466,0,1,0,0,118,17,0,attack,attack
60,20,40,0,1,0,0,128,6,2115,attack,attack
62,20,48,0,0,0,0,128,17,0,attack,attack
62,20,48,0,0,0,0,128,17,0,attack,attack
1514,20,1500,0,1,0,0,43,6,80,normal,normal
60,20,40,0,1,0,0,128,6,51070,normal,normal
1514,20,1500,0,1,0,0,63,6,22,normal,normal
190,20,176,0,1,0,0,63,6,22,normal,attack
60,20,40,0,1,0,0,64,6,22,normal,normal
60,20,40,0,1,0,0,128,6,4524,normal,normal
838,20,824,0,1,0,0,64,6,22,normal,normal
816,20,802,0,1,0,0,109,6,26076,attack,attack
1514,20,1500,0,1,0,0,63,6,22,normal,normal
1514,20,1500,0,1,0,0,52,6,51413,attack,attack
212,20,198,0,0,0,0,112,17,0,attack,attack
134,20,120,0,1,0,0,64,6,22,normal,normal
81,20,67,0,0,0,0,128,17,0,attack,attack
62,20,48,0,0,0,0,111,17,0,attack,attack
1434,20,1420,0,1,0,0,241,6,80,normal,normal
1514,20,1500,0,1,0,0,64,6,22,normal,attack
1514,20,1500,0,1,0,0,63,6,22,normal,normal
60,20,40,0,1,0,0,128,6,2318,attack,attack
362,20,348,0,0,0,0,112,17,0,attack,attack
62,20,48,0,0,0,0,128,17,0,attack,attack
60,20,40,0,1,0,0,49,6,80,normal,normal
662,20,648,0,0,0,0,111,17,0,attack,attack
362,20,348,0,0,0,0,105,17,0,attack,attack
118,20,104,0,1,0,0,63,6,22,attack,attack
1514,20,1500,0,1,0,0,64,6,22,attack,attack
212,20,198,0,0,0,0,112,17,0,attack,attack
638,20,624,0,1,0,0,63,6,22,normal,normal
93,20,79,0,1,0,0,64,6,22,normal,normal
60,20,40,0,1,0,0,63,6,22,normal,attack
60,20,40,0,1,0,0,128,6,3022,normal,normal
60,20,40,0,1,0,0,128,6,3937,normal,normal
60,20,40,0,1,0,0,128,6,4483,normal,normal
1514,20,1500,0,1,0,0,64,6,22,normal,normal
60,20,40,0,1,0,0,128,6,3816,normal,normal
1514,20,1500,0,1,0,0,64,6,22,normal,normal
1514,20,1500,0,1,0,0,64,6,22,normal,normal
102,20,88,0,1,0,0,128,6,4871,attack,attack
62,20,48,0,0,0,0,128,17,0,attack,attack
1434,20,1420,0,1,0,0,241,6,80,normal,normal
60,20,40,0,1,0,0,41,6,80,attack,attack
60,20,40,0,1,0,0,128,6,2114,attack,attack
60,20,40,0,1,0,0,128,6,2115,attack,attack
1514,20,1500,0,1,0,0,64,6,22,normal,normal
60,20,40,0,1,0,0,128,6,2318,attack,attack
154,20,140,0,1,0,0,112,6,48544,attack,attack
60,20,40,0,1,0,0,128,6,4498,normal,normal
60,20,40,0,1,0,0,128,6,3019,normal,normal
62,20,48,0,0,0,0,128,17,0,attack,attack
1514,20,1500,0,1,0,0,63,6,22,normal,normal
142,20,128,0,1,0,0,128,6,2115,attack,attack
1514,20,1500,0,1,0,0,64,6,22,normal,normal
62,20,48,0,0,0,0,128,17,0,attack,attack
1514,20,1500,0,1,0,0,43,6,80,normal,normal
62,20,48,0,0,0,0,128,17,0,attack,attack
92,20,78,0,1,0,0,128,6,2099,attack,attack
60,20,40,0,1,0,0,63,6,22,attack,attack
1514,20,1500,0,1,0,0,63,6,22,attack,attack
60,20,40,0,1,0,0,63,6,22,attack,attack
1480,20,1466,0,0,0,0,111,17,0,attack,attack
126,20,112,0,1,0,0,128,6,1718,normal,normal
1514,20,1500,0,1,0,0,51,6,80,normal,normal
1514,20,1500,0,1,0,0,108,6,57421,attack,attack
60,20,40,0,1,0,0,128,6,3821,normal,normal
60,20,40,0,1,0,0,128,6,15864,normal,normal
1514,20,1500,0,1,0,0,63,6,22,normal,normal
1262,20,1248,0,0,0,0,112,17,0,attack,attack
1480,20,1466,0,0,0,0,106,17,0,attack,attack
60,20,40,0,1,0,0,128,6,4897,attack,attack
1514,20,1500,0,1,0,0,63,6,22,normal,normal
60,20,40,0,1,0,0,128,6,2985,normal,normal
60,20,40,0,1,0,0,128,6,2115,attack,attack
362,20,348,0,0,0,0,108,17,0,attack,attack
515,20,501,0,0,0,0,58,17,0,normal,normal
60,20,40,0,1,0,0,63,6,22,normal,normal
1514,20,1500,0,1,0,0,64,6,22,normal,attack
362,20,348,0,0,0,0,111,17,0,attack,attack
60,20,40,0,1,0,0,128,6,4500,normal,normal
60,20,40,0,1,0,0,128,6,1724,normal,normal
60,20,40,0,1,0,0,128,6,2328,attack,attack
60,20,40,0,1,0,0,128,6,4022,normal,normal
110,20,96,0,1,0,0,128,6,16808,normal,normal
60,20,40,0,1,0,0,128,6,3816,normal,normal
1514,20,1500,0,1,0,0,51,6,80,normal,normal
134,20,120,0,1,0,0,52,6,64277,attack,attack
60,20,40,0,1,0,0,56,6,80,normal,normal
69,20,55,0,1,0,0,128,6,4911,attack,attack
93,20,79,0,1,0,0,63,6,22,normal,normal
1514,20,1500,0,1,0,0,64,6,22,normal,normal
1414,20,1400,0,1,0,0,112,6,48544,attack,attack
60,20,40,0,1,0,0,128,6,4492,normal,normal
126,20,112,0,1,0,0,128,6,3928,normal,normal
131,20,117,0,1,0,0,128,6,3017,normal,normal
62,20,48,0,0,0,0,128,17,0,attack,attack
62,20,48,0,1,0,0,128,6,1235,normal,normal
60,20,40,0,1,0,0,128,6,2195,attack,attack
662,20,648,0,0,0,0,111,17,0,attack,attack
60,20,40,0,1,0,0,128,6,3019,normal,normal
1514,20,1500,0,1,0,0,41,6,80,normal,normal
62,20,48,0,1,0,0,128,6,4998,attack,attack
60,20,40,0,1,0,0,128,6,2985,normal,normal
62,20,48,0,0,0,0,128,17,0,attack,attack
1480,20,1466,0,0,0,0,111,17,0,attack,attack
362,20,348,0,0,0,0,45,17,0,attack,attack
60,20,40,0,1,0,0,64,6,22,normal,normal
662,20,648,0,0,0,0,110,17,0,attack,attack
70,20,56,0,1,0,0,128,6,4861,attack,attack
60,20,40,0,1,0,0,128,6,3171,normal,normal
81,20,67,0,1,0,0,128,6,2381,attack,attack
66,20,52,0,1,0,0,128,6,51067,normal,normal
86,20,72,0,1,0,0,63,6,22,attack,attack
1514,20,1500,0,1,0,0,63,6,22,normal,attack
60,20,40,0,1,0,0,128,6,4533,normal,normal
60,20,40,0,0,0,0,128,6,2120,attack,attack
60,20,40,0,1,0,0,128,6,2131,attack,attack
86,20,72,0,1,0,0,255,17,0,normal,normal
110,20,96,0,1,0,0,63,6,22,attack,attack
62,20,48,0,0,0,0,128,17,0,attack,attack
62,20,48,0,0,0,0,110,17,0,attack,attack
1494,20,1480,0,1,0,0,109,6,22,attack,attack
60,20,40,0,1,0,0,128,6,2367,attack,attack
1480,20,1466,0,0,0,0,111,17,0,attack,attack
1434,20,1420,0,1,0,0,241,6,80,normal,normal
206,20,192,0,1,0,0,128,6,58992,attack,attack
60,20,40,0,1,0,0,63,6,143,normal,normal
1480,20,1466,0,0,0,0,106,17,0,attack,attack
212,20,198,0,0,0,0,106,17,0,attack,attack
110,20,96,0,1,0,0,63,6,22,normal,normal
60,20,40,0,1,0,0,128,6,2106,attack,attack
1480,20,1466,0,0,0,0,110,17,0,attack,attack
212,20,198,0,0,0,0,111,17,0,attack,attack
98,20,84,0,0,0,0,128,17,0,attack,attack
60,20,40,0,1,0,0,128,6,1730,normal,normal
362,20,348,0,0,0,0,112,17,0,attack,attack
60,20,40,0,1,0,0,63,6,22,normal,normal
1514,20,1500,0,1,0,0,64,6,22,normal,normal
1514,20,1500,0,1,0,0,63,6,80,normal,normal
1514,20,1500,0,1,0,0,63,6,22,normal,normal
566,20,552,0,0,0,0,47,6,51413,attack,attack
1480,20,1466,0,0,0,0,108,17,0,attack,attack
1514,20,1500,0,1,0,0,64,6,22,attack,attack
60,20,40,0,1,0,0,128,6,1742,normal,normal
62,20,48,0,0,0,0,128,17,0,attack,attack
62,20,48,0,0,0,0,128,17,0,attack,attack
1514,20,1500,0,1,0,0,63,6,22,normal,normal
1514,20,1500,0,1,0,0,64,6,22,normal,normal
662,20,648,0,0,0,0,109,17,0,attack,attack
418,20,404,0,1,0,0,64,6,22,normal,normal
62,20,48,0,0,0,0,128,17,0,attack,attack
60,20,40,0,1,0,0,128,6,51096,normal,normal
838,20,824,0,1,0,0,64,6,22,attack,attack
118,20,104,0,1,0,0,63,6,22,normal,normal
1514,20,1500,0,1,0,0,63,6,80,normal,normal
62,20,48,0,0,0,0,128,17,0,attack,attack
62,20,48,0,0,0,0,128,17,0,attack,attack
62,20,48,0,0,0,0,128,17,0,attack,attack
254,20,240,0,1,0,0,48,6,55123,attack,attack
1514,20,1500,0,1,0,0,63,6,22,normal,normal
1514,20,1500,0,1,0,0,63,6,22,normal,normal
62,20,48,0,0,0,0,128,17,0,attack,attack
1480,20,1466,0,0,0,0,111,17,0,attack,attack
1514,20,1500,0,1,0,0,63,6,22,attack,attack
1514,20,1500,0,1,0,0,41,6,80,normal,normal
60,20,40,0,1,0,0,128,6,4181,normal,normal
60,20,40,0,1,0,0,128,6,2110,attack,attack
1514,20,1500,0,1,0,0,64,6,22,normal,normal
362,20,348,0,0,0,0,45,17,0,attack,attack
93,20,79,0,1,0,0,64,6,22,normal,normal
1484,20,1470,0,0,0,0,55,6,80,normal,normal
391,20,377,0,1,0,0,107,6,48412,attack,attack
1319,20,1305,0,1,0,0,41,6,80,normal,normal
60,20,40,0,1,0,0,128,6,2090,attack,attack
60,20,40,0,0,0,0,128,6,2109,attack,attack
60,20,40,0,1,0,0,128,6,51096,normal,normal
1514,20,1500,0,1,0,0,52,6,80,normal,normal
662,20,648,0,0,0,0,109,17,0,attack,attack
60,20,40,0,1,0,0,52,6,64277,attack,attack
118,20,104,0,1,0,0,64,6,22,normal,normal
1480,20,1466,0,0,0,0,118,17,0,attack,attack
1514,20,1500,0,1,0,0,64,6,22,normal,normal
212,20,198,0,0,0,0,106,17,0,attack,attack
362,20,348,0,0,0,0,112,17,0,attack,attack
362,20,348,0,0,0,0,105,17,0,attack,attack
1514,20,1500,0,1,0,0,64,6,22,normal,normal
1514,20,1500,0,1,0,0,52,6,80,normal,normal
62,20,48,0,0,0,0,128,17,0,attack,attack
197,20,183,0,0,0,0,58,17,0,normal,normal
126,20,112,0,1,0,0,63,6,22,normal,normal
92,20,78,0,1,0,0,128,6,15839,normal,normal
60,20,40,0,1,0,0,63,6,22,normal,normal
60,20,40,0,0,0,0,128,6,2120,attack,attack
126,20,112,0,1,0,0,128,6,4869,attack,attack
566,20,552,0,0,0,0,47,6,51413,attack,attack
212,20,198,0,0,0,0,112,17,0,attack,attack
1514,20,1500,0,1,0,0,64,6,22,normal,normal
60,20,40,0,1,0,0,128,6,3852,normal,normal
60,20,40,0,1,0,0,128,6,1729,normal,normal
60,20,40,0,1,0,0,128,6,3019,normal,normal
126,20,112,0,1,0,0,128,6,1714,normal,normal
774,20,760,0,1,0,0,64,6,22,normal,normal
1514,20,1500,0,1,0,0,63,6,22,normal,normal
126,20,112,0,1,0,0,128,6,16816,normal,normal
60,20,40,0,1,0,0,128,6,4014,normal,normal
1514,20,1500,0,1,0,0,64,6,22,attack,attack
62,20,48,0,0,0,0,128,17,0,attack,attack
60,20,40,0,1,0,0,128,6,16816,normal,normal
1514,20,1500,0,1,0,0,64,6,22,normal,normal
60,20,40,0,1,0,0,128,6,2114,normal,attack
1514,20,1500,0,1,0,0,63,6,22,normal,normal
110,20,96,0,1,0,0,63,6,22,normal,normal
662,20,648,0,0,0,0,112,17,0,attack,attack
102,20,88,0,1,0,0,63,6,22,attack,attack
1434,20,1420,0,1,0,0,241,6,80,normal,normal
1514,20,1500,0,1,0,0,106,6,27571,attack,attack
62,20,48,0,0,0,0,128,17,0,attack,attack
62,20,48,0,1,0,0,128,6,3049,normal,normal
60,20,40,0,1,0,0,128,6,4020,normal,normal
1480,20,1466,0,0,0,0,111,17,0,attack,attack
418,20,404,0,1,0,0,64,6,22,normal,attack
1514,20,1500,0,1,0,0,63,6,22,normal,normal
62,20,48,0,1,0,0,63,6,22,normal,normal
1514,20,1500,0,1,0,0,63,6,22,normal,normal
154,20,140,0,1,0,0,112,6,48544,attack,attack
1514,20,1500,0,1,0,0,63,6,22,normal,normal
362,20,348,0,0,0,0,45,17,0,attack,attack
60,20,40,0,1,0,0,128,6,2987,normal,normal
60,20,40,0,1,0,0,64,6,22,normal,normal
1514,20,1500,0,1,0,0,64,6,22,normal,attack
60,20,40,0,1,0,0,128,6,2928,attack,attack
60,20,40,0,1,0,0,128,6,2090,attack,attack
62,20,48,0,0,0,0,128,17,0,attack,attack
1514,20,1500,0,1,0,0,63,6,22,normal,normal
62,20,48,0,1,0,0,48,6,80,normal,normal
70,20,56,0,1,0,0,128,6,3168,normal,normal
92,20,78,0,0,0,0,128,17,0,attack,attack
60,20,40,0,1,0,0,128,6,2318,attack,attack
62,20,48,0,1,0,0,51,6,80,normal,normal
1514,20,1500,0,1,0,0,63,6,22,normal,normal
62,20,48,0,0,0,0,128,17,0,attack,attack
60,20,40,0,1,0,0,128,6,2985,normal,normal
1514,20,1500,0,1,0,0,63,6,22,normal,normal
60,20,40,0,1,0,0,128,6,4015,normal,normal
60,20,40,0,1,0,0,128,6,1739,normal,normal
1434,20,1420,0,1,0,0,241,6,80,normal,normal
60,20,40,0,1,0,0,128,6,51063,normal,normal
861,20,847,0,0,0,0,45,17,0,attack,attack
588,20,574,0,1,0,0,51,6,80,normal,normal
151,0,0,0,0,0,0,0,0,0,attack,attack
1514,20,1500,0,1,0,0,63,6,22,normal,normal
60,20,40,0,1,0,0,128,6,4517,normal,normal
1514,20,1500,0,1,0,0,63,6,22,normal,normal
362,20,348,0,0,0,0,109,17,0,attack,attack
110,20,96,0,1,0,0,128,6,4861,normal,attack
60,20,40,0,1,0,0,63,6,22,normal,normal
1434,20,1420,0,1,0,0,241,6,80,normal,normal
60,20,40,0,1,0,0,128,6,4015,normal,normal
212,20,198,0,0,0,0,112,17,0,attack,attack
60,20,40,0,1,0,0,128,6,59000,attack,attack
774,20,760,0,1,0,0,63,6,22,normal,normal
60,20,40,0,1,0,0,56,6,80,normal,normal
60,20,40,0,1,0,0,128,6,4909,normal,normal
60,20,40,0,1,0,0,128,6,2131,attack,attack
1514,20,1500,0,1,0,0,41,6,80,attack,attack
1514,20,1500,0,1,0,0,55,6,80,normal,normal
1514,20,1500,0,1,0,0,107,6,48412,attack,attack
1514,20,1500,0,1,0,0,63,6,22,normal,normal
62,20,48,0,0,0,0,128,17,0,attack,attack
142,20,128,0,1,0,0,128,6,3868,attack,attack
62,20,48,0,0,0,0,128,17,0,attack,attack
62,20,48,0,0,0,0,128,17,0,attack,attack
212,20,198,0,0,0,0,112,17,0,attack,attack
110,20,96,0,1,0,0,63,6,22,normal,normal
1506,20,1492,0,1,0,0,109,6,26076,attack,attack
1514,20,1500,0,1,0,0,63,6,22,normal,normal
62,20,48,0,1,0,0,128,6,1069,attack,attack
60,20,40,0,1,0,0,128,6,2115,attack,attack
1514,20,1500,0,1,0,0,64,6,22,attack,attack
1514,20,1500,0,1,0,0,63,6,22,attack,attack
102,20,88,0,1,0,0,63,6,22,attack,attack
1480,20,1466,0,0,0,0,109,17,0,attack,attack
94,20,80,0,1,0,0,63,6,22,normal,normal
60,20,40,0,1,0,0,128,6,2115,attack,attack
1514,20,1500,0,1,0,0,63,6,22,attack,attack
105,20,91,0,0,0,0,128,17,0,attack,attack
60,20,40,0,1,0,0,128,6,2328,attack,attack
212,20,198,0,0,0,0,108,17,0,attack,attack
126,20,112,0,1,0,0,128,6,58998,attack,attack
118,20,104,0,1,0,0,64,6,22,normal,normal
62,20,48,0,0,0,0,128,17,0,attack,attack
774,20,760,0,1,0,0,63,6,22,normal,attack
1514,20,1500,0,1,0,0,64,6,22,normal,normal
60,20,40,0,1,0,0,128,6,3842,normal,normal
60,20,40,0,1,0,0,63,6,22,normal,normal
1514,20,1500,0,1,0,0,64,6,22,attack,attack
212,20,198,0,0,0,0,111,17,0,attack,attack
130,20,116,0,1,0,0,128,6,3055,normal,normal
62,20,48,0,0,0,0,128,17,0,attack,attack
212,20,198,0,1,0,0,111,17,0,attack,attack
60,20,40,0,1,0,0,64,6,22,normal,normal
60,20,40,0,1,0,0,241,6,80,normal,normal
60,20,40,0,1,0,0,128,6,4784,attack,attack
60,20,40,0,1,0,0,128,6,4181,normal,normal
62,20,48,0,0,0,0,128,17,0,attack,attack
1514,20,1500,0,1,0,0,64,6,22,normal,normal
212,20,198,0,0,0,0,112,17,0,attack,attack
1514,20,1500,0,1,0,0,64,6,22,attack,attack
1514,20,1500,0,1,0,0,41,6,80,normal,normal
1514,20,1500,0,1,0,0,107,6,48412,attack,attack
1514,20,1500,0,1,0,0,64,6,22,normal,normal
60,20,40,0,1,0,0,64,6,22,attack,attack
62,20,48,0,0,0,0,128,17,0,attack,attack
1514,20,1500,0,1,0,0,63,6,22,normal,attack
60,20,40,0,1,0,0,128,6,1989,attack,attack
1514,20,1500,0,1,0,0,108,6,57421,attack,attack
1078,20,1064,0,1,0,0,45,6,51413,attack,attack
60,20,40,0,1,0,0,128,6,2985,normal,normal
60,20,40,0,1,0,0,128,6,1724,normal,normal
1246,20,1232,0,1,0,0,45,6,51413,attack,attack
1514,20,1500,0,1,0,0,47,6,6969,attack,attack
1434,20,1420,0,1,0,0,102,6,80,attack,attack
1514,20,1500,0,1,0,0,64,6,22,normal,normal
60,20,40,0,0,0,0,128,6,2141,attack,attack
93,20,79,0,1,0,0,64,6,22,normal,normal
93,20,79,0,1,0,0,64,6,22,normal,normal
62,20,48,0,0,0,0,128,17,0,attack,attack
142,20,128,0,1,0,0,128,6,4786,attack,attack
67,20,53,0,1,0,0,128,6,2166,attack,attack
134,20,120,0,1,0,0,128,6,3820,normal,normal
362,20,348,0,0,0,0,112,17,0,attack,attack
1514,20,1500,0,1,0,0,64,6,22,normal,normal
1514,20,1500,0,1,0,0,63,6,22,normal,normal
106,20,92,0,1,0,0,128,6,1739,normal,normal
1434,20,1420,0,1,0,0,52,6,64277,attack,attack
126,20,112,0,1,0,0,64,6,22,normal,normal
60,20,40,0,1,0,0,128,6,2328,attack,attack
1514,20,1500,0,1,0,0,43,6,80,normal,normal
1314,20,1300,0,1,0,0,48,6,55123,attack,attack
60,20,40,0,1,0,0,128,6,2328,attack,attack
68,20,54,0,0,0,0,128,17,0,attack,attack
212,20,198,0,0,0,0,112,17,0,attack,attack
102,20,88,0,1,0,0,64,6,22,attack,attack
88,20,74,0,0,0,0,128,17,0,attack,attack
86,20,72,0,1,0,0,64,6,22,normal,normal
60,20,40,0,1,0,0,128,6,2131,attack,attack
294,20,280,0,1,0,0,128,6,1718,normal,normal
1514,20,1500,0,1,0,0,41,6,80,normal,normal
60,20,40,0,1,0,0,64,6,22,normal,normal
60,20,40,0,1,0,0,128,6,2115,attack,attack
97,20,83,0,0,0,0,128,17,0,attack,attack
89,20,75,0,1,0,0,128,6,2318,attack,attack
1506,20,1492,0,1,0,0,45,6,51413,attack,attack
1514,20,1500,0,1,0,0,41,6,80,normal,normal
60,20,40,0,1,0,0,128,6,4501,normal,normal
62,20,48,0,0,0,0,128,17,0,attack,attack
102,20,88,0,1,0,0,128,6,3933,normal,normal
60,20,40,0,1,0,0,128,6,1729,normal,normal
80,20,66,0,1,0,0,128,6,2115,attack,attack
142,20,128,0,1,0,0,63,6,22,attack,attack
1514,20,1500,0,1,0,0,64,6,22,normal,normal
60,20,40,0,1,0,0,128,6,3816,normal,normal
60,20,40,0,1,0,0,128,6,3171,normal,normal
60,20,40,0,1,0,0,63,6,22,attack,attack
206,20,192,0,1,0,0,128,6,3868,normal,attack
1434,20,1420,0,1,0,0,241,6,80,normal,normal
1480,20,1466,0,0,0,0,111,17,0,attack,attack
60,20,40,0,1,0,0,63,6,22,normal,normal
60,20,40,0,1,0,0,128,6,2490,normal,normal
1502,20,1488,0,1,0,0,50,6,80,normal,normal
1514,20,1500,0,1,0,0,64,6,22,attack,attack
1434,20,1420,0,1,0,0,241,6,80,normal,normal
60,20,40,0,1,0,0,128,6,4502,normal,normal
1434,20,1420,0,1,0,0,241,6,80,normal,normal
62,20,48,0,0,0,0,128,17,0,attack,attack
1434,20,1420,0,1,0,0,52,6,64277,attack,attack
1506,20,1492,0,1,0,0,45,6,51413,attack,attack
418,20,404,0,1,0,0,64,6,22,normal,attack
60,20,40,0,0,0,0,128,6,2120,attack,attack
1514,20,1500,0,1,0,0,63,6,22,normal,normal
102,20,88,0,1,0,0,64,6,22,normal,normal
60,20,40,0,1,0,0,128,6,4955,attack,attack
126,20,112,0,1,0,0,128,6,2931,attack,attack
1514,20,1500,0,1,0,0,63,6,22,normal,normal
1514,20,1500,0,1,0,0,64,6,22,attack,attack
150,20,136,0,0,0,0,110,17,0,attack,attack
62,20,48,0,0,0,0,105,17,0,attack,attack
1434,20,1420,0,1,0,0,241,6,80,normal,normal
60,20,40,0,1,0,0,64,6,22,normal,normal
60,20,40,0,1,0,0,128,6,3100,normal,normal
190,20,176,0,1,0,0,63,6,22,attack,attack
212,20,198,0,0,0,0,105,17,0,attack,attack
118,20,104,0,1,0,0,63,6,22,normal,normal
1514,20,1500,0,1,0,0,41,6,80,normal,normal
1434,20,1420,0,1,0,0,241,6,80,normal,normal
1480,20,1466,0,0,0,0,113,17,0,attack,attack
62,20,48,0,1,0,0,128,6,4892,attack,attack
1514,20,1500,0,1,0,0,64,6,22,normal,normal
60,20,40,0,1,0,0,128,6,59000,attack,attack
1514,20,1500,0,1,0,0,63,6,22,normal,normal
1514,20,1500,0,1,0,0,63,6,22,attack,attack
60,20,40,0,1,0,0,128,6,1721,normal,normal
159,20,145,0,1,0,0,128,6,4932,attack,attack
1514,20,1500,0,1,0,0,52,6,80,normal,normal
590,20,576,0,0,0,0,108,6,51884,attack,attack
110,20,96,0,1,0,0,128,6,2920,attack,attack
1514,20,1500,0,1,0,0,63,6,22,normal,normal
60,20,40,0,1,0,0,41,6,80,attack,attack
1514,20,1500,0,1,0,0,63,6,22,normal,normal
212,20,198,0,0,0,0,112,17,0,attack,attack
418,20,404,0,1,0,0,64,6,22,attack,attack
737,20,723,0,1,0,0,241,6,80,normal,normal
1514,20,1500,0,1,0,0,64,6,22,normal,normal
1391,20,1377,0,1,0,0,56,6,80,normal,normal
1048,20,1034,0,1,0,0,46,6,80,normal,normal
1480,20,1466,0,0,0,0,113,17,0,attack,attack
60,20,40,0,1,0,0,64,6,22,attack,attack
1514,20,1500,0,1,0,0,64,6,22,normal,normal
1514,20,1500,0,1,0,0,64,6,22,normal,normal
60,20,40,0,1,0,0,128,6,1236,normal,normal
1434,20,1420,0,1,0,0,102,6,80,attack,attack
62,20,48,0,0,0,0,128,17,0,attack,attack
1502,20,1488,0,1,0,0,50,6,80,normal,normal
62,20,48,0,1,0,0,128,6,4910,normal,normal
60,20,40,0,1,0,0,128,6,15828,normal,normal
60,20,40,0,0,0,0,128,6,2120,attack,attack
212,20,198,0,0,0,0,112,17,0,attack,attack
1514,20,1500,0,1,0,0,41,6,80,normal,normal
1434,20,1420,0,1,0,0,241,6,80,normal,normal
126,20,112,0,1,0,0,64,6,22,attack,attack
62,20,48,0,0,0,0,128,17,0,attack,attack
60,20,40,0,1,0,0,128,6,2090,attack,attack
60,20,40,0,1,0,0,128,6,16816,normal,normal
60,20,40,0,1,0,0,128,6,15860,normal,normal
110,20,96,0,1,0,0,63,6,22,normal,normal
110,20,96,0,1,0,0,63,6,22,normal,normal
1514,20,1500,0,1,0,0,64,6,22,normal,normal
1514,20,1500,0,1,0,0,64,6,22,normal,normal
1414,20,1400,0,1,0,0,112,6,48544,attack,attack
62,20,48,0,0,0,0,128,17,0,attack,attack
1514,20,1500,0,1,0,0,64,6,22,attack,attack
126,20,112,0,1,0,0,64,6,22,normal,normal
60,20,40,0,1,0,0,128,6,2166,attack,attack
1514,20,1500,0,1,0,0,64,6,22,normal,attack
102,20,88,0,1,0,0,128,6,3174,normal,normal
60,20,40,0,1,0,0,128,6,2328,attack,attack
662,20,648,0,0,0,0,111,17,0,attack,attack
1514,20,1500,0,1,0,0,64,6,22,normal,attack
60,20,40,0,1,0,0,128,6,3172,normal,normal
453,20,439,0,1,0,0,56,6,80,normal,normal
1514,20,1500,0,1,0,0,64,6,22,normal,normal
1514,20,1500,0,1,0,0,63,6,22,normal,normal
418,20,404,0,1,0,0,63,6,22,attack,attack
1514,20,1500,0,1,0,0,63,6,22,attack,attack
294,20,280,0,1,0,0,128,6,3856,attack,attack
1514,20,1500,0,1,0,0,56,6,80,normal,normal
1434,20,1420,0,1,0,0,241,6,80,normal,normal
1514,20,1500,0,1,0,0,64,6,22,normal,normal
1514,20,1500,0,1,0,0,63,6,22,normal,normal
60,20,40,0,1,0,0,63,6,22,normal,attack
66,20,52,0,1,0,0,63,6,22,normal,normal
362,20,348,0,0,0,0,112,17,0,attack,attack
566,20,552,0,0,0,0,47,6,51413,attack,attack
110,20,96,0,1,0,0,64,6,22,attack,attack
62,20,48,0,0,0,0,128,17,0,attack,attack
60,20,40,0,1,0,0,128,6,51066,normal,normal
662,20,648,0,0,0,0,111,17,0,attack,attack
60,20,40,0,1,0,0,63,6,22,normal,normal
60,20,40,0,1,0,0,128,6,4869,attack,attack
60,20,40,0,1,0,0,63,6,22,normal,normal
1480,20,1466,0,0,0,0,45,17,0,attack,attack
1480,20,1466,0,0,0,0,112,17,0,attack,attack
60,20,40,0,1,0,0,64,6,22,attack,attack
60,20,40,0,1,0,0,128,6,3003,normal,normal
62,20,48,0,0,0,0,107,17,0,attack,attack
60,20,40,0,1,0,0,128,6,1027,attack,attack
60,20,40,0,1,0,0,64,6,22,attack,attack
1514,20,1500,0,1,0,0,52,6,80,normal,normal
60,20,40,0,1,0,0,63,6,22,normal,normal
1514,20,1500,0,1,0,0,63,6,22,attack,attack
134,20,120,0,1,0,0,128,6,3938,normal,normal
62,20,48,0,1,0,0,128,6,3130,normal,normal
86,20,72,0,1,0,0,64,6,22,normal,normal
60,20,40,0,1,0,0,128,6,2106,attack,attack
60,20,40,0,1,0,0,128,6,2928,attack,attack
1480,20,1466,0,0,0,0,106,17,0,attack,attack
1514,20,1500,0,1,0,0,63,6,22,attack,attack
1514,20,1500,0,1,0,0,47,6,51413,attack,attack
1514,20,1500,0,1,0,0,64,6,80,normal,normal
60,20,40,0,1,0,0,52,6,80,normal,normal
134,20,120,0,1,0,0,52,6,64277,attack,attack
110,20,96,0,1,0,0,64,6,22,normal,normal
60,20,40,0,1,0,0,128,6,3866,normal,attack
60,20,40,0,1,0,0,128,6,2106,normal,attack
1434,20,1420,0,1,0,0,241,6,80,normal,normal
132,20,118,0,1,0,0,128,6,4028,normal,normal
838,20,824,0,1,0,0,64,6,22,attack,attack
1484,20,1470,0,0,0,0,55,6,80,normal,normal
60,20,40,0,1,0,0,128,6,3926,normal,normal
1200,20,1186,0,1,0,0,56,6,80,normal,normal
60,20,40,0,1,0,0,49,6,80,normal,normal
60,20,40,0,1,0,0,128,6,3019,normal,normal
1514,20,1500,0,1,0,0,63,6,22,normal,normal
1514,20,1500,0,1,0,0,63,6,22,normal,normal
190,20,176,0,1,0,0,63,6,22,normal,normal
1514,20,1500,0,1,0,0,63,6,22,normal,normal
60,20,40,0,1,0,0,64,6,22,normal,normal
1514,20,1500,0,1,0,0,63,6,22,normal,normal
60,20,40,0,1,0,0,128,6,59000,attack,attack
62,20,48,0,0,0,0,128,17,0,attack,attack
166,20,152,0,0,0,0,128,6,2214,attack,attack
60,20,40,0,1,0,0,128,6,4501,normal,normal
1514,20,1500,0,1,0,0,64,6,22,normal,attack
566,20,552,0,0,0,0,47,6,51413,attack,attack
60,20,40,0,1,0,0,128,6,2385,attack,attack
1262,20,1248,0,0,0,0,112,17,0,attack,attack
62,20,48,0,0,0,0,128,17,0,attack,attack
861,20,847,0,0,0,0,111,17,0,attack,attack
62,20,48,0,0,0,0,128,17,0,attack,attack
126,20,112,0,1,0,0,64,6,22,normal,normal
212,20,198,0,0,0,0,112,17,0,attack,attack
861,20,847,0,0,0,0,115,17,0,attack,attack
102,20,88,0,1,0,0,64,6,22,normal,normal
60,20,40,0,0,0,0,128,6,2109,attack,attack
838,20,824,0,1,0,0,64,6,22,normal,normal
60,20,40,0,1,0,0,128,6,59000,attack,attack
60,20,40,0,1,0,0,128,6,51078,normal,normal
1480,20,1466,0,0,0,0,113,17,0,attack,attack
62,20,48,0,0,0,0,128,17,0,attack,attack
60,20,40,0,1,0,0,128,6,2928,attack,attack
212,20,198,0,0,0,0,105,17,0,attack,attack
1514,20,1500,0,1,0,0,41,6,80,normal,attack
60,20,40,0,1,0,0,63,6,22,normal,normal
1514,20,1500,0,1,0,0,63,6,22,normal,normal
60,20,40,0,1,0,0,128,6,2985,normal,normal
1514,20,1500,0,1,0,0,64,6,22,normal,normal
861,20,847,0,0,0,0,45,17,0,attack,attack
102,20,88,0,1,0,0,63,6,22,normal,normal
1514,20,1500,0,1,0,0,63,6,22,normal,normal
1480,20,1466,0,0,0,0,108,17,0,attack,attack
1514,20,1500,0,1,0,0,47,6,80,normal,normal
1514,20,1500,0,1,0,0,64,6,22,normal,normal
62,20,48,0,0,0,0,128,17,0,attack,attack
102,20,88,0,1,0,0,63,6,22,attack,attack
60,20,40,0,1,0,0,128,6,2318,attack,attack
1514,20,1500,0,1,0,0,64,6,22,normal,attack
60,20,40,0,1,0,0,64,6,22,attack,attack
62,20,48,0,0,0,0,128,17,0,attack,attack
1330,20,1316,0,1,0,0,45,6,51413,attack,attack
1514,20,1500,0,1,0,0,106,6,27571,attack,attack
418,20,404,0,1,0,0,64,6,22,attack,attack
60,20,40,0,1,0,0,128,6,16816,normal,normal
148,20,134,0,1,0,0,109,6,22,attack,attack
60,20,40,0,1,0,0,128,6,4875,attack,attack
62,20,48,0,0,0,0,128,17,0,attack,attack
695,20,681,0,1,0,0,47,6,80,normal,normal
60,20,40,0,1,0,0,128,6,3171,normal,normal
212,20,198,0,0,0,0,112,17,0,attack,attack
60,20,40,0,1,0,0,128,6,4788,attack,attack
62,20,48,0,0,0,0,128,17,0,attack,attack
60,20,40,0,1,0,0,128,6,4938,attack,attack
1514,20,1500,0,1,0,0,64,6,22,normal,normal
212,20,198,0,0,0,0,112,17,0,attack,attack
1514,20,1500,0,1,0,0,52,6,80,normal,normal
60,20,40,0,1,0,0,128,6,3936,normal,normal
1502,20,1488,0,1,0,0,50,6,80,normal,normal
60,20,40,0,1,0,0,128,6,2115,attack,attack
1480,20,1466,0,0,0,0,111,17,0,attack,attack
1480,20,1466,0,0,0,0,113,17,0,attack,attack
1434,20,1420,0,1,0,0,241,6,80,normal,normal
60,20,40,0,1,0,0,128,6,59000,attack,attack
212,20,198,0,1,0,0,111,17,0,attack,attack
60,20,40,0,1,0,0,56,6,80,normal,normal
62,20,48,0,1,0,0,109,6,26076,attack,attack
362,20,348,0,0,0,0,45,17,0,attack,attack
1514,20,1500,0,1,0,0,63,6,22,normal,normal
1514,20,1500,0,1,0,0,41,6,80,normal,normal
60,20,40,0,1,0,0,63,6,22,normal,normal
1514,20,1500,0,1,0,0,64,6,22,normal,normal
1434,20,1420,0,1,0,0,241,6,80,normal,normal
153,20,139,0,1,0,0,128,6,1096,attack,attack
60,20,40,0,1,0,0,128,6,2115,attack,attack
60,20,40,0,1,0,0,64,6,22,normal,normal
1434,20,1420,0,1,0,0,102,6,80,attack,attack
60,20,40,0,1,0,0,128,6,2296,attack,attack
60,20,40,0,1,0,0,128,6,4182,normal,normal
1514,20,1500,0,1,0,0,63,6,22,normal,attack
60,20,40,0,1,0,0,128,6,1729,normal,normal
62,20,48,0,0,0,0,128,17,0,attack,attack
1514,20,1500,0,1,0,0,64,6,22,normal,normal
1480,20,1466,0,0,0,0,111,17,0,attack,attack
1514,20,1500,0,1,0,0,63,6,22,normal,attack
662,20,648,0,0,0,0,108,17,0,attack,attack
62,20,48,0,0,0,0,128,17,0,attack,attack
130,20,116,0,1,0,0,128,6,1033,attack,attack
212,20,198,0,0,0,0,112,17,0,attack,attack
1514,20,1500,0,1,0,0,64,6,22,normal,normal
102,20,88,0,1,0,0,63,6,22,attack,attack
1514,20,1500,0,1,0,0,63,6,22,normal,normal
782,20,768,0,1,0,0,64,6,22,normal,normal
86,20,72,0,1,0,0,255,17,0,attack,attack
60,20,40,0,1,0,0,128,6,2296,attack,attack
1514,20,1500,0,1,0,0,63,6,22,normal,normal
212,20,198,0,0,0,0,112,17,0,attack,attack
94,20,80,0,1,0,0,63,6,22,normal,normal
1514,20,1500,0,1,0,0,64,6,22,normal,normal
126,20,112,0,1,0,0,63,6,22,normal,normal
259,20,245,0,0,0,0,108,17,0,attack,attack
1215,20,1201,0,1,0,0,56,6,80,normal,normal
60,20,40,0,1,0,0,241,6,80,normal,normal
60,20,40,0,1,0,0,128,6,4884,attack,attack
60,20,40,0,1,0,0,128,6,16816,normal,normal
60,20,40,0,1,0,0,128,6,3171,normal,normal
62,20,48,0,0,0,0,128,17,0,attack,attack
62,20,48,0,1,0,0,64,6,22,attack,attack
60,20,40,0,1,0,0,128,6,1729,normal,normal
60,20,40,0,1,0,0,128,6,4982,attack,attack
94,20,80,0,1,0,0,128,6,2673,normal,normal
60,20,40,0,1,0,0,63,6,22,normal,normal
66,20,52,0,1,0,0,128,6,2110,attack,attack
1514,20,1500,0,1,0,0,64,6,80,normal,normal
60,20,40,0,1,0,0,128,6,1027,attack,attack
1484,20,1470,0,0,0,0,55,6,80,normal,normal
1514,20,1500,0,1,0,0,41,6,80,attack,attack
60,20,40,0,1,0,0,64,6,22,attack,attack
60,20,40,0,1,0,0,128,6,1729,normal,normal
190,20,176,0,1,0,0,64,6,22,normal,normal
590,20,576,0,0,0,0,108,6,51884,attack,attack
86,20,72,0,1,0,0,63,6,22,attack,attack
1434,20,1420,0,1,0,0,241,6,80,normal,normal
93,20,79,0,1,0,0,63,6,22,normal,normal
662,20,648,0,0,0,0,108,17,0,attack,attack
62,20,48,0,0,0,0,128,17,0,attack,attack
86,20,72,0,1,0,0,63,6,22,attack,attack
212,20,198,0,0,0,0,45,17,0,attack,attack
1514,20,1500,0,1,0,0,64,6,80,normal,normal
60,20,40,0,1,0,0,128,6,16816,normal,normal
212,20,198,0,0,0,0,112,17,0,attack,attack
62,20,48,0,1,0,0,109,6,26076,attack,attack
1434,20,1420,0,1,0,0,241,6,80,normal,normal
1514,20,1500,0,1,0,0,107,6,48412,attack,attack
1514,20,1500,0,1,0,0,64,6,22,normal,normal
60,20,40,0,1,0,0,63,6,22,normal,normal
1434,20,1420,0,1,0,0,241,6,80,normal,normal
212,20,198,0,0,0,0,112,17,0,attack,attack
294,20,280,0,1,0,0,128,6,3162,normal,normal
126,20,112,0,1,0,0,64,6,22,normal,normal
60,20,40,0,1,0,0,128,6,2401,normal,normal
102,20,88,0,1,0,0,63,6,22,normal,normal
60,20,40,0,1,0,0,128,6,15858,normal,normal
1514,20,1500,0,1,0,0,46,6,80,normal,normal
198,20,184,0,1,0,0,128,6,15863,normal,normal
1514,20,1500,0,1,0,0,64,6,22,normal,normal
60,20,40,0,1,0,0,128,6,3928,normal,normal
110,20,96,0,1,0,0,63,6,22,normal,normal
1514,20,1500,0,1,0,0,47,6,80,normal,normal
70,20,56,0,1,0,0,128,6,58997,attack,attack
60,20,40,0,1,0,0,128,6,1729,normal,normal
1434,20,1420,0,1,0,0,241,6,80,normal,normal
362,20,348,0,0,0,0,105,17,0,attack,attack
134,20,120,0,1,0,0,63,6,22,normal,normal
1514,20,1500,0,1,0,0,52,6,80,normal,normal
1434,20,1420,0,1,0,0,241,6,80,normal,normal
1514,20,1500,0,1,0,0,64,6,22,normal,normal
418,20,404,0,1,0,0,63,6,22,attack,attack
1514,20,1500,0,1,0,0,63,6,80,normal,normal
755,20,741,0,1,0,0,63,6,80,attack,normal
126,20,112,0,1,0,0,64,6,22,normal,normal
1514,20,1500,0,1,0,0,63,6,22,normal,attack
662,20,648,0,0,0,0,110,17,0,attack,attack
60,20,40,0,1,0,0,48,6,80,normal,normal
60,20,40,0,1,0,0,63,6,22,normal,normal
1514,20,1500,0,1,0,0,64,6,22,normal,normal
60,20,40,0,0,0,0,108,6,51884,attack,attack
1434,20,1420,0,1,0,0,52,6,64277,attack,attack
62,20,48,0,0,0,0,128,17,0,attack,attack
88,20,74,0,0,0,0,128,17,0,attack,attack
1514,20,1500,0,1,0,0,43,6,80,normal,normal
1514,20,1500,0,1,0,0,63,6,22,normal,normal
60,20,40,0,1,0,0,63,6,22,normal,normal
62,20,48,0,0,0,0,128,17,0,attack,attack
62,20,48,0,0,0,0,128,17,0,attack,attack
1514,20,1500,0,1,0,0,43,6,80,normal,normal
330,20,316,0,1,0,0,64,6,143,normal,normal
94,20,80,0,1,0,0,128,6,1707,normal,normal
60,20,40,0,1,0,0,43,6,80,normal,normal
62,20,48,0,0,0,0,128,17,0,attack,attack
62,20,48,0,0,0,0,128,17,0,attack,attack
60,20,40,0,1,0,0,128,6,2367,attack,attack
1514,20,1500,0,1,0,0,64,6,22,normal,normal
1514,20,1500,0,1,0,0,63,6,22,normal,normal
1480,20,1466,0,0,0,0,106,17,0,attack,attack
1514,20,1500,0,1,0,0,63,6,22,normal,normal
84,20,70,0,0,0,0,64,17,0,normal,normal
1480,20,1466,0,0,0,0,107,17,0,attack,attack
1434,20,1420,0,1,0,0,52,6,64277,attack,attack
62,20,48,0,0,0,0,128,17,0,attack,attack
60,20,40,0,1,0,0,128,6,1080,attack,attack
62,20,48,0,1,0,0,64,6,22,normal,normal
1480,20,1466,0,0,0,0,106,17,0,attack,attack
60,20,40,0,1,0,0,128,6,1735,normal,normal
362,20,348,0,0,0,0,45,17,0,attack,attack
60,20,40,0,1,0,0,64,6,22,attack,attack
1480,20,1466,0,0,0,0,107,17,0,attack,attack
86,20,72,0,1,0,0,255,17,0,normal,normal
362,20,348,0,0,0,0,45,17,0,attack,attack
60,20,40,0,1,0,0,64,6,110,normal,normal
1514,20,1500,0,1,0,0,43,6,80,normal,normal
60,20,40,0,1,0,0,128,6,4869,normal,attack
1514,20,1500,0,1,0,0,49,6,80,normal,normal
60,20,40,0,1,0,0,128,6,2090,attack,attack
1514,20,1500,0,1,0,0,63,6,22,normal,normal
62,20,48,0,0,0,0,128,17,0,attack,attack
234,20,220,0,0,0,0,58,17,0,normal,normal
60,20,40,0,1,0,0,128,6,2354,attack,attack
62,20,48,0,0,0,0,128,17,0,attack,attack
60,20,40,0,1,0,0,128,6,3866,attack,attack
60,20,40,0,1,0,0,63,6,22,attack,attack
1514,20,1500,0,1,0,0,63,6,22,normal,normal
60,20,40,0,1,0,0,63,6,22,normal,normal
60,20,40,0,1,0,0,128,6,1028,attack,attack
62,20,48,0,0,0,0,113,17,0,attack,attack
662,20,648,0,0,0,0,112,17,0,attack,attack
1494,20,1480,0,1,0,0,109,6,22,attack,attack
60,20,40,0,1,0,0,128,6,3818,normal,normal
1514,20,1500,0,1,0,0,49,6,80,normal,normal
60,20,40,0,1,0,0,128,6,4489,normal,normal
1514,20,1500,0,1,0,0,63,6,22,normal,normal
1434,20,1420,0,1,0,0,52,6,64277,attack,attack
60,20,40,0,1,0,0,63,6,22,normal,normal
60,20,40,0,1,0,0,63,6,22,normal,normal
68,20,54,0,0,0,0,128,17,0,attack,attack
1514,20,1500,0,1,0,0,117,6,80,normal,normal
62,20,48,0,1,0,0,128,6,16806,normal,normal
1514,20,1500,0,1,0,0,63,6,22,normal,normal
1514,20,1500,0,1,0,0,64,6,22,normal,normal
1514,20,1500,0,1,0,0,63,6,22,normal,normal
148,20,134,0,0,0,0,111,17,0,attack,attack
74,20,60,0,1,0,0,63,6,110,attack,attack
1514,20,1500,0,1,0,0,64,6,22,normal,normal
1514,20,1500,0,1,0,0,47,6,80,normal,normal
1506,20,1492,0,1,0,0,109,6,26076,attack,attack
60,20,40,0,1,0,0,128,6,59000,attack,attack
62,20,48,0,0,0,0,128,17,0,attack,attack
1514,20,1500,0,1,0,0,63,6,22,normal,normal
126,20,112,0,1,0,0,128,6,4903,normal,normal
62,20,48,0,0,0,0,128,17,0,attack,attack
126,20,112,0,1,0,0,128,6,2928,attack,attack
62,20,48,0,0,0,0,128,17,0,attack,attack
60,20,40,0,1,0,0,64,6,22,normal,normal
838,20,824,0,1,0,0,64,6,22,normal,normal
122,20,108,0,1,0,0,128,6,3833,normal,normal
1514,20,1500,0,1,0,0,41,6,80,attack,attack
1514,20,1500,0,1,0,0,63,6,22,attack,attack
60,20,40,0,0,0,0,128,6,2109,attack,attack
212,20,198,0,0,0,0,105,17,0,attack,attack
362,20,348,0,0,0,0,45,17,0,attack,attack
1514,20,1500,0,1,0,0,47,6,51413,attack,attack
1506,20,1492,0,1,0,0,45,6,51413,attack,attack
60,20,40,0,1,0,0,128,6,16816,normal,normal
1434,20,1420,0,1,0,0,241,6,80,normal,normal
66,20,52,0,0,0,0,128,6,2141,attack,attack
212,20,198,0,0,0,0,106,17,0,attack,attack
662,20,648,0,0,0,0,108,17,0,attack,attack
88,20,74,0,0,0,0,128,17,0,attack,attack
1480,20,1466,0,0,0,0,45,17,0,attack,attack
1262,20,1248,0,0,0,0,105,17,0,attack,attack
126,20,112,0,1,0,0,63,6,22,normal,normal
1514,20,1500,0,1,0,0,63,6,22,normal,normal
774,20,760,0,1,0,0,64,6,22,normal,normal
60,20,40,0,1,0,0,128,6,1050,attack,attack
62,20,48,0,0,0,0,112,17,0,attack,attack
1514,20,1500,0,1,0,0,41,6,80,normal,normal
71,20,57,0,0,0,0,128,6,2120,attack,attack
212,20,198,0,0,0,0,105,17,0,attack,attack
60,20,40,0,1,0,0,128,6,4001,attack,attack
1514,20,1500,0,1,0,0,64,6,22,attack,attack
212,20,198,0,0,0,0,108,17,0,attack,attack
62,20,48,0,0,0,0,128,17,0,attack,attack
62,20,48,0,0,0,0,128,17,0,attack,attack
60,20,40,0,1,0,0,64,6,22,normal,normal
60,20,40,0,0,0,0,128,6,2109,attack,attack
1480,20,1466,0,0,0,0,109,17,0,attack,attack
110,20,96,0,1,0,0,128,6,15855,normal,normal
60,20,40,0,1,0,0,241,6,80,normal,normal
62,20,48,0,0,0,0,128,17,0,attack,attack
1237,20,1223,0,1,0,0,41,6,80,normal,normal
1514,20,1500,0,1,0,0,64,6,22,attack,attack
1514,20,1500,0,1,0,0,43,6,80,normal,normal
60,20,40,0,1,0,0,47,6,6969,attack,attack
1434,20,1420,0,1,0,0,48,6,80,normal,normal
662,20,648,0,0,0,0,108,17,0,attack,attack
1262,20,1248,0,1,0,0,47,6,80,normal,normal
60,20,40,0,1,0,0,128,6,3817,normal,normal
94,20,80,0,1,0,0,128,6,4177,normal,normal
60,20,40,0,1,0,0,128,6,3019,normal,normal
1514,20,1500,0,1,0,0,47,6,80,normal,normal
88,20,74,0,0,0,0,128,17,0,attack,attack
212,20,198,0,0,0,0,105,17,0,attack,attack
62,20,48,0,0,0,0,128,17,0,attack,attack
838,20,824,0,1,0,0,63,6,22,normal,normal
1514,20,1500,0,1,0,0,64,6,22,attack,attack
362,20,348,0,0,0,0,112,17,0,attack,attack
93,20,79,0,1,0,0,63,6,22,attack,attack
1514,20,1500,0,1,0,0,63,6,22,normal,normal
1514,20,1500,0,1,0,0,41,6,80,normal,normal
60,20,40,0,1,0,0,128,6,1734,normal,normal
60,20,40,0,1,0,0,64,6,22,normal,normal
60,20,40,0,1,0,0,128,6,4497,normal,normal
60,20,40,0,1,0,0,128,6,59000,attack,attack
126,20,112,0,1,0,0,128,6,3866,normal,attack
97,20,83,0,0,0,0,128,17,0,attack,attack
206,20,192,0,1,0,0,128,6,3174,normal,normal
110,20,96,0,1,0,0,64,6,22,normal,normal
60,20,40,0,1,0,0,241,6,80,normal,normal
1514,20,1500,0,1,0,0,64,6,22,normal,normal
60,20,40,0,1,0,0,64,6,22,attack,attack
774,20,760,0,1,0,0,63,6,22,normal,normal
60,20,40,0,1,0,0,128,6,2296,attack,attack
62,20,48,0,0,0,0,128,17,0,attack,attack
1262,20,1248,0,0,0,0,112,17,0,attack,attack
62,20,48,0,0,0,0,128,17,0,attack,attack
1514,20,1500,0,1,0,0,54,6,80,normal,normal
212,20,198,0,0,0,0,105,17,0,attack,attack
1514,20,1500,0,1,0,0,45,6,80,normal,normal
126,20,112,0,1,0,0,128,6,3937,normal,normal
1514,20,1500,0,1,0,0,64,6,22,normal,attack
1434,20,1420,0,1,0,0,241,6,80,normal,normal
1514,20,1500,0,1,0,0,41,6,80,normal,normal
1514,20,1500,0,1,0,0,63,6,22,normal,normal
67,20,53,0,0,0,0,107,17,0,attack,attack
62,20,48,0,1,0,0,128,6,1057,attack,attack
1514,20,1500,0,1,0,0,56,6,80,normal,normal
1514,20,1500,0,1,0,0,47,6,80,normal,normal
60,20,40,0,1,0,0,128,6,3834,normal,normal
838,20,824,0,1,0,0,64,6,22,normal,normal
60,20,40,0,1,0,0,128,6,4021,normal,normal
1514,20,1500,0,1,0,0,52,6,80,normal,normal
1514,20,1500,0,1,0,0,64,6,22,attack,attack
362,20,348,0,0,0,0,45,17,0,attack,attack
566,20,552,0,0,0,0,47,6,51413,attack,attack
60,20,40,0,1,0,0,128,6,2354,attack,attack
1514,20,1500,0,1,0,0,64,6,22,attack,attack
60,20,40,0,1,0,0,64,6,22,normal,normal
62,20,48,0,0,0,0,128,17,0,attack,attack
60,20,40,0,1,0,0,128,6,4020,normal,normal
60,20,40,0,1,0,0,128,6,4869,normal,attack
1514,20,1500,0,1,0,0,41,6,80,normal,normal
66,20,52,0,1,0,0,64,6,52452,attack,attack
138,20,124,0,1,0,0,128,6,2985,normal,normal
62,20,48,0,0,0,0,128,17,0,attack,attack
1514,20,1500,0,1,0,0,48,6,80,normal,normal
110,20,96,0,1,0,0,63,6,22,normal,normal
406,20,392,0,1,0,0,53,6,80,normal,normal
62,20,48,0,0,0,0,128,17,0,attack,attack
1514,20,1500,0,1,0,0,53,6,80,normal,normal
62,20,48,0,0,0,0,115,17,0,attack,attack
138,20,124,0,1,0,0,128,6,1238,normal,normal
110,20,96,0,1,0,0,64,6,22,normal,normal
212,20,198,0,0,0,0,112,17,0,attack,attack
60,20,40,0,1,0,0,64,6,22,normal,normal
1514,20,1500,0,1,0,0,63,6,22,normal,attack
60,20,40,0,1,0,0,128,6,4501,normal,normal
1480,20,1466,0,0,0,0,45,17,0,attack,attack
650,20,636,0,1,0,0,128,6,51098,normal,normal
1514,20,1500,0,1,0,0,64,6,22,normal,normal
212,20,198,0,0,0,0,112,17,0,attack,attack
62,20,48,0,0,0,0,128,17,0,attack,attack
212,20,198,0,0,0,0,111,17,0,attack,attack
60,20,40,0,1,0,0,128,6,3818,normal,normal
86,20,72,0,1,0,0,63,6,22,attack,attack
1514,20,1500,0,1,0,0,54,6,80,normal,normal
362,20,348,0,0,0,0,111,17,0,attack,attack
134,20,120,0,1,0,0,64,6,22,normal,normal
1237,20,1223,0,1,0,0,41,6,80,normal,normal
68,20,54,0,0,0,0,128,17,0,attack,attack
1434,20,1420,0,1,0,0,241,6,80,normal,normal
60,20,40,0,1,0,0,128,6,3033,normal,normal
362,20,348,0,0,0,0,45,17,0,attack,attack
1514,20,1500,0,1,0,0,63,6,22,normal,normal
1514,20,1500,0,1,0,0,41,6,80,normal,normal
89,20,75,0,1,0,0,128,6,2354,attack,attack
566,20,552,0,0,0,0,47,6,51413,attack,attack
126,20,112,0,1,0,0,128,6,4870,normal,attack
62,20,48,0,0,0,0,128,17,0,attack,attack
109,20,95,0,0,0,0,128,17,0,attack,attack
62,20,48,0,0,0,0,108,17,0,attack,attack
80,20,66,0,0,0,0,128,6,2109,attack,attack
151,0,0,0,0,0,0,0,0,0,attack,attack
60,20,40,0,1,0,0,128,6,2131,attack,attack
60,20,40,0,1,0,0,63,6,22,normal,normal
212,20,198,0,0,0,0,112,17,0,attack,attack
362,20,348,0,0,0,0,45,17,0,attack,attack
154,20,140,0,1,0,0,112,6,48544,attack,attack
60,20,40,0,1,0,0,128,6,16816,normal,normal
62,20,48,0,0,0,0,128,17,0,attack,attack
142,20,128,0,1,0,0,64,6,22,normal,attack
1480,20,1466,0,0,0,0,110,17,0,attack,attack
1434,20,1420,0,1,0,0,241,6,80,normal,normal
101,20,87,0,1,0,0,54,6,443,normal,normal
206,20,192,0,1,0,0,128,6,15837,normal,normal
1514,20,1500,0,1,0,0,64,6,22,attack,attack
1514,20,1500,0,1,0,0,64,6,22,normal,normal
60,20,40,0,1,0,0,128,6,4023,normal,normal
1434,20,1420,0,1,0,0,241,6,80,normal,normal
1434,20,1420,0,1,0,0,241,6,80,normal,normal
60,20,40,0,1,0,0,128,6,4901,normal,normal
1514,20,1500,0,1,0,0,52,6,80,normal,normal
60,20,40,0,1,0,0,47,6,80,normal,normal
288,20,274,0,1,0,0,128,6,1027,attack,attack
62,20,48,0,0,0,0,108,17,0,attack,attack
60,20,40,0,1,0,0,128,6,3818,normal,normal
1514,20,1500,0,1,0,0,64,6,22,normal,normal
60,20,40,0,1,0,0,63,6,22,normal,normal
60,20,40,0,1,0,0,64,6,22,attack,attack
60,20,40,0,1,0,0,64,6,22,normal,attack
60,20,40,0,1,0,0,128,6,2296,attack,attack
1434,20,1420,0,1,0,0,48,6,80,normal,normal
62,20,48,0,1,0,0,63,6,22,attack,normal
838,20,824,0,1,0,0,63,6,22,normal,normal
212,20,198,0,0,0,0,112,17,0,attack,attack
62,20,48,0,0,0,0,128,17,0,attack,attack
93,20,79,0,1,0,0,64,6,22,normal,normal
1514,20,1500,0,1,0,0,41,6,80,attack,attack
60,20,40,0,1,0,0,128,6,1724,normal,normal
418,20,404,0,1,0,0,63,6,22,normal,normal
60,20,40,0,1,0,0,128,6,1725,normal,normal
62,20,48,0,0,0,0,128,17,0,attack,attack
1514,20,1500,0,1,0,0,64,6,22,normal,normal
62,20,48,0,0,0,0,128,17,0,attack,attack
1514,20,1500,0,1,0,0,43,6,80,attack,attack
1480,20,1466,0,0,0,0,105,17,0,attack,attack
1514,20,1500,0,1,0,0,64,6,22,normal,normal
62,20,48,0,0,0,0,128,17,0,attack,attack
60,20,40,0,1,0,0,63,6,22,normal,normal
1506,20,1492,0,1,0,0,45,6,51413,attack,attack
60,20,40,0,1,0,0,63,6,22,normal,normal
123,20,109,0,1,0,0,128,6,15864,normal,normal
60,20,40,0,1,0,0,128,6,2114,attack,attack
60,20,40,0,1,0,0,128,6,1729,normal,normal
60,20,40,0,1,0,0,128,6,2114,attack,attack
60,20,40,0,1,0,0,128,6,3937,normal,normal
62,20,48,0,1,0,0,128,6,1736,normal,normal
259,20,245,0,0,0,0,108,17,0,attack,attack
62,20,48,0,1,0,0,118,17,0,attack,attack
60,20,40,0,1,0,0,128,6,2384,attack,attack
141,20,127,0,1,0,0,128,6,4488,normal,normal
60,20,40,0,1,0,0,128,6,4875,normal,attack
1514,20,1500,0,1,0,0,63,6,22,attack,attack
150,20,136,0,0,0,0,128,17,0,attack,attack
110,20,96,0,1,0,0,63,6,22,normal,normal
362,20,348,0,0,0,0,108,17,0,attack,attack
1514,20,1500,0,1,0,0,63,6,22,normal,normal
88,20,74,0,0,0,0,128,17,0,attack,attack
60,20,40,0,1,0,0,128,6,4497,normal,normal
1502,20,1488,0,1,0,0,56,6,80,normal,normal
1514,20,1500,0,1,0,0,47,6,6969,attack,attack
1514,20,1500,0,1,0,0,107,6,48412,attack,attack
1434,20,1420,0,1,0,0,102,6,80,attack,attack
1514,20,1500,0,1,0,0,64,6,22,normal,attack
1506,20,1492,0,1,0,0,109,6,26076,attack,attack
60,20,40,0,1,0,0,63,6,22,normal,normal
60,20,40,0,1,0,0,128,6,1724,normal,normal
126,20,112,0,1,0,0,128,6,2927,attack,attack
62,20,48,0,0,0,0,128,17,0,attack,attack
62,20,48,0,1,0,0,63,6,22,normal,normal
1314,20,1300,0,1,0,0,48,6,55123,attack,attack
1514,20,1500,0,1,0,0,52,6,80,normal,normal
1514,20,1500,0,1,0,0,64,6,22,attack,attack
1514,20,1500,0,1,0,0,63,6,80,normal,normal
212,20,198,0,0,0,0,112,17,0,attack,attack
60,20,40,0,1,0,0,63,6,22,normal,normal
62,20,48,0,0,0,0,128,17,0,attack,attack
774,20,760,0,1,0,0,63,6,22,attack,attack
1514,20,1500,0,1,0,0,64,6,22,attack,attack
1514,20,1500,0,1,0,0,64,6,22,normal,normal
62,20,48,0,0,0,0,128,17,0,attack,attack
60,20,40,0,1,0,0,128,6,1735,normal,normal
62,20,48,0,1,0,0,64,6,22,attack,attack
62,20,48,0,0,0,0,128,17,0,attack,attack
1514,20,1500,0,1,0,0,63,6,22,attack,attack
1484,20,1470,0,0,0,0,55,6,80,normal,normal
1480,20,1466,0,0,0,0,45,17,0,attack,attack
68,20,54,0,0,0,0,128,17,0,attack,attack
60,20,40,0,1,0,0,128,6,2114,attack,attack
62,20,48,0,0,0,0,128,17,0,attack,attack
1434,20,1420,0,1,0,0,241,6,80,normal,normal
418,20,404,0,1,0,0,64,6,22,normal,normal
102,20,88,0,1,0,0,64,6,22,normal,normal
60,20,40,0,1,0,0,128,6,4528,normal,normal
1514,20,1500,0,1,0,0,52,6,80,normal,normal
60,20,40,0,1,0,0,128,6,3136,normal,normal
1514,20,1500,0,1,0,0,48,6,80,normal,normal
60,20,40,0,1,0,0,63,6,22,normal,normal
62,20,48,0,0,0,0,128,17,0,attack,attack
62,20,48,0,0,0,0,128,17,0,attack,attack
1514,20,1500,0,1,0,0,64,6,22,normal,normal
1480,20,1466,0,0,0,0,108,17,0,attack,attack
60,20,40,0,1,0,0,128,6,4533,normal,normal
60,20,40,0,1,0,0,128,6,15841,normal,normal
62,20,48,0,1,0,0,128,6,3833,normal,normal
362,20,348,0,0,0,0,45,17,0,attack,attack
1514,20,1500,0,1,0,0,64,6,22,normal,normal
110,20,96,0,1,0,0,128,6,1713,normal,normal
102,20,88,0,1,0,0,64,6,22,normal,normal
60,20,40,0,1,0,0,128,6,1027,attack,attack
1514,20,1500,0,1,0,0,63,6,22,attack,attack
60,20,40,0,1,0,0,64,6,22,attack,attack
60,20,40,0,1,0,0,128,6,4531,normal,normal
1207,20,1193,0,1,0,0,241,6,80,normal,normal
60,20,40,0,1,0,0,128,6,4530,normal,normal
62,20,48,0,0,0,0,110,17,0,attack,attack
1514,20,1500,0,1,0,0,50,6,80,normal,normal
1514,20,1500,0,1,0,0,63,6,22,attack,attack
1514,20,1500,0,1,0,0,64,6,22,normal,normal
1514,20,1500,0,1,0,0,64,6,22,normal,normal
92,20,78,0,1,0,0,128,6,4517,normal,normal
60,20,40,0,1,0,0,128,6,16807,normal,normal
1514,20,1500,0,1,0,0,45,6,80,attack,attack
1514,20,1500,0,1,0,0,64,6,22,attack,attack
1434,20,1420,0,1,0,0,52,6,64277,attack,attack
60,20,40,0,1,0,0,55,6,80,normal,normal
418,20,404,0,1,0,0,63,6,22,normal,normal
1514,20,1500,0,1,0,0,63,6,22,normal,attack
60,20,40,0,1,0,0,128,6,3938,normal,normal
1434,20,1420,0,1,0,0,241,6,80,normal,normal
1514,20,1500,0,1,0,0,54,6,80,normal,normal
60,20,40,0,1,0,0,128,6,2115,attack,attack
1514,20,1500,0,1,0,0,63,6,22,normal,normal
60,20,40,0,1,0,0,128,6,4788,attack,attack
1480,20,1466,0,0,0,0,118,17,0,attack,attack
60,20,40,0,1,0,0,52,6,51413,attack,attack
1514,20,1500,0,1,0,0,63,6,22,normal,normal
60,20,40,0,1,0,0,128,6,2985,normal,normal
110,20,96,0,1,0,0,63,6,22,normal,normal
60,0,0,0,0,0,0,0,0,0,normal,attack
1086,20,1072,0,1,0,0,45,6,80,normal,normal
60,20,40,0,1,0,0,128,6,2309,attack,attack
110,20,96,0,1,0,0,128,6,1706,normal,normal
126,20,112,0,1,0,0,128,6,4897,normal,normal
1514,20,1500,0,1,0,0,108,6,57421,attack,attack
150,20,136,0,1,0,0,128,6,16816,normal,normal
1106,20,1092,0,1,0,0,64,6,22,normal,normal
1514,20,1500,0,1,0,0,41,6,80,normal,normal
62,20,48,0,0,0,0,128,17,0,attack,attack
142,20,128,0,1,0,0,63,6,22,normal,normal
60,20,40,0,1,0,0,128,6,4901,normal,normal
662,20,648,0,0,0,0,112,17,0,attack,attack
60,20,40,0,1,0,0,128,6,4487,normal,normal
1514,20,1500,0,1,0,0,64,6,22,normal,normal
1514,20,1500,0,1,0,0,52,6,80,normal,normal
60,20,40,0,1,0,0,128,6,4500,normal,normal
1514,20,1500,0,1,0,0,63,6,22,normal,normal
1514,20,1500,0,1,0,0,47,6,80,normal,normal
93,20,79,0,1,0,0,63,6,22,attack,attack
60,20,40,0,1,0,0,128,6,2114,attack,attack
102,20,88,0,1,0,0,63,6,22,normal,normal
1514,20,1500,0,1,0,0,63,6,22,attack,attack
1514,20,1500,0,1,0,0,41,6,80,attack,attack
418,20,404,0,1,0,0,64,6,22,normal,normal
362,20,348,0,0,0,0,45,17,0,attack,attack
418,20,404,0,1,0,0,64,6,22,normal,normal
126,20,112,0,1,0,0,64,6,22,attack,attack
1514,20,1500,0,1,0,0,41,6,80,normal,normal
60,20,40,0,1,0,0,128,6,2931,attack,attack
1514,20,1500,0,1,0,0,63,6,22,normal,normal
60,20,40,0,1,0,0,63,6,22,attack,attack
1514,20,1500,0,1,0,0,63,6,22,attack,attack
86,20,72,0,1,0,0,63,6,22,normal,normal
1514,20,1500,0,1,0,0,64,6,22,normal,normal
1514,20,1500,0,1,0,0,63,6,22,normal,normal
62,20,48,0,1,0,0,56,6,80,normal,normal
1514,20,1500,0,1,0,0,64,6,22,normal,normal
1434,20,1420,0,1,0,0,241,6,80,normal,normal
1514,20,1500,0,1,0,0,45,6,80,normal,normal
60,20,40,0,1,0,0,128,6,1721,normal,normal
662,20,648,0,0,0,0,108,17,0,attack,attack
126,20,112,0,1,0,0,128,6,15847,normal,normal
1480,20,1466,0,0,0,0,113,17,0,attack,attack
1514,20,1500,0,1,0,0,64,6,22,attack,attack
60,20,40,0,1,0,0,128,6,2110,attack,attack
1514,20,1500,0,1,0,0,45,6,80,normal,normal
60,20,40,0,1,0,0,128,6,2551,attack,attack
362,20,348,0,0,0,0,108,17,0,attack,attack
60,20,40,0,1,0,0,63,6,22,normal,normal
1514,20,1500,0,1,0,0,63,6,22,normal,normal
1514,20,1500,0,1,0,0,64,6,22,normal,normal
1514,20,1500,0,1,0,0,63,6,22,normal,normal
212,20,198,0,0,0,0,45,17,0,attack,attack
1434,20,1420,0,1,0,0,241,6,80,normal,normal
62,20,48,0,0,0,0,128,17,0,attack,attack
102,20,88,0,1,0,0,128,6,1228,normal,normal
1514,20,1500,0,1,0,0,63,6,22,normal,normal
62,20,48,0,1,0,0,63,6,22,normal,normal
176,20,162,0,1,0,0,128,6,4496,normal,normal
60,20,40,0,1,0,0,128,6,2115,attack,attack
162,20,148,0,1,0,0,128,6,1027,attack,attack
126,20,112,0,1,0,0,128,6,51070,normal,normal
206,20,192,0,1,0,0,128,6,2103,attack,attack
134,20,120,0,1,0,0,128,6,16806,normal,normal
1434,20,1420,0,1,0,0,102,6,80,attack,attack
60,20,40,0,1,0,0,64,6,22,normal,normal
1514,20,1500,0,1,0,0,63,6,22,attack,attack
60,20,40,0,1,0,0,128,6,2401,normal,normal
110,20,96,0,1,0,0,128,6,3857,attack,attack
1514,20,1500,0,1,0,0,64,6,22,attack,attack
60,20,40,0,1,0,0,128,6,3937,normal,normal
62,20,48,0,1,0,0,41,6,80,normal,normal
60,20,40,0,1,0,0,128,6,3160,normal,normal
1514,20,1500,0,1,0,0,43,6,80,normal,normal
1514,20,1500,0,1,0,0,64,6,22,normal,normal
362,20,348,0,0,0,0,108,17,0,attack,attack
60,20,40,0,0,0,0,128,6,2120,attack,attack
294,20,280,0,1,0,0,128,6,3164,normal,normal
1514,20,1500,0,1,0,0,63,6,22,normal,attack
62,20,48,0,0,0,0,128,17,0,attack,attack
60,20,40,0,1,0,0,128,6,3019,normal,normal
294,20,280,0,1,0,0,128,6,16809,normal,normal
1514,20,1500,0,1,0,0,64,6,22,normal,normal
60,20,40,0,1,0,0,128,6,15841,normal,normal
1514,20,1500,0,1,0,0,63,6,22,normal,normal
60,20,40,0,1,0,0,43,6,80,normal,normal
62,20,48,0,0,0,0,128,17,0,attack,attack
1480,20,1466,0,0,0,0,108,17,0,attack,attack
60,20,40,0,1,0,0,128,6,2551,attack,attack
1514,20,1500,0,1,0,0,43,6,80,normal,normal
404,20,390,0,1,0,0,41,6,9090,attack,attack
1434,20,1420,0,1,0,0,241,6,80,normal,normal
1514,20,1500,0,1,0,0,63,6,22,normal,normal
60,20,40,0,1,0,0,128,6,4490,normal,normal
60,20,40,0,1,0,0,128,6,4788,attack,attack
62,20,48,0,1,0,0,128,6,16819,normal,normal
60,20,40,0,1,0,0,128,6,2375,attack,attack
110,20,96,0,1,0,0,128,6,4494,normal,normal
1262,20,1248,0,0,0,0,112,17,0,attack,attack
142,20,128,0,1,0,0,128,6,1227,normal,normal
66,20,52,0,1,0,0,128,6,51094,normal,normal
1514,20,1500,0,1,0,0,64,6,22,attack,attack
68,20,54,0,0,0,0,128,17,0,attack,attack
62,20,48,0,0,0,0,128,17,0,attack,attack
1514,20,1500,0,1,0,0,64,6,22,normal,normal
60,20,40,0,1,0,0,56,6,80,normal,normal
60,20,40,0,1,0,0,64,6,22,normal,normal
212,20,198,0,0,0,0,111,17,0,attack,attack
1514,20,1500,0,1,0,0,64,6,22,normal,normal
212,20,198,0,0,0,0,112,17,0,attack,attack
62,20,48,0,0,0,0,128,17,0,attack,attack
1514,20,1500,0,1,0,0,64,6,22,normal,normal
662,20,648,0,0,0,0,112,17,0,attack,attack
1480,20,1466,0,0,0,0,107,17,0,attack,attack
662,20,648,0,0,0,0,108,17,0,attack,attack
1434,20,1420,0,1,0,0,241,6,80,normal,normal
118,20,104,0,1,0,0,63,6,22,attack,attack
60,20,40,0,1,0,0,128,6,3857,normal,normal
62,20,48,0,0,0,0,109,17,0,attack,attack
60,20,40,0,1,0,0,128,6,2296,attack,attack
756,20,742,0,0,0,0,55,6,80,normal,normal
66,20,52,0,1,0,0,64,6,47072,attack,attack
60,20,40,0,1,0,0,52,6,80,normal,normal
1514,20,1500,0,1,0,0,64,6,22,normal,attack
60,20,40,0,1,0,0,128,6,2318,attack,attack
362,20,348,0,0,0,0,112,17,0,attack,attack
60,20,40,0,1,0,0,128,6,1032,attack,attack
1514,20,1500,0,1,0,0,47,6,51413,attack,attack
1434,20,1420,0,1,0,0,241,6,80,normal,normal
1514,20,1500,0,1,0,0,64,6,22,normal,normal
206,20,192,0,1,0,0,128,6,4500,normal,normal
418,20,404,0,1,0,0,63,6,22,normal,normal
1514,20,1500,0,1,0,0,41,6,80,normal,normal
1514,20,1500,0,1,0,0,63,6,22,attack,attack
62,20,48,0,0,0,0,128,17,0,attack,attack
1514,20,1500,0,1,0,0,52,6,51413,attack,attack
1514,20,1500,0,1,0,0,64,6,22,attack,attack
212,20,198,0,0,0,0,112,17,0,attack,attack
1514,20,1500,0,1,0,0,64,6,22,normal,attack
60,20,40,0,1,0,0,128,6,1234,normal,normal
1078,20,1064,0,1,0,0,45,6,51413,attack,attack
60,20,40,0,1,0,0,63,6,22,normal,normal
110,20,96,0,1,0,0,128,6,16816,normal,normal
60,20,40,0,1,0,0,128,6,4007,normal,normal
62,20,48,0,1,0,0,128,6,4566,normal,normal
110,20,96,0,1,0,0,63,6,22,attack,attack
1514,20,1500,0,1,0,0,64,6,22,normal,normal
62,20,48,0,1,0,0,43,6,80,normal,normal
212,20,198,0,1,0,0,111,17,0,attack,attack
1514,20,1500,0,1,0,0,63,6,22,normal,normal
62,20,48,0,0,0,0,128,17,0,attack,attack
124,20,110,0,1,0,0,128,6,1724,normal,normal
60,20,40,0,1,0,0,128,6,1715,normal,normal
62,20,48,0,0,0,0,128,17,0,attack,attack
62,20,48,0,0,0,0,128,17,0,attack,attack
62,20,48,0,1,0,0,63,6,22,normal,normal
1514,20,1500,0,1,0,0,63,6,22,attack,attack
1506,20,1492,0,1,0,0,45,6,51413,attack,attack
1514,20,1500,0,1,0,0,64,6,22,normal,attack
60,20,40,0,1,0,0,128,6,4499,normal,normal
190,20,176,0,1,0,0,63,6,22,attack,attack
60,20,40,0,1,0,0,128,6,2195,attack,attack
1484,20,1470,0,0,0,0,55,6,80,normal,normal
463,20,449,0,1,0,0,241,6,80,normal,normal
102,20,88,0,1,0,0,63,6,22,attack,attack
62,20,48,0,0,0,0,128,17,0,attack,attack
92,20,78,0,1,0,0,128,6,4186,attack,attack
1434,20,1420,0,1,0,0,241,6,80,normal,normal
662,20,648,0,0,0,0,111,17,0,attack,attack
1514,20,1500,0,1,0,0,45,6,80,normal,normal
60,20,40,0,1,0,0,128,6,3842,normal,normal
1106,20,1092,0,1,0,0,64,6,22,normal,normal
60,20,40,0,1,0,0,63,6,22,normal,attack
70,20,56,0,1,0,0,128,6,4497,normal,normal
1514,20,1500,0,1,0,0,47,6,51413,attack,attack
60,20,40,0,1,0,0,128,6,3822,normal,normal
62,20,48,0,0,0,0,128,17,0,attack,attack
565,20,551,0,1,0,0,102,6,80,attack,attack
1514,20,1500,0,1,0,0,64,6,22,attack,attack
190,20,176,0,1,0,0,64,6,22,normal,normal
212,20,198,0,1,0,0,111,17,0,attack,attack
60,20,40,0,1,0,0,128,6,2115,attack,attack
62,20,48,0,0,0,0,128,17,0,attack,attack
1514,20,1500,0,1,0,0,64,6,22,attack,attack
1514,20,1500,0,1,0,0,64,6,22,normal,normal
133,20,119,0,1,0,0,128,6,2984,attack,normal
60,20,40,0,1,0,0,128,6,1217,normal,normal
362,20,348,0,0,0,0,111,17,0,attack,attack
403,20,389,0,1,0,0,45,6,51413,attack,attack
60,20,40,0,1,0,0,128,6,1028,attack,attack
212,20,198,0,0,0,0,112,17,0,attack,attack
60,20,40,0,1,0,0,128,6,2115,attack,attack
1480,20,1466,0,0,0,0,106,17,0,attack,attack
60,20,40,0,1,0,0,51,6,80,normal,normal
60,20,40,0,1,0,0,128,6,3866,attack,attack
62,20,48,0,0,0,0,128,17,0,attack,attack
62,20,48,0,0,0,0,128,17,0,attack,attack
1514,20,1500,0,1,0,0,52,6,80,normal,normal
838,20,824,0,1,0,0,64,6,22,normal,normal
662,20,648,0,0,0,0,108,17,0,attack,attack
66,20,52,0,1,0,0,128,6,2110,attack,attack
60,20,40,0,1,0,0,63,6,22,normal,normal
68,20,54,0,0,0,0,128,17,0,attack,attack
130,20,116,0,1,0,0,128,6,3157,normal,normal
60,20,40,0,1,0,0,64,6,22,normal,normal
60,20,40,0,1,0,0,63,6,22,normal,normal
142,20,128,0,1,0,0,128,6,4496,normal,normal
62,20,48,0,0,0,0,128,17,0,attack,attack
362,20,348,0,0,0,0,111,17,0,attack,attack
60,20,40,0,1,0,0,128,6,1989,attack,attack
751,20,737,0,1,0,0,117,17,0,attack,attack
1514,20,1500,0,1,0,0,64,6,22,attack,attack
362,20,348,0,0,0,0,111,17,0,attack,attack
391,20,377,0,1,0,0,48,6,55123,attack,attack
1514,20,1500,0,1,0,0,64,6,22,normal,normal
1434,20,1420,0,1,0,0,102,6,80,normal,attack
60,20,40,0,1,0,0,128,6,2490,normal,normal
60,20,40,0,1,0,0,128,6,16809,normal,normal
60,20,40,0,1,0,0,63,6,22,normal,normal
1514,20,1500,0,1,0,0,52,6,80,normal,normal
1514,20,1500,0,1,0,0,64,6,22,normal,normal
882,20,868,0,1,0,0,64,6,22,normal,normal
68,20,54,0,0,0,0,128,17,0,attack,attack
418,20,404,0,1,0,0,63,6,22,normal,attack
60,20,40,0,1,0,0,128,6,2367,attack,attack
126,20,112,0,1,0,0,128,6,1715,normal,normal
662,20,648,0,0,0,0,108,17,0,attack,attack
1434,20,1420,0,1,0,0,241,6,80,normal,normal
1514,20,1500,0,1,0,0,64,6,22,normal,normal
590,20,576,0,0,0,0,113,6,6880,attack,attack
60,20,40,0,1,0,0,128,6,3171,normal,normal
142,20,128,0,1,0,0,128,6,4180,normal,normal
62,20,48,0,0,0,0,128,17,0,attack,attack
1514,20,1500,0,1,0,0,64,6,80,normal,normal
566,20,552,0,0,0,0,47,6,51413,attack,attack
60,20,40,0,1,0,0,64,6,22,attack,attack
94,20,80,0,1,0,0,63,6,22,attack,attack
60,20,40,0,1,0,0,128,6,4505,normal,normal
62,20,48,0,0,0,0,128,17,0,attack,attack
60,20,40,0,1,0,0,128,6,1724,normal,normal
1514,20,1500,0,1,0,0,63,6,22,normal,normal
662,20,648,0,0,0,0,106,17,0,attack,attack
190,20,176,0,1,0,0,64,6,22,normal,normal
60,20,40,0,1,0,0,128,6,3021,normal,normal
62,20,48,0,0,0,0,128,17,0,attack,attack
1514,20,1500,0,1,0,0,63,6,22,attack,attack
62,20,48,0,0,0,0,128,17,0,attack,attack
60,20,40,0,1,0,0,64,6,22,attack,attack
1514,20,1500,0,1,0,0,52,6,80,normal,normal
1514,20,1500,0,1,0,0,47,6,6969,attack,attack
590,20,576,0,0,0,0,108,6,51884,attack,attack
1514,20,1500,0,1,0,0,63,6,22,normal,normal
1434,20,1420,0,1,0,0,241,6,80,normal,normal
79,20,65,0,0,0,0,128,17,0,attack,attack
72,20,58,0,0,0,0,128,17,0,attack,attack
418,20,404,0,1,0,0,64,6,22,normal,normal
60,20,40,0,1,0,0,128,6,3867,attack,attack
60,20,40,0,1,0,0,64,6,22,normal,normal
1480,20,1466,0,0,0,0,115,17,0,attack,attack
1514,20,1500,0,1,0,0,43,6,80,normal,normal
60,20,40,0,1,0,0,64,6,22,normal,normal
60,20,40,0,1,0,0,128,6,3137,normal,normal
1314,20,1300,0,1,0,0,48,6,55123,attack,attack
1514,20,1500,0,1,0,0,63,6,22,normal,normal
212,20,198,0,0,0,0,105,17,0,attack,attack
142,20,128,0,1,0,0,63,6,22,normal,normal
60,20,40,0,1,0,0,128,6,1729,normal,normal
1514,20,1500,0,1,0,0,47,6,80,normal,normal
60,20,40,0,1,0,0,128,6,15852,normal,normal
212,20,198,0,1,0,0,111,17,0,attack,attack
68,20,54,0,0,0,0,128,17,0,attack,attack
1480,20,1466,0,0,0,0,108,17,0,attack,attack
299,20,285,0,1,0,0,48,6,80,normal,normal
1514,20,1500,0,1,0,0,64,6,22,normal,normal
60,20,40,0,1,0,0,128,6,51083,normal,normal
212,20,198,0,0,0,0,112,17,0,attack,attack
60,20,40,0,1,0,0,128,6,15829,normal,normal
212,20,198,0,0,0,0,112,17,0,attack,attack
1434,20,1420,0,1,0,0,241,6,80,normal,normal
1514,20,1500,0,1,0,0,41,6,80,attack,attack
1514,20,1500,0,1,0,0,63,6,22,normal,normal
230,20,216,0,1,0,0,41,6,80,attack,attack
60,20,40,0,1,0,0,64,6,22,normal,normal
62,20,48,0,0,0,0,109,17,0,attack,attack
60,20,40,0,1,0,0,64,6,22,normal,normal
142,20,128,0,1,0,0,63,6,22,normal,normal
60,20,40,0,1,0,0,64,6,22,normal,normal
1480,20,1466,0,0,0,0,106,17,0,attack,attack
1434,20,1420,0,1,0,0,241,6,80,normal,normal
1514,20,1500,0,1,0,0,64,6,22,normal,normal
102,20,88,0,1,0,0,63,6,22,normal,normal
1514,20,1500,0,1,0,0,64,6,22,attack,attack
1514,20,1500,0,1,0,0,63,6,22,normal,normal
62,20,48,0,0,0,0,128,17,0,attack,attack
1514,20,1500,0,1,0,0,63,6,22,normal,normal
60,20,40,0,1,0,0,63,6,22,normal,normal
1514,20,1500,0,1,0,0,63,6,22,normal,normal
97,20,83,0,1,0,0,128,6,139,normal,normal
1502,20,1488,0,1,0,0,50,6,80,normal,normal
60,20,40,0,0,0,0,128,6,2109,attack,attack
60,20,40,0,1,0,0,63,6,22,normal,normal
60,20,40,0,1,0,0,63,6,22,attack,attack
774,20,760,0,1,0,0,64,6,22,normal,normal
1314,20,1300,0,1,0,0,48,6,55123,attack,attack
60,20,40,0,1,0,0,128,6,2328,attack,attack
662,20,648,0,0,0,0,108,17,0,attack,attack
1434,20,1420,0,1,0,0,241,6,80,normal,normal
60,20,40,0,1,0,0,128,6,2115,attack,attack
62,20,48,0,0,0,0,128,17,0,attack,attack
212,20,198,0,0,0,0,111,17,0,attack,attack
60,20,40,0,1,0,0,128,6,1229,normal,normal
62,20,48,0,0,0,0,128,17,0,attack,attack
662,20,648,0,0,0,0,111,17,0,attack,attack
60,20,40,0,1,0,0,64,6,22,normal,normal
126,20,112,0,1,0,0,64,6,22,normal,normal
62,20,48,0,0,0,0,128,17,0,attack,attack
60,20,40,0,1,0,0,128,6,51070,normal,normal
60,20,40,0,1,0,0,128,6,2985,normal,normal
1514,20,1500,0,1,0,0,64,6,22,normal,normal
142,20,128,0,1,0,0,128,6,4863,attack,attack
60,20,40,0,1,0,0,64,6,22,normal,normal
566,20,552,0,0,0,0,47,6,51413,attack,attack
126,20,112,0,1,0,0,128,6,4902,normal,normal
60,20,40,0,1,0,0,63,6,22,normal,normal
1514,20,1500,0,1,0,0,64,6,22,attack,attack
1434,20,1420,0,1,0,0,241,6,80,normal,normal
102,20,88,0,1,0,0,64,6,22,normal,normal
62,20,48,0,0,0,0,128,17,0,attack,attack
1434,20,1420,0,1,0,0,241,6,80,normal,normal
60,20,40,0,1,0,0,128,6,4901,normal,normal
62,20,48,0,0,0,0,128,17,0,attack,attack
1434,20,1420,0,1,0,0,241,6,80,normal,normal
62,20,48,0,1,0,0,128,6,1078,attack,attack
270,20,256,0,1,0,0,128,6,15870,normal,normal
1514,20,1500,0,1,0,0,41,6,80,normal,normal
1514,20,1500,0,1,0,0,63,6,22,normal,normal
62,20,48,0,0,0,0,128,17,0,attack,attack
1514,20,1500,0,1,0,0,63,6,80,normal,normal
60,20,40,0,1,0,0,128,6,3035,normal,normal
60,20,40,0,1,0,0,128,6,1739,normal,normal
774,20,760,0,1,0,0,63,6,22,attack,attack
60,20,40,0,0,0,0,128,6,2120,attack,attack
1514,20,1500,0,1,0,0,63,6,22,attack,attack
662,20,648,0,0,0,0,108,17,0,attack,attack
1514,20,1500,0,1,0,0,63,6,22,normal,normal
60,20,40,0,1,0,0,128,6,58998,attack,attack
1434,20,1420,0,1,0,0,241,6,80,normal,normal
212,20,198,0,0,0,0,112,17,0,attack,attack
68,20,54,0,0,0,0,128,17,0,attack,attack
60,20,40,0,1,0,0,128,6,2106,normal,attack
62,20,48,0,0,0,0,128,17,0,attack,attack
62,20,48,0,0,0,0,128,17,0,attack,attack
65,20,51,0,1,0,0,128,6,51099,normal,normal
60,20,40,0,0,0,0,128,6,2120,attack,attack
79,20,65,0,0,0,0,128,17,0,attack,attack
60,20,40,0,1,0,0,63,6,22,attack,attack
1480,20,1466,0,0,0,0,118,17,0,attack,attack
80,20,66,0,0,0,0,128,6,2214,attack,attack
1494,20,1480,0,1,0,0,109,6,22,attack,attack
1514,20,1500,0,1,0,0,64,6,22,attack,attack
60,20,40,0,1,0,0,64,6,22,attack,attack
1514,20,1500,0,1,0,0,106,6,27571,attack,attack
60,20,40,0,1,0,0,128,6,15871,normal,normal
60,20,40,0,1,0,0,128,6,3050,normal,normal
110,20,96,0,1,0,0,128,6,4863,normal,attack
60,20,40,0,1,0,0,128,6,4534,normal,normal
1494,20,1480,0,1,0,0,109,6,22,attack,attack
60,20,40,0,1,0,0,128,6,2354,attack,attack
62,20,48,0,0,0,0,128,17,0,attack,attack
62,20,48,0,0,0,0,128,17,0,attack,attack
1514,20,1500,0,1,0,0,63,6,22,normal,normal
1480,20,1466,0,0,0,0,106,17,0,attack,attack
212,20,198,0,0,0,0,112,17,0,attack,attack
60,20,40,0,1,0,0,128,6,4530,normal,normal
86,20,72,0,1,0,0,255,17,0,normal,normal
62,20,48,0,0,0,0,128,17,0,attack,attack
212,20,198,0,0,0,0,45,17,0,attack,attack
662,20,648,0,0,0,0,109,17,0,attack,attack
174,20,160,0,0,0,0,58,17,0,normal,normal
60,20,40,0,1,0,0,128,6,4499,normal,normal
1514,20,1500,0,1,0,0,41,6,80,attack,attack
60,20,40,0,1,0,0,128,6,2490,normal,normal
1514,20,1500,0,1,0,0,63,6,22,normal,normal
1514,20,1500,0,1,0,0,64,6,22,normal,normal
1480,20,1466,0,0,0,0,106,17,0,attack,attack
1514,20,1500,0,1,0,0,64,6,22,attack,attack
62,20,48,0,0,0,0,107,17,0,attack,attack
60,20,40,0,1,0,0,128,6,16816,normal,normal
590,20,576,0,0,0,0,113,6,6880,attack,attack
110,20,96,0,1,0,0,128,6,4871,attack,attack
1514,20,1500,0,1,0,0,64,6,22,normal,attack
1514,20,1500,0,1,0,0,107,6,48412,attack,attack
1514,20,1500,0,1,0,0,63,6,22,normal,normal
102,20,88,0,1,0,0,64,6,22,attack,attack
1514,20,1500,0,1,0,0,64,6,22,normal,normal
71,20,57,0,1,0,0,128,6,2131,attack,attack
1514,20,1500,0,1,0,0,41,6,80,normal,normal
1514,20,1500,0,1,0,0,63,6,22,normal,attack
1514,20,1500,0,1,0,0,63,6,80,normal,normal
212,20,198,0,0,0,0,111,17,0,attack,attack
60,20,40,0,1,0,0,64,6,22,normal,normal
1514,20,1500,0,1,0,0,64,6,22,normal,normal
1434,20,1420,0,1,0,0,241,6,80,normal,normal
109,20,95,0,0,0,0,112,17,0,attack,attack
92,20,78,0,1,0,0,128,6,2927,attack,attack
102,20,88,0,1,0,0,63,6,22,normal,normal
60,20,40,0,1,0,0,128,6,1228,normal,normal
590,20,576,0,0,0,0,113,6,6880,attack,attack
1514,20,1500,0,1,0,0,45,6,80,normal,normal
86,20,72,0,1,0,0,64,6,22,normal,normal
68,20,54,0,0,0,0,128,17,0,attack,attack
1480,20,1466,0,0,0,0,111,17,0,attack,attack
110,20,96,0,1,0,0,128,6,16810,normal,normal
1434,20,1420,0,1,0,0,241,6,80,normal,normal
1480,20,1466,0,0,0,0,106,17,0,attack,attack
729,20,715,0,1,0,0,48,6,80,normal,normal
60,20,40,0,1,0,0,128,6,59000,attack,attack
60,20,40,0,1,0,0,128,6,2985,normal,normal
1514,20,1500,0,1,0,0,64,6,22,normal,normal
92,20,78,0,1,0,0,128,6,4869,attack,attack
60,20,40,0,1,0,0,128,6,2928,normal,attack
60,20,40,0,1,0,0,128,6,3160,normal,normal
1514,20,1500,0,1,0,0,63,6,22,normal,normal
92,20,78,0,1,0,0,128,6,4000,attack,attack
1514,20,1500,0,1,0,0,63,6,22,normal,normal
142,20,128,0,1,0,0,128,6,4780,attack,attack
212,20,198,0,0,0,0,112,17,0,attack,attack
60,20,40,0,1,0,0,128,6,2367,attack,attack
1514,20,1500,0,1,0,0,41,6,80,normal,normal
60,20,40,0,1,0,0,128,6,2131,attack,attack
60,20,40,0,1,0,0,128,6,4869,attack,attack
1514,20,1500,0,1,0,0,64,6,22,normal,normal
60,20,40,0,1,0,0,128,6,1735,normal,normal
60,20,40,0,1,0,0,64,6,22,attack,attack
861,20,847,0,0,0,0,106,17,0,attack,attack
60,20,40,0,1,0,0,128,6,4499,normal,normal
212,20,198,0,0,0,0,112,17,0,attack,attack
1514,20,1500,0,1,0,0,64,6,22,attack,attack
60,20,40,0,0,0,0,128,6,2120,attack,attack
1514,20,1500,0,1,0,0,64,6,22,normal,normal
1514,20,1500,0,1,0,0,41,6,80,normal,normal
60,20,40,0,1,0,0,56,6,80,normal,normal
88,20,74,0,0,0,0,128,17,0,attack,attack
60,20,40,0,1,0,0,128,6,1729,normal,normal
1432,20,1418,0,1,0,0,56,6,80,normal,normal
110,20,96,0,1,0,0,63,6,22,normal,normal
190,20,176,0,1,0,0,64,6,22,normal,attack
1514,20,1500,0,1,0,0,41,6,80,attack,attack
1480,20,1466,0,1,0,0,117,17,0,attack,attack
60,20,40,0,1,0,0,64,6,22,normal,normal
62,20,48,0,0,0,0,128,17,0,attack,attack
1514,20,1500,0,1,0,0,64,6,22,normal,normal
1514,20,1500,0,1,0,0,52,6,80,normal,normal
110,20,96,0,1,0,0,128,6,4188,attack,attack
212,20,198,0,0,0,0,108,17,0,attack,attack
1480,20,1466,0,1,0,0,118,17,0,attack,attack
212,20,198,0,0,0,0,105,17,0,attack,attack
1480,20,1466,0,0,0,0,115,17,0,attack,attack
62,20,48,0,1,0,0,41,6,80,attack,attack
418,20,404,0,1,0,0,64,6,22,normal,attack
190,20,176,0,1,0,0,64,6,22,attack,attack
110,20,96,0,1,0,0,128,6,4891,normal,normal
214,20,200,0,1,0,0,52,6,64277,attack,attack
60,20,40,0,1,0,0,128,6,4865,attack,attack
1514,20,1500,0,1,0,0,64,6,22,normal,normal
662,20,648,0,0,0,0,108,17,0,attack,attack
1514,20,1500,0,1,0,0,63,6,22,attack,normal
1514,20,1500,0,1,0,0,64,6,22,normal,normal
797,20,783,0,1,0,0,241,6,80,normal,normal
1434,20,1420,0,1,0,0,241,6,80,normal,normal
62,20,48,0,0,0,0,128,17,0,attack,attack
1514,20,1500,0,1,0,0,63,6,22,normal,normal
110,20,96,0,1,0,0,64,6,22,normal,normal
1514,20,1500,0,1,0,0,64,6,22,normal,attack
774,20,760,0,1,0,0,63,6,22,normal,normal
566,20,552,0,0,0,0,47,6,51413,attack,attack
1514,20,1500,0,1,0,0,52,6,80,normal,normal
60,20,40,0,1,0,0,64,6,22,attack,attack
1262,20,1248,0,0,0,0,110,17,0,attack,attack
1434,20,1420,0,1,0,0,241,6,80,normal,normal
1514,20,1500,0,1,0,0,63,6,22,normal,normal
60,20,40,0,1,0,0,128,6,16816,normal,normal
1514,20,1500,0,1,0,0,63,6,22,normal,normal
307,20,293,0,0,0,0,58,17,0,normal,attack
1506,20,1492,0,1,0,0,45,6,51413,attack,attack
681,20,667,0,1,0,0,102,6,80,attack,attack
1514,20,1500,0,1,0,0,63,6,22,normal,normal
62,20,48,0,0,0,0,128,17,0,attack,attack
60,20,40,0,1,0,0,45,6,51413,attack,attack
109,20,95,0,0,0,0,128,17,0,attack,attack
212,20,198,0,0,0,0,112,17,0,attack,attack
1514,20,1500,0,1,0,0,63,6,22,normal,normal
60,20,40,0,1,0,0,128,6,1729,normal,normal
60,20,40,0,1,0,0,41,6,80,attack,attack
212,20,198,0,0,0,0,112,17,0,attack,attack
566,20,552,0,0,0,0,47,6,51413,attack,attack
362,20,348,0,0,0,0,110,17,0,attack,attack
190,20,176,0,1,0,0,64,6,22,normal,normal
212,20,198,0,0,0,0,112,17,0,attack,attack
142,20,128,0,1,0,0,128,6,59000,attack,attack
141,20,127,0,1,0,0,128,6,4526,normal,normal
60,20,40,0,1,0,0,128,6,59000,attack,attack
1514,20,1500,0,1,0,0,64,6,22,normal,normal
566,20,552,0,0,0,0,47,6,51413,attack,attack
60,20,40,0,1,0,0,128,6,1229,normal,normal
60,20,40,0,1,0,0,64,6,22,normal,normal
60,20,40,0,1,0,0,128,6,3822,normal,normal
212,20,198,0,0,0,0,112,17,0,attack,attack
60,20,40,0,1,0,0,46,6,80,normal,normal
102,20,88,0,1,0,0,63,6,22,normal,normal
1514,20,1500,0,1,0,0,64,6,22,normal,normal
105,20,91,0,1,0,0,128,6,1730,normal,normal
62,20,48,0,0,0,0,128,17,0,attack,attack
1316,20,1302,0,1,0,0,48,6,80,normal,normal
838,20,824,0,1,0,0,64,6,22,attack,attack
925,20,911,0,1,0,0,41,6,80,attack,attack
608,20,594,0,1,0,0,241,6,80,normal,normal
1490,20,1476,0,1,0,0,56,6,80,normal,normal
902,20,888,0,1,0,0,54,6,80,normal,normal
206,20,192,0,1,0,0,128,6,2403,normal,normal
1514,20,1500,0,1,0,0,63,6,22,normal,normal
60,20,40,0,1,0,0,128,6,2930,attack,attack
60,20,40,0,1,0,0,128,6,1218,normal,normal
62,20,48,0,1,0,0,128,6,4970,attack,attack
1514,20,1500,0,1,0,0,63,6,22,normal,normal
102,20,88,0,1,0,0,63,6,22,attack,attack
1514,20,1500,0,1,0,0,63,6,80,normal,normal
418,20,404,0,1,0,0,63,6,22,normal,normal
60,20,40,0,1,0,0,128,6,2296,attack,attack
1514,20,1500,0,1,0,0,64,6,22,normal,normal
706,20,692,0,1,0,0,63,6,80,normal,normal
1434,20,1420,0,1,0,0,241,6,80,normal,normal
142,20,128,0,1,0,0,128,6,1709,normal,normal
1434,20,1420,0,1,0,0,241,6,80,normal,normal
60,20,40,0,1,0,0,128,6,3171,normal,normal
1514,20,1500,0,1,0,0,63,6,22,normal,normal
110,20,96,0,1,0,0,128,6,3927,normal,normal
362,20,348,0,0,0,0,45,17,0,attack,attack
1514,20,1500,0,1,0,0,41,6,80,normal,normal
1514,20,1500,0,1,0,0,48,6,80,normal,normal
62,20,48,0,0,0,0,128,17,0,attack,attack
142,20,128,0,1,0,0,64,6,22,normal,normal
60,20,40,0,1,0,0,128,6,2928,attack,attack
1514,20,1500,0,1,0,0,41,6,80,attack,attack
60,20,40,0,1,0,0,128,6,4021,normal,normal
362,20,348,0,0,0,0,112,17,0,attack,attack
93,20,79,0,1,0,0,64,6,22,attack,attack
827,20,813,0,1,0,0,47,6,51413,attack,attack
62,20,48,0,0,0,0,128,17,0,attack,attack
75,20,61,0,0,0,0,128,17,0,attack,attack
212,20,198,0,0,0,0,112,17,0,attack,attack
60,20,40,0,1,0,0,128,6,3160,normal,normal
294,20,280,0,1,0,0,128,6,4777,attack,attack
212,20,198,0,0,0,0,112,17,0,attack,attack
1480,20,1466,0,1,0,0,118,17,0,attack,attack
62,20,48,0,0,0,0,128,17,0,attack,attack
60,20,40,0,1,0,0,128,6,4504,normal,normal
1514,20,1500,0,1,0,0,63,6,22,normal,normal
126,20,112,0,1,0,0,128,6,3863,attack,attack
62,20,48,0,0,0,0,128,17,0,attack,attack
60,20,40,0,1,0,0,128,6,4990,attack,attack
294,20,280,0,1,0,0,128,6,4010,normal,normal
1514,20,1500,0,1,0,0,64,6,22,attack,normal
62,20,48,0,0,0,0,128,17,0,attack,attack
1480,20,1466,0,0,0,0,109,17,0,attack,attack
418,20,404,0,1,0,0,64,6,22,normal,normal
60,20,40,0,1,0,0,128,6,2401,normal,normal
1514,20,1500,0,1,0,0,63,6,22,normal,normal
60,20,40,0,1,0,0,128,6,4520,normal,normal
62,20,48,0,0,0,0,108,17,0,attack,attack
60,20,40,0,1,0,0,128,6,3019,normal,normal
60,20,40,0,1,0,0,128,6,2922,attack,attack
1514,20,1500,0,1,0,0,64,6,22,normal,normal
1414,20,1400,0,1,0,0,112,6,48544,attack,attack
60,20,40,0,1,0,0,128,6,3171,normal,normal
60,20,40,0,1,0,0,128,6,4901,normal,normal
62,20,48,0,0,0,0,128,17,0,attack,attack
1514,20,1500,0,1,0,0,63,6,22,normal,attack
638,20,624,0,1,0,0,63,6,22,normal,normal
1434,20,1420,0,1,0,0,241,6,80,normal,normal
1514,20,1500,0,1,0,0,64,6,22,normal,normal
62,20,48,0,1,0,0,128,6,4990,attack,attack
212,20,198,0,0,0,0,105,17,0,attack,attack
60,20,40,0,1,0,0,128,6,16815,normal,normal
782,20,768,0,1,0,0,63,6,22,normal,normal
1480,20,1466,0,0,0,0,115,17,0,attack,attack
88,20,74,0,0,0,0,128,17,0,attack,attack
1514,20,1500,0,1,0,0,64,6,22,normal,normal
62,20,48,0,0,0,0,128,17,0,attack,attack
1514,20,1500,0,1,0,0,64,6,22,normal,normal
102,20,88,0,1,0,0,64,6,22,normal,normal
62,20,48,0,0,0,0,128,17,0,attack,attack
1514,20,1500,0,1,0,0,47,6,6969,attack,attack
1414,20,1400,0,1,0,0,112,6,48544,attack,attack
60,20,40,0,1,0,0,52,6,64277,attack,attack
1434,20,1420,0,1,0,0,241,6,80,normal,normal
362,20,348,0,0,0,0,112,17,0,attack,attack
1514,20,1500,0,1,0,0,108,6,57421,attack,attack
206,20,192,0,1,0,0,128,6,2108,attack,attack
1059,20,1045,0,1,0,0,46,6,80,normal,normal
60,20,40,0,1,0,0,128,6,1027,attack,attack
60,20,40,0,1,0,0,56,6,80,normal,normal
94,20,80,0,1,0,0,128,6,4901,normal,normal
1514,20,1500,0,1,0,0,63,6,22,attack,attack
1514,20,1500,0,1,0,0,64,6,22,normal,normal
1434,20,1420,0,1,0,0,241,6,80,normal,normal
62,20,48,0,1,0,0,128,6,1072,attack,attack
1480,20,1466,0,1,0,0,110,17,0,attack,attack
1480,20,1466,0,0,0,0,45,17,0,attack,attack
62,20,48,0,1,0,0,128,6,4189,attack,attack
1514,20,1500,0,1,0,0,64,6,22,normal,normal
1434,20,1420,0,1,0,0,241,6,80,normal,normal
62,20,48,0,1,0,0,128,6,3141,normal,normal
1514,20,1500,0,1,0,0,63,6,22,attack,attack
1484,20,1470,0,0,0,0,55,6,80,normal,normal
1514,20,1500,0,1,0,0,54,6,80,normal,normal
60,20,40,0,1,0,0,128,6,3019,normal,normal
1480,20,1466,0,0,0,0,106,17,0,attack,attack
1434,20,1420,0,1,0,0,241,6,80,normal,normal
212,20,198,0,0,0,0,112,17,0,attack,attack
1514,20,1500,0,1,0,0,48,6,80,normal,normal
62,20,48,0,0,0,0,128,17,0,attack,attack
60,20,40,0,1,0,0,128,6,3116,normal,normal
1514,20,1500,0,1,0,0,64,6,22,attack,attack
1514,20,1500,0,1,0,0,106,6,27571,attack,attack
1434,20,1420,0,1,0,0,241,6,80,normal,normal
1414,20,1400,0,1,0,0,112,6,48544,attack,attack
60,20,40,0,1,0,0,63,6,22,normal,normal
212,20,198,0,0,0,0,105,17,0,attack,attack
418,20,404,0,1,0,0,63,6,22,normal,normal
62,20,48,0,1,0,0,128,6,15859,normal,normal
1514,20,1500,0,1,0,0,64,6,22,normal,normal
212,20,198,0,0,0,0,108,17,0,attack,attack
126,20,112,0,1,0,0,128,6,3171,normal,normal
1514,20,1500,0,1,0,0,41,6,80,normal,normal
1480,20,1466,0,0,0,0,107,17,0,attack,attack
1514,20,1500,0,1,0,0,64,6,22,normal,normal
1514,20,1500,0,1,0,0,46,6,80,normal,normal
1514,20,1500,0,1,0,0,41,6,80,attack,attack
1514,20,1500,0,1,0,0,63,6,22,normal,normal
60,20,40,0,1,0,0,128,6,3160,normal,normal
1480,20,1466,0,0,0,0,111,17,0,attack,attack
1480,20,1466,0,0,0,0,117,17,0,attack,attack
60,20,40,0,1,0,0,128,6,1715,normal,normal
774,20,760,0,1,0,0,63,6,22,normal,normal
60,20,40,0,1,0,0,128,6,1039,attack,attack
94,20,80,0,1,0,0,64,6,22,normal,normal
62,20,48,0,0,0,0,128,17,0,attack,attack
1514,20,1500,0,1,0,0,64,6,22,normal,normal
60,20,40,0,1,0,0,128,6,4488,normal,normal
60,20,40,0,1,0,0,63,6,22,normal,normal
93,20,79,0,1,0,0,63,6,22,attack,attack
60,20,40,0,1,0,0,64,6,22,attack,attack
62,20,48,0,0,0,0,128,17,0,attack,attack
1514,20,1500,0,1,0,0,64,6,22,normal,normal
1514,20,1500,0,1,0,0,41,6,80,normal,normal
1514,20,1500,0,1,0,0,64,6,22,attack,attack
62,20,48,0,0,0,0,109,17,0,attack,attack
1480,20,1466,0,1,0,0,117,17,0,attack,attack
60,20,40,0,1,0,0,128,6,1088,attack,attack
1480,20,1466,0,0,0,0,115,17,0,attack,attack
1514,20,1500,0,1,0,0,52,6,80,normal,normal
1514,20,1500,0,1,0,0,63,6,22,normal,normal
1434,20,1420,0,1,0,0,241,6,80,normal,normal
146,20,132,0,1,0,0,128,6,4506,normal,normal
62,20,48,0,0,0,0,128,17,0,attack,attack
390,20,376,0,1,0,0,45,6,51413,attack,attack
62,20,48,0,0,0,0,128,17,0,attack,attack
212,20,198,0,0,0,0,112,17,0,attack,attack
1514,20,1500,0,1,0,0,64,6,22,attack,attack
60,20,40,0,1,0,0,241,6,80,normal,normal
1434,20,1420,0,1,0,0,241,6,80,normal,normal
60,20,40,0,1,0,0,128,6,2115,attack,attack
130,20,116,0,1,0,0,128,6,2992,normal,normal
1480,20,1466,0,1,0,0,118,17,0,attack,attack
60,20,40,0,1,0,0,128,6,59000,attack,attack
62,20,48,0,1,0,0,128,6,4009,normal,normal
1514,20,1500,0,1,0,0,64,6,22,attack,attack
62,20,48,0,0,0,0,128,17,0,attack,attack
60,20,40,0,1,0,0,128,6,2131,attack,attack
66,20,52,0,1,0,0,128,6,1989,attack,attack
60,20,40,0,1,0,0,41,6,80,normal,normal
126,20,112,0,1,0,0,128,6,4005,normal,normal
126,20,112,0,1,0,0,128,6,2931,attack,attack
62,20,48,0,0,0,0,128,17,0,attack,attack
151,0,0,0,0,0,0,0,0,0,normal,normal
62,20,48,0,0,0,0,128,17,0,attack,attack
62,20,48,0,1,0,0,48,6,80,normal,normal
1434,20,1420,0,1,0,0,241,6,80,normal,normal
60,20,40,0,1,0,0,63,6,22,normal,normal
62,20,48,0,0,0,0,128,17,0,attack,attack
1514,20,1500,0,1,0,0,64,6,22,normal,normal
1514,20,1500,0,1,0,0,63,6,22,attack,attack
590,20,576,0,0,0,0,108,6,51884,attack,attack
62,20,48,0,1,0,0,128,6,3123,normal,normal
60,20,40,0,1,0,0,64,6,22,normal,normal
60,20,40,0,1,0,0,63,6,22,attack,attack
60,20,40,0,1,0,0,128,6,15841,normal,normal
60,20,40,0,1,0,0,128,6,2985,normal,normal
362,20,348,0,0,0,0,111,17,0,attack,attack
60,20,40,0,1,0,0,128,6,4493,normal,normal
70,20,56,0,1,0,0,128,6,4859,attack,attack
60,20,40,0,1,0,0,128,6,2490,normal,normal
60,20,40,0,1,0,0,63,6,22,attack,normal
1514,20,1500,0,1,0,0,64,6,22,normal,normal
590,20,576,0,0,0,0,108,6,51884,attack,attack
60,20,40,0,1,0,0,63,6,22,normal,normal
62,20,48,0,0,0,0,128,17,0,attack,attack
60,20,40,0,1,0,0,128,6,2490,normal,normal
60,20,40,0,1,0,0,128,6,4574,normal,normal
1514,20,1500,0,1,0,0,64,6,22,normal,normal
662,20,648,0,0,0,0,108,17,0,attack,attack
60,20,40,0,1,0,0,128,6,1734,normal,normal
62,20,48,0,1,0,0,63,6,22,normal,normal
60,20,40,0,1,0,0,128,6,4872,attack,attack
62,20,48,0,1,0,0,128,6,2487,normal,normal
102,20,88,0,1,0,0,63,6,22,normal,normal
62,20,48,0,0,0,0,128,17,0,attack,attack
838,20,824,0,1,0,0,63,6,22,normal,normal
1514,20,1500,0,1,0,0,64,6,22,attack,attack
1480,20,1466,0,0,0,0,109,17,0,attack,attack
126,20,112,0,1,0,0,128,6,3937,normal,normal
110,20,96,0,1,0,0,64,6,22,normal,normal
68,20,54,0,0,0,0,128,17,0,attack,attack
62,20,48,0,0,0,0,128,17,0,attack,attack
102,20,88,0,1,0,0,64,6,22,attack,attack
60,20,40,0,1,0,0,64,6,22,attack,attack
102,20,88,0,1,0,0,63,6,22,attack,attack
1514,20,1500,0,1,0,0,64,6,22,normal,normal
133,20,119,0,1,0,0,128,6,4025,normal,normal
62,20,48,0,0,0,0,128,17,0,attack,attack
1514,20,1500,0,1,0,0,63,6,22,attack,attack
1514,20,1500,0,1,0,0,64,6,22,normal,normal
1514,20,1500,0,1,0,0,52,6,80,normal,normal
60,20,40,0,1,0,0,128,6,59000,attack,attack
1514,20,1500,0,1,0,0,64,6,22,normal,normal
60,20,40,0,1,0,0,128,6,2115,attack,attack
60,20,40,0,1,0,0,63,6,22,normal,normal
1514,20,1500,0,1,0,0,64,6,22,normal,normal
1506,20,1492,0,1,0,0,109,6,26076,attack,attack
60,20,40,0,1,0,0,128,6,4901,normal,normal
254,20,240,0,1,0,0,48,6,55123,attack,attack
1480,20,1466,0,0,0,0,115,17,0,attack,attack
662,20,648,0,0,0,0,108,17,0,attack,attack
212,20,198,0,0,0,0,45,17,0,attack,attack
1514,20,1500,0,1,0,0,52,6,80,normal,normal
134,20,120,0,1,0,0,52,6,64277,attack,attack
60,20,40,0,0,0,0,128,6,2120,attack,attack
80,20,66,0,1,0,0,128,6,2131,attack,attack
1225,20,1211,0,1,0,0,51,6,80,normal,normal
1514,20,1500,0,1,0,0,64,6,80,normal,normal
102,20,88,0,1,0,0,128,6,4015,normal,normal
1514,20,1500,0,1,0,0,64,6,22,attack,attack
62,20,48,0,1,0,0,109,6,26076,attack,attack
62,20,48,0,0,0,0,128,17,0,attack,attack
62,20,48,0,0,0,0,128,17,0,attack,attack
86,20,72,0,1,0,0,63,6,22,normal,normal
1514,20,1500,0,1,0,0,43,6,80,normal,normal
60,20,40,0,1,0,0,128,6,4504,normal,normal
86,20,72,0,1,0,0,64,6,22,normal,normal
1514,20,1500,0,1,0,0,63,6,22,normal,normal
60,20,40,0,1,0,0,63,6,22,normal,attack
662,20,648,0,0,0,0,112,17,0,attack,attack
212,20,198,0,0,0,0,111,17,0,attack,attack
97,20,83,0,0,0,0,128,17,0,attack,attack
154,20,140,0,1,0,0,112,6,48544,attack,attack
62,20,48,0,0,0,0,128,17,0,attack,attack
60,20,40,0,1,0,0,64,6,22,normal,normal
93,20,79,0,0,0,0,64,17,0,normal,normal
60,20,40,0,1,0,0,63,6,22,attack,attack
1480,20,1466,0,0,0,0,45,17,0,attack,attack
1514,20,1500,0,1,0,0,52,6,80,normal,normal
1514,20,1500,0,1,0,0,63,6,22,normal,normal
62,20,48,0,1,0,0,64,6,22,normal,normal
60,20,40,0,1,0,0,128,6,2309,attack,attack
212,20,198,0,0,0,0,112,17,0,attack,attack
1434,20,1420,0,1,0,0,241,6,80,normal,normal
60,20,40,0,1,0,0,128,6,4501,normal,normal
1262,20,1248,0,0,0,0,110,17,0,attack,attack
1514,20,1500,0,1,0,0,63,6,22,normal,attack
838,20,824,0,1,0,0,63,6,22,normal,normal
1514,20,1500,0,1,0,0,64,6,22,normal,normal
1514,20,1500,0,1,0,0,64,6,22,normal,normal
62,20,48,0,0,0,0,128,17,0,attack,attack
60,20,40,0,1,0,0,63,6,22,normal,normal
1262,20,1248,0,0,0,0,112,17,0,attack,attack
60,20,40,0,1,0,0,128,6,4485,normal,normal
1480,20,1466,0,0,0,0,108,17,0,attack,attack
1514,20,1500,0,1,0,0,41,6,80,normal,normal
1434,20,1420,0,1,0,0,241,6,80,normal,normal
60,20,40,0,1,0,0,64,6,22,normal,attack
1514,20,1500,0,1,0,0,63,6,22,attack,attack
60,20,40,0,1,0,0,64,6,22,normal,normal
1514,20,1500,0,1,0,0,117,6,80,normal,normal
1514,20,1500,0,1,0,0,108,6,57421,attack,attack
68,20,54,0,0,0,0,128,17,0,attack,attack
60,20,40,0,1,0,0,128,6,1027,attack,attack
1514,20,1500,0,1,0,0,64,6,22,normal,normal
60,20,40,0,1,0,0,63,6,22,attack,attack
1514,20,1500,0,1,0,0,64,6,22,normal,normal
1316,20,1302,0,1,0,0,48,6,80,normal,normal
62,20,48,0,0,0,0,128,17,0,attack,attack
60,20,40,0,1,0,0,128,6,4563,normal,normal
1480,20,1466,0,0,0,0,117,17,0,attack,attack
60,20,40,0,1,0,0,41,6,80,attack,attack
1514,20,1500,0,1,0,0,63,6,22,normal,normal
60,20,40,0,1,0,0,128,6,2115,attack,attack
62,20,48,0,0,0,0,128,17,0,attack,attack
1480,20,1466,0,0,0,0,107,17,0,attack,attack
1514,20,1500,0,1,0,0,63,6,22,normal,normal
62,20,48,0,0,0,0,128,17,0,attack,attack
142,20,128,0,1,0,0,64,6,22,normal,normal
79,20,65,0,1,0,0,64,6,143,normal,normal
62,20,48,0,0,0,0,128,17,0,attack,attack
662,20,648,0,0,0,0,109,17,0,attack,attack
1514,20,1500,0,1,0,0,64,6,22,normal,normal
1484,20,1470,0,0,0,0,55,6,80,normal,normal
1514,20,1500,0,1,0,0,64,6,22,normal,normal
212,20,198,0,0,0,0,106,17,0,attack,attack
60,20,40,0,1,0,0,128,6,3075,normal,normal
62,20,48,0,0,0,0,128,17,0,attack,attack
1388,20,1374,0,1,0,0,42,6,80,normal,normal
60,20,40,0,1,0,0,128,6,2296,attack,attack
62,20,48,0,0,0,0,128,17,0,attack,attack
110,20,96,0,1,0,0,64,6,22,attack,attack
60,20,40,0,1,0,0,128,6,1234,normal,normal
62,20,48,0,0,0,0,128,17,0,attack,attack
1514,20,1500,0,1,0,0,64,6,22,normal,normal
62,20,48,0,0,0,0,128,17,0,attack,attack
60,20,40,0,1,0,0,128,6,2296,attack,attack
62,20,48,0,0,0,0,128,17,0,attack,attack
102,20,88,0,1,0,0,64,6,22,normal,normal
1434,20,1420,0,1,0,0,241,6,80,normal,normal
126,20,112,0,1,0,0,128,6,2401,normal,normal
1262,20,1248,0,0,0,0,112,17,0,attack,attack
60,20,40,0,1,0,0,128,6,2318,attack,attack
110,20,96,0,1,0,0,63,6,22,attack,attack
60,20,40,0,1,0,0,128,6,2115,attack,attack
62,20,48,0,0,0,0,128,17,0,attack,attack
1514,20,1500,0,1,0,0,63,6,22,normal,normal
60,20,40,0,1,0,0,128,6,2110,attack,attack
1480,20,1466,0,0,0,0,115,17,0,attack,attack
62,20,48,0,0,0,0,128,17,0,attack,attack
1106,20,1092,0,1,0,0,64,6,22,attack,attack
1484,20,1470,0,0,0,0,55,6,80,normal,normal
1514,20,1500,0,1,0,0,41,6,80,normal,normal
60,20,40,0,1,0,0,128,6,4485,normal,normal
1434,20,1420,0,1,0,0,241,6,80,normal,normal
62,20,48,0,0,0,0,128,17,0,attack,attack
1514,20,1500,0,1,0,0,63,6,22,normal,normal
1514,20,1500,0,1,0,0,63,6,22,normal,normal
62,20,48,0,1,0,0,41,6,80,attack,attack
362,20,348,0,0,0,0,45,17,0,attack,attack
60,20,40,0,1,0,0,128,6,2493,normal,normal
134,20,120,0,1,0,0,128,6,15843,normal,normal
60,20,40,0,1,0,0,64,6,22,normal,normal
1502,20,1488,0,1,0,0,50,6,80,normal,normal
838,20,824,0,1,0,0,63,6,22,normal,normal
60,20,40,0,1,0,0,128,6,4483,normal,normal
134,20,120,0,1,0,0,63,6,22,normal,normal
1480,20,1466,0,0,0,0,113,17,0,attack,attack
1480,20,1466,0,0,0,0,45,17,0,attack,attack
60,20,40,0,1,0,0,128,6,1729,normal,normal
1514,20,1500,0,1,0,0,64,6,22,normal,normal
110,20,96,0,1,0,0,128,6,16806,normal,normal
1514,20,1500,0,1,0,0,45,6,80,normal,normal
126,20,112,0,1,0,0,64,6,22,normal,normal
1514,20,1500,0,1,0,0,64,6,22,normal,normal
212,20,198,0,0,0,0,112,17,0,attack,attack
118,20,104,0,1,0,0,64,6,22,normal,normal
566,20,552,0,0,0,0,47,6,51413,attack,attack
60,20,40,0,1,0,0,128,6,4901,normal,normal
1314,20,1300,0,1,0,0,48,6,55123,attack,attack
60,20,40,0,1,0,0,128,6,4512,normal,normal
60,20,40,0,1,0,0,128,6,3019,normal,normal
838,20,824,0,1,0,0,64,6,22,normal,normal
60,20,40,0,1,0,0,56,6,80,normal,normal
62,20,48,0,1,0,0,128,6,4552,normal,normal
60,20,40,0,1,0,0,128,6,2354,attack,attack
60,20,40,0,1,0,0,41,6,80,normal,normal
765,20,751,0,1,0,0,56,6,80,normal,normal
62,20,48,0,1,0,0,128,6,16818,normal,normal
60,20,40,0,1,0,0,128,6,1734,normal,normal
60,20,40,0,1,0,0,128,6,1718,normal,normal
1514,20,1500,0,1,0,0,52,6,80,normal,normal
60,20,40,0,1,0,0,128,6,4533,normal,normal
60,20,40,0,1,0,0,128,6,2985,normal,normal
60,20,40,0,1,0,0,128,6,1739,normal,normal
60,20,40,0,1,0,0,128,6,3822,normal,normal
60,20,40,0,1,0,0,128,6,2131,attack,attack
60,20,44,0,1,0,0,51,6,80,normal,normal
1514,20,1500,0,1,0,0,47,6,80,normal,normal
1514,20,1500,0,1,0,0,64,6,22,normal,normal
126,20,112,0,1,0,0,63,6,22,attack,attack
126,20,112,0,1,0,0,63,6,22,normal,normal
134,20,120,0,1,0,0,63,6,22,normal,normal
1514,20,1500,0,1,0,0,64,6,22,normal,normal
62,20,48,0,0,0,0,128,17,0,attack,attack
1502,20,1488,0,1,0,0,56,6,80,normal,normal
60,20,40,0,1,0,0,128,6,3171,normal,normal
1514,20,1500,0,1,0,0,64,6,22,attack,attack
60,20,40,0,0,0,0,128,6,2214,attack,attack
62,20,48,0,0,0,0,128,17,0,attack,attack
102,20,88,0,1,0,0,64,6,22,attack,attack
362,20,348,0,0,0,0,108,17,0,attack,attack
782,20,768,0,1,0,0,64,6,22,normal,attack
1514,20,1500,0,1,0,0,49,6,80,normal,normal
126,20,112,0,1,0,0,128,6,4179,normal,normal
1514,20,1500,0,1,0,0,106,6,27571,attack,attack
60,20,40,0,1,0,0,128,6,1729,normal,normal
1434,20,1420,0,1,0,0,241,6,80,normal,normal
62,20,48,0,0,0,0,128,17,0,attack,attack
60,20,40,0,1,0,0,128,6,4545,normal,normal
1514,20,1500,0,1,0,0,64,6,22,normal,normal
1514,20,1500,0,1,0,0,52,6,80,normal,normal
60,20,40,0,1,0,0,128,6,2296,attack,attack
60,20,40,0,1,0,0,128,6,4517,normal,normal
1480,20,1466,0,0,0,0,106,17,0,attack,attack
62,20,48,0,1,0,0,128,6,4875,attack,attack
142,20,128,0,1,0,0,128,6,1706,normal,normal
838,20,824,0,1,0,0,63,6,22,normal,normal
158,20,144,0,1,0,0,128,6,1069,attack,attack
62,20,48,0,1,0,0,109,6,26076,attack,attack
102,20,88,0,1,0,0,64,6,22,normal,normal
1434,20,1420,0,1,0,0,241,6,80,normal,normal
1514,20,1500,0,1,0,0,63,6,22,attack,attack
1480,20,1466,0,1,0,0,118,17,0,attack,attack
62,20,48,0,0,0,0,128,17,0,attack,attack
60,20,40,0,1,0,0,128,6,2296,attack,attack
62,20,48,0,0,0,0,128,17,0,attack,attack
134,20,120,0,1,0,0,64,6,22,normal,normal
1514,20,1500,0,1,0,0,64,6,22,attack,attack
62,20,48,0,0,0,0,128,17,0,attack,attack
206,20,192,0,1,0,0,128,6,2098,attack,attack
1514,20,1500,0,1,0,0,64,6,22,attack,attack
1514,20,1500,0,1,0,0,64,6,22,normal,normal
142,20,128,0,1,0,0,128,6,16808,normal,normal
110,20,96,0,1,0,0,64,6,22,normal,attack
1434,20,1420,0,1,0,0,241,6,80,normal,normal
60,20,40,0,1,0,0,128,6,1721,normal,normal
1434,20,1420,0,1,0,0,113,6,80,attack,attack
1514,20,1500,0,1,0,0,63,6,22,normal,normal
362,20,348,0,0,0,0,111,17,0,attack,attack
62,20,48,0,1,0,0,128,6,1046,attack,attack
62,20,48,0,0,0,0,128,17,0,attack,attack
60,20,40,0,1,0,0,128,6,15871,normal,normal
62,20,48,0,0,0,0,128,17,0,attack,attack
1434,20,1420,0,1,0,0,241,6,80,normal,normal
60,20,40,0,1,0,0,128,6,51063,normal,normal
60,20,40,0,1,0,0,128,6,2106,normal,attack
1514,20,1500,0,1,0,0,63,6,22,normal,normal
60,20,40,0,1,0,0,128,6,2296,attack,attack
60,20,40,0,1,0,0,128,6,16816,normal,normal
60,20,40,0,1,0,0,63,6,22,attack,attack
112,20,98,0,1,0,0,128,6,1729,normal,normal
60,20,40,0,1,0,0,128,6,4501,normal,normal
126,20,112,0,1,0,0,63,6,22,attack,attack
1514,20,1500,0,1,0,0,64,6,22,normal,normal
62,20,48,0,0,0,0,128,17,0,attack,attack
1514,20,1500,0,1,0,0,63,6,22,normal,normal
1514,20,1500,0,1,0,0,64,6,22,attack,attack
176,20,162,0,0,0,0,128,17,0,attack,attack
1514,20,1500,0,1,0,0,41,6,80,normal,normal
112,20,98,0,1,0,0,128,6,1729,normal,normal
68,20,54,0,0,0,0,128,17,0,attack,attack
142,20,128,0,1,0,0,63,6,22,normal,normal
60,20,40,0,1,0,0,128,6,1029,attack,attack
140,20,126,0,1,0,0,47,6,51413,attack,attack
60,20,40,0,1,0,0,128,6,1229,normal,normal
60,20,40,0,1,0,0,128,6,2114,attack,attack
1506,20,1492,0,1,0,0,45,6,51413,attack,attack
60,20,40,0,1,0,0,128,6,2490,normal,normal
299,20,285,0,1,0,0,48,6,80,normal,normal
1262,20,1248,0,0,0,0,110,17,0,attack,attack
1514,20,1500,0,1,0,0,46,6,80,normal,normal
362,20,348,0,0,0,0,111,17,0,attack,attack
60,20,40,0,1,0,0,128,6,3866,attack,attack
1514,20,1500,0,1,0,0,64,6,22,attack,attack
88,20,74,0,0,0,0,128,17,0,attack,attack
1514,20,1500,0,1,0,0,47,6,51413,attack,attack
60,20,40,0,1,0,0,128,6,16816,normal,normal
60,20,40,0,1,0,0,128,6,2114,attack,attack
62,20,48,0,1,0,0,64,6,22,attack,attack
590,20,576,0,0,0,0,108,6,51884,attack,attack
1480,20,1466,0,0,0,0,108,17,0,attack,attack
110,20,96,0,1,0,0,64,6,22,normal,normal
62,20,48,0,0,0,0,128,17,0,attack,attack
1514,20,1500,0,1,0,0,64,6,22,normal,attack
60,20,40,0,1,0,0,128,6,15852,normal,normal
1514,20,1500,0,1,0,0,64,6,22,attack,attack
1514,20,1500,0,1,0,0,41,6,80,normal,normal
60,20,40,0,1,0,0,128,6,4788,normal,attack
62,20,48,0,1,0,0,64,6,22,normal,normal
142,20,128,0,1,0,0,128,6,4868,attack,attack
1078,20,1064,0,1,0,0,41,6,9090,attack,attack
1480,20,1466,0,0,0,0,106,17,0,attack,attack
1514,20,1500,0,1,0,0,63,6,22,normal,normal
212,20,198,0,0,0,0,112,17,0,attack,attack
62,20,48,0,0,0,0,128,17,0,attack,attack
60,20,40,0,1,0,0,128,6,2115,attack,attack
1514,20,1500,0,1,0,0,63,6,22,normal,attack
62,20,48,0,0,0,0,128,17,0,attack,attack
60,20,40,0,1,0,0,64,6,22,attack,attack
60,20,40,0,1,0,0,128,6,2296,attack,attack
62,20,48,0,0,0,0,128,17,0,attack,attack
1480,20,1466,0,0,0,0,111,17,0,attack,attack
60,20,40,0,1,0,0,63,6,22,normal,normal
86,20,72,0,1,0,0,64,6,22,attack,attack
62,20,48,0,0,0,0,128,17,0,attack,attack
566,20,552,0,0,0,0,47,6,51413,attack,attack
1514,20,1500,0,1,0,0,64,6,22,attack,attack
212,20,198,0,0,0,0,105,17,0,attack,attack
1434,20,1420,0,1,0,0,241,6,80,normal,normal
1514,20,1500,0,1,0,0,63,6,22,normal,attack
60,20,40,0,0,0,0,128,6,2214,attack,attack
1514,20,1500,0,1,0,0,47,6,51413,attack,attack
62,20,48,0,0,0,0,128,17,0,attack,attack
70,20,56,0,1,0,0,63,6,110,attack,attack
79,20,65,0,1,0,0,63,6,143,normal,normal
122,20,108,0,1,0,0,128,6,1721,normal,normal
212,20,198,0,0,0,0,112,17,0,attack,attack
662,20,648,0,0,0,0,108,17,0,attack,attack
1434,20,1420,0,1,0,0,241,6,80,normal,normal
62,20,48,0,0,0,0,128,17,0,attack,attack
126,20,112,0,1,0,0,128,6,1229,normal,normal
1480,20,1466,0,0,0,0,111,17,0,attack,attack
94,20,80,0,1,0,0,128,6,4014,normal,normal
1514,20,1500,0,1,0,0,41,6,80,normal,normal
442,20,428,0,0,0,0,108,6,51884,attack,attack
62,20,48,0,0,0,0,128,17,0,attack,attack
1514,20,1500,0,1,0,0,43,6,80,normal,normal
1514,20,1500,0,1,0,0,41,6,80,normal,normal
1514,20,1500,0,1,0,0,43,6,80,normal,normal
1514,20,1500,0,1,0,0,52,6,80,normal,normal
1514,20,1500,0,1,0,0,64,6,22,normal,normal
60,20,40,0,1,0,0,128,6,2985,normal,normal
60,20,40,0,1,0,0,128,6,1723,normal,normal
167,20,153,0,1,0,0,53,6,80,normal,normal
1514,20,1500,0,1,0,0,64,6,22,normal,normal
1514,20,1500,0,1,0,0,64,6,22,normal,normal
85,20,71,0,1,0,0,128,6,1716,normal,normal
60,20,40,0,1,0,0,128,6,2131,attack,attack
1514,20,1500,0,1,0,0,63,6,22,normal,normal
212,20,198,0,0,0,0,112,17,0,attack,attack
94,20,80,0,0,0,0,64,17,0,normal,normal
212,20,198,0,0,0,0,106,17,0,attack,attack
60,20,40,0,1,0,0,128,6,4788,attack,attack
60,20,40,0,1,0,0,41,6,80,attack,attack
60,20,40,0,1,0,0,128,6,2985,normal,normal
60,20,40,0,1,0,0,128,6,4786,attack,attack
60,20,40,0,1,0,0,128,6,3080,normal,normal
1514,20,1500,0,1,0,0,63,6,22,attack,attack
60,20,40,0,1,0,0,128,6,1033,attack,attack
1514,20,1500,0,1,0,0,47,6,6969,attack,attack
60,20,40,0,1,0,0,63,6,22,attack,attack
62,20,48,0,0,0,0,128,17,0,attack,attack
1514,20,1500,0,1,0,0,63,6,22,attack,attack
1514,20,1500,0,1,0,0,64,6,22,normal,normal
126,20,112,0,1,0,0,128,6,1218,normal,normal
60,20,40,0,1,0,0,128,6,2367,attack,attack
1480,20,1466,0,0,0,0,106,17,0,attack,attack
1514,20,1500,0,1,0,0,43,6,80,normal,normal
1290,20,1276,0,0,0,0,117,17,0,attack,attack
212,20,198,0,0,0,0,112,17,0,attack,attack
1514,20,1500,0,1,0,0,64,6,22,attack,attack
1514,20,1500,0,1,0,0,41,6,80,normal,normal
418,20,404,0,1,0,0,63,6,22,normal,normal
212,20,198,0,0,0,0,105,17,0,attack,attack
60,20,40,0,1,0,0,128,6,3823,normal,normal
212,20,198,0,0,0,0,108,17,0,attack,attack
60,20,40,0,1,0,0,128,6,1714,normal,normal
362,20,348,0,0,0,0,108,17,0,attack,attack
68,20,54,0,0,0,0,128,17,0,attack,attack
339,20,325,0,1,0,0,63,6,80,normal,normal
662,20,648,0,0,0,0,108,17,0,attack,attack
62,20,48,0,0,0,0,128,17,0,attack,attack
1434,20,1420,0,1,0,0,241,6,80,normal,normal
212,20,198,0,1,0,0,111,17,0,attack,attack
1314,20,1300,0,1,0,0,48,6,55123,attack,attack
62,20,48,0,1,0,0,128,6,15842,normal,normal
1434,20,1420,0,1,0,0,241,6,80,normal,normal
88,20,74,0,0,0,0,128,17,0,attack,attack
1434,20,1420,0,1,0,0,241,6,80,normal,normal
62,20,48,0,0,0,0,128,17,0,attack,attack
60,20,40,0,1,0,0,128,6,4528,normal,normal
60,20,40,0,0,0,0,128,6,2109,attack,attack
62,20,48,0,0,0,0,128,17,0,attack,attack
126,20,112,0,1,0,0,63,6,22,normal,normal
1514,20,1500,0,1,0,0,63,6,22,normal,attack
60,20,40,0,1,0,0,128,6,2110,attack,attack
851,20,837,0,1,0,0,43,6,80,normal,normal
1514,20,1500,0,1,0,0,52,6,80,normal,normal
1514,20,1500,0,1,0,0,64,6,22,normal,attack
62,20,48,0,1,0,0,41,6,80,attack,attack
212,20,198,0,0,0,0,112,17,0,attack,attack
1514,20,1500,0,1,0,0,63,6,22,normal,attack
1514,20,1500,0,1,0,0,64,6,22,normal,normal
62,20,48,0,1,0,0,128,6,4516,normal,normal
1434,20,1420,0,1,0,0,241,6,80,normal,normal
1480,20,1466,0,1,0,0,118,17,0,attack,attack
1514,20,1500,0,1,0,0,64,6,22,normal,normal
62,20,48,0,0,0,0,128,17,0,attack,attack
62,20,48,0,0,0,0,128,17,0,attack,attack
1514,20,1500,0,1,0,0,52,6,80,normal,normal
1514,20,1500,0,1,0,0,63,6,22,normal,normal
172,20,158,0,1,0,0,128,6,4555,normal,normal
1514,20,1500,0,1,0,0,108,6,57421,attack,attack
62,20,48,0,0,0,0,128,17,0,attack,attack
60,20,40,0,1,0,0,128,6,1067,attack,attack
1480,20,1466,0,0,0,0,111,17,0,attack,attack
62,20,48,0,1,0,0,109,6,26076,attack,attack
60,20,40,0,1,0,0,128,6,3858,normal,normal
72,20,58,0,1,0,0,64,6,50564,attack,attack
1514,20,1500,0,1,0,0,64,6,22,normal,normal
882,20,868,0,1,0,0,63,6,22,attack,attack
362,20,348,0,0,0,0,111,17,0,attack,attack
590,20,576,0,1,0,0,113,6,80,attack,attack
62,20,48,0,0,0,0,128,17,0,attack,attack
60,20,40,0,1,0,0,63,6,22,normal,normal
212,20,198,0,0,0,0,106,17,0,attack,attack
86,20,72,0,1,0,0,64,6,22,attack,attack
126,20,112,0,1,0,0,64,6,22,attack,attack
92,20,78,0,1,0,0,128,6,2483,normal,normal
60,20,40,0,1,0,0,63,6,22,attack,attack
1514,20,1500,0,1,0,0,52,6,51413,attack,attack
60,20,40,0,1,0,0,128,6,3866,attack,attack
210,20,196,0,0,0,0,58,17,0,normal,normal
212,20,198,0,0,0,0,105,17,0,attack,attack
70,20,56,0,1,0,0,128,6,3928,normal,normal
1480,20,1466,0,1,0,0,117,17,0,attack,attack
60,20,40,0,1,0,0,63,6,22,attack,attack
1514,20,1500,0,1,0,0,64,6,22,normal,normal
1514,20,1500,0,1,0,0,64,6,22,normal,normal
1514,20,1500,0,1,0,0,63,6,22,normal,attack
212,20,198,0,0,0,0,112,17,0,attack,attack
1514,20,1500,0,1,0,0,41,6,80,attack,attack
110,20,96,0,1,0,0,63,6,22,attack,attack
1514,20,1500,0,1,0,0,63,6,22,attack,attack
1514,20,1500,0,1,0,0,46,6,80,normal,normal
1434,20,1420,0,1,0,0,241,6,80,normal,normal
1514,20,1500,0,1,0,0,64,6,22,normal,normal
60,20,40,0,1,0,0,128,6,2106,attack,attack
60,20,40,0,1,0,0,64,6,22,normal,normal
60,20,40,0,1,0,0,128,6,2115,attack,attack
362,20,348,0,0,0,0,110,17,0,attack,attack
1514,20,1500,0,1,0,0,64,6,22,attack,attack
60,20,40,0,1,0,0,128,6,1729,normal,normal
1434,20,1420,0,1,0,0,241,6,80,normal,normal
62,20,48,0,0,0,0,128,17,0,attack,attack
60,20,40,0,1,0,0,128,6,3816,normal,normal
1514,20,1500,0,1,0,0,63,6,22,normal,normal
1480,20,1466,0,0,0,0,113,17,0,attack,attack
1514,20,1500,0,1,0,0,64,6,22,normal,normal
62,20,48,0,0,0,0,128,17,0,attack,attack
141,20,127,0,0,0,0,128,17,0,attack,attack
110,20,96,0,1,0,0,128,6,4901,normal,normal
774,20,760,0,1,0,0,64,6,22,normal,normal
60,20,40,0,1,0,0,128,6,2354,attack,attack
1514,20,1500,0,1,0,0,64,6,22,normal,normal
1514,20,1500,0,1,0,0,64,6,22,normal,normal
1514,20,1500,0,1,0,0,64,6,22,attack,normal
138,20,124,0,1,0,0,128,6,3818,normal,normal
1434,20,1420,0,1,0,0,241,6,80,normal,normal
60,20,40,0,1,0,0,64,6,22,normal,normal
1514,20,1500,0,1,0,0,64,6,80,normal,normal
861,20,847,0,0,0,0,109,17,0,attack,attack
1514,20,1500,0,1,0,0,45,6,80,normal,normal
1514,20,1500,0,1,0,0,47,6,6969,attack,attack
62,20,48,0,0,0,0,128,17,0,attack,attack
1514,20,1500,0,1,0,0,63,6,22,attack,attack
102,20,88,0,1,0,0,64,6,22,normal,normal
93,20,79,0,1,0,0,64,6,22,attack,attack
1514,20,1500,0,1,0,0,41,6,80,normal,normal
1434,20,1420,0,1,0,0,241,6,80,normal,normal
1514,20,1500,0,1,0,0,63,6,22,normal,normal
60,20,40,0,1,0,0,128,6,2985,normal,normal
60,20,40,0,1,0,0,64,6,22,normal,normal
1480,20,1466,0,0,0,0,108,17,0,attack,attack
566,20,552,0,0,0,0,47,6,51413,attack,attack
1514,20,1500,0,1,0,0,63,6,22,attack,attack
1514,20,1500,0,1,0,0,63,6,22,normal,normal
212,20,198,0,0,0,0,112,17,0,attack,attack
212,20,198,0,0,0,0,112,17,0,attack,attack
1434,20,1420,0,1,0,0,102,6,80,attack,attack
94,20,80,0,1,0,0,128,6,4870,attack,attack
60,20,40,0,1,0,0,128,6,4506,normal,normal
60,20,40,0,1,0,0,128,6,2318,attack,attack
774,20,760,0,1,0,0,63,6,22,normal,normal
1514,20,1500,0,1,0,0,64,6,22,normal,normal
1514,20,1500,0,1,0,0,64,6,22,normal,normal
755,20,741,0,1,0,0,63,6,80,normal,normal
1514,20,1500,0,1,0,0,63,6,22,normal,normal
1514,20,1500,0,1,0,0,63,6,22,normal,normal
590,20,576,0,0,0,0,113,6,6880,attack,attack
1514,20,1500,0,1,0,0,64,6,22,normal,normal
1514,20,1500,0,1,0,0,63,6,22,normal,normal
60,20,40,0,1,0,0,128,6,1229,normal,normal
70,20,56,0,1,0,0,128,6,4010,normal,normal
60,20,40,0,1,0,0,128,6,3171,normal,normal
1514,20,1500,0,1,0,0,41,6,80,attack,attack
139,20,125,0,0,0,0,64,17,0,normal,normal
126,20,112,0,1,0,0,128,6,2106,normal,attack
60,20,40,0,1,0,0,128,6,4534,normal,normal
62,20,48,0,1,0,0,56,6,80,normal,normal
142,20,128,0,1,0,0,128,6,1706,normal,normal
60,20,40,0,1,0,0,128,6,2985,normal,normal
62,20,48,0,0,0,0,128,17,0,attack,attack
418,20,404,0,1,0,0,63,6,22,attack,attack
1262,20,1248,0,0,0,0,110,17,0,attack,attack
1514,20,1500,0,1,0,0,64,6,22,normal,normal
60,20,40,0,1,0,0,128,6,1219,normal,normal
60,20,40,0,1,0,0,128,6,3853,normal,normal
1514,20,1500,0,1,0,0,107,6,48412,attack,attack
62,20,48,0,0,0,0,128,17,0,attack,attack
60,20,40,0,1,0,0,64,6,22,normal,normal
60,20,40,0,1,0,0,128,6,1724,normal,normal
60,20,40,0,1,0,0,128,6,3019,normal,normal
1514,20,1500,0,1,0,0,59,6,80,normal,normal
1514,20,1500,0,1,0,0,64,6,22,normal,normal
79,20,65,0,0,0,0,128,17,0,attack,attack
1514,20,1500,0,1,0,0,63,6,22,normal,normal
60,20,40,0,1,0,0,64,6,22,attack,attack
130,20,116,0,1,0,0,128,6,3131,normal,normal
60,20,40,0,1,0,0,128,6,2115,attack,attack
1514,20,1500,0,1,0,0,52,6,51413,attack,attack
362,20,348,0,0,0,0,110,17,0,attack,attack
1434,20,1420,0,1,0,0,241,6,80,normal,normal
60,20,40,0,1,0,0,63,6,22,attack,attack
70,20,56,0,1,0,0,128,6,2098,attack,attack
566,20,552,0,0,0,0,47,6,51413,attack,attack
62,20,48,0,1,0,0,128,6,2400,normal,normal
861,20,847,0,0,0,0,110,17,0,attack,attack
1434,20,1420,0,1,0,0,241,6,80,normal,normal
1506,20,1492,0,1,0,0,45,6,51413,attack,attack
62,20,48,0,0,0,0,128,17,0,attack,attack
62,20,48,0,0,0,0,128,17,0,attack,attack
1514,20,1500,0,1,0,0,63,6,22,normal,attack
124,20,110,0,0,0,0,63,17,0,attack,attack
1514,20,1500,0,1,0,0,47,6,80,normal,normal
134,20,120,0,1,0,0,63,6,22,normal,normal
1434,20,1420,0,1,0,0,241,6,80,normal,normal
1514,20,1500,0,1,0,0,63,6,22,normal,normal
1514,20,1500,0,1,0,0,64,6,22,normal,normal
418,20,404,0,1,0,0,64,6,22,normal,normal
1480,20,1466,0,0,0,0,109,17,0,attack,attack
1514,20,1500,0,1,0,0,64,6,22,normal,normal
62,20,48,0,0,0,0,128,17,0,attack,attack
60,20,40,0,1,0,0,63,6,22,normal,normal
60,20,40,0,1,0,0,128,6,15852,normal,normal
60,20,40,0,1,0,0,128,6,3019,normal,normal
1514,20,1500,0,1,0,0,63,6,22,normal,normal
1514,20,1500,0,1,0,0,41,6,80,normal,normal
60,20,40,0,1,0,0,128,6,2296,attack,attack
1514,20,1500,0,1,0,0,64,6,22,normal,normal
93,20,79,0,1,0,0,64,6,22,normal,attack
134,20,120,0,1,0,0,52,6,64277,attack,attack
60,20,40,0,1,0,0,64,6,22,normal,normal
60,20,40,0,1,0,0,64,6,22,normal,normal
1514,20,1500,0,1,0,0,45,6,80,normal,normal
62,20,48,0,0,0,0,128,17,0,attack,attack
142,20,128,0,1,0,0,128,6,15837,normal,normal
86,20,72,0,1,0,0,64,6,22,normal,normal
590,20,576,0,0,0,0,113,6,6880,attack,attack
68,20,54,0,0,0,0,128,17,0,attack,attack
118,20,104,0,1,0,0,63,6,22,normal,normal
62,20,48,0,0,0,0,128,17,0,attack,attack
1514,20,1500,0,1,0,0,41,6,80,normal,normal
60,20,40,0,1,0,0,128,6,4501,normal,normal
1514,20,1500,0,1,0,0,64,6,22,normal,normal
418,20,404,0,1,0,0,64,6,22,normal,normal
60,20,40,0,1,0,0,63,6,22,normal,normal
62,20,48,0,0,0,0,128,17,0,attack,attack
1434,20,1420,0,1,0,0,241,6,80,normal,normal
1514,20,1500,0,1,0,0,63,6,22,attack,normal
60,20,40,0,1,0,0,128,6,2490,normal,normal
60,20,40,0,1,0,0,128,6,2195,attack,attack
1480,20,1466,0,1,0,0,118,17,0,attack,attack
909,20,895,0,1,0,0,63,6,80,normal,normal
1514,20,1500,0,1,0,0,64,6,22,normal,normal
1514,20,1500,0,1,0,0,64,6,22,normal,normal
60,20,40,0,1,0,0,128,6,1733,normal,normal
662,20,648,0,0,0,0,108,17,0,attack,attack
60,20,40,0,1,0,0,128,6,2985,normal,normal
1514,20,1500,0,1,0,0,59,6,80,normal,normal
1514,20,1500,0,1,0,0,64,6,22,attack,attack
1514,20,1500,0,1,0,0,63,6,22,normal,normal
62,20,48,0,0,0,0,128,17,0,attack,attack
60,20,40,0,1,0,0,63,6,22,normal,normal
1514,20,1500,0,1,0,0,107,6,48412,attack,attack
62,20,48,0,1,0,0,128,6,1048,attack,attack
60,20,40,0,1,0,0,128,6,3171,normal,normal
362,20,348,0,0,0,0,108,17,0,attack,attack
212,20,198,0,0,0,0,112,17,0,attack,attack
60,20,40,0,1,0,0,63,6,22,normal,normal
68,20,54,0,0,0,0,128,17,0,attack,attack
60,20,40,0,1,0,0,128,6,1734,normal,normal
1480,20,1466,0,0,0,0,45,17,0,attack,attack
126,20,112,0,1,0,0,128,6,3937,normal,normal
60,20,40,0,1,0,0,128,6,4519,normal,normal
60,20,40,0,1,0,0,63,6,22,attack,attack
1434,20,1420,0,1,0,0,241,6,80,normal,normal
62,20,48,0,0,0,0,128,17,0,attack,attack
1514,20,1500,0,1,0,0,64,6,22,normal,normal
1514,20,1500,0,1,0,0,64,6,22,normal,normal
62,20,48,0,1,0,0,64,6,22,normal,normal
62,20,48,0,0,0,0,128,17,0,attack,attack
60,20,40,0,1,0,0,128,6,3052,normal,normal
60,20,40,0,1,0,0,128,6,16806,normal,normal
1514,20,1500,0,1,0,0,63,6,22,normal,normal
60,20,40,0,1,0,0,128,6,4530,normal,normal
62,20,48,0,0,0,0,128,17,0,attack,attack
102,20,88,0,1,0,0,128,6,4499,normal,normal
362,20,348,0,0,0,0,111,17,0,attack,attack
80,20,66,0,1,0,0,128,6,2115,attack,attack
60,20,40,0,1,0,0,128,6,2921,attack,attack
126,20,112,0,1,0,0,64,6,22,attack,attack
1514,20,1500,0,1,0,0,41,6,80,normal,normal
1514,20,1500,0,1,0,0,63,6,22,normal,normal
1434,20,1420,0,1,0,0,241,6,80,normal,normal
62,20,48,0,0,0,0,128,17,0,attack,attack
93,20,79,0,1,0,0,128,6,139,attack,attack
60,20,40,0,1,0,0,128,6,2985,normal,normal
154,20,140,0,1,0,0,112,6,48544,attack,attack
1514,20,1500,0,1,0,0,63,6,22,normal,normal
212,20,198,0,0,0,0,112,17,0,attack,attack
1514,20,1500,0,1,0,0,64,6,22,normal,attack
1514,20,1500,0,1,0,0,48,6,80,normal,normal
1262,20,1248,0,0,0,0,110,17,0,attack,attack
1514,20,1500,0,1,0,0,64,6,22,normal,normal
1514,20,1500,0,1,0,0,51,6,80,normal,normal
93,20,79,0,1,0,0,64,6,22,normal,normal
62,20,48,0,0,0,0,128,17,0,attack,attack
110,20,96,0,1,0,0,64,6,22,normal,normal
62,20,48,0,0,0,0,128,17,0,attack,attack
1514,20,1500,0,1,0,0,64,6,22,attack,attack
134,20,120,0,1,0,0,128,6,1709,normal,normal
1514,20,1500,0,1,0,0,63,6,22,normal,attack
60,20,40,0,1,0,0,128,6,2131,attack,attack
212,20,198,0,0,0,0,106,17,0,attack,attack
662,20,648,0,0,0,0,111,17,0,attack,attack
153,20,139,0,0,0,0,63,17,0,normal,normal
1514,20,1500,0,1,0,0,64,6,22,normal,normal
62,20,48,0,0,0,0,128,17,0,attack,attack
151,20,137,0,1,0,0,128,6,2195,attack,attack
62,20,48,0,1,0,0,128,6,2109,attack,attack
1414,20,1400,0,1,0,0,112,6,48544,attack,attack
1514,20,1500,0,1,0,0,63,6,22,normal,attack
62,20,48,0,1,0,0,110,17,0,attack,attack
60,20,40,0,1,0,0,128,6,2309,attack,attack
60,20,40,0,1,0,0,128,6,1224,normal,normal
1514,20,1500,0,1,0,0,64,6,22,normal,normal
60,20,40,0,1,0,0,128,6,4487,normal,normal
1480,20,1466,0,0,0,0,106,17,0,attack,attack
489,20,475,0,0,0,0,63,17,0,normal,normal
1514,20,1500,0,1,0,0,63,6,22,attack,attack
62,20,48,0,0,0,0,128,17,0,attack,attack
212,20,198,0,0,0,0,112,17,0,attack,attack
60,20,40,0,1,0,0,128,6,2328,attack,attack
1514,20,1500,0,1,0,0,47,6,80,normal,normal
1514,20,1500,0,1,0,0,64,6,22,normal,normal
1514,20,1500,0,1,0,0,63,6,22,normal,normal
418,20,404,0,1,0,0,63,6,22,normal,normal
1514,20,1500,0,1,0,0,41,6,80,attack,attack
1514,20,1500,0,1,0,0,59,6,80,normal,normal
60,20,40,0,1,0,0,64,6,22,normal,normal
774,20,760,0,1,0,0,64,6,22,normal,normal
1514,20,1500,0,1,0,0,64,6,22,attack,attack
62,20,48,0,0,0,0,128,17,0,attack,attack
60,20,40,0,1,0,0,63,6,22,normal,normal
62,20,48,0,0,0,0,128,17,0,attack,attack
62,20,48,0,0,0,0,128,17,0,attack,attack
1434,20,1420,0,1,0,0,241,6,80,normal,normal
60,20,40,0,1,0,0,128,6,3818,normal,normal
60,20,40,0,1,0,0,128,6,3019,normal,normal
1514,20,1500,0,1,0,0,47,6,80,normal,normal
1434,20,1420,0,1,0,0,241,6,80,normal,normal
70,20,56,0,1,0,0,128,6,4185,attack,attack
60,20,40,0,1,0,0,41,6,80,attack,attack
638,20,624,0,1,0,0,64,6,22,normal,normal
1514,20,1500,0,1,0,0,63,6,22,normal,normal
60,20,40,0,1,0,0,128,6,1728,normal,normal
838,20,824,0,1,0,0,63,6,22,attack,attack
418,20,404,0,1,0,0,63,6,22,normal,normal
1188,20,1174,0,1,0,0,48,6,80,normal,normal
1514,20,1500,0,1,0,0,64,6,22,normal,normal
221,20,207,0,0,0,0,64,17,0,normal,normal
1480,20,1466,0,0,0,0,111,17,0,attack,attack
566,20,552,0,0,0,0,47,6,51413,attack,attack
60,20,40,0,1,0,0,63,6,22,normal,normal
60,20,40,0,1,0,0,128,6,2997,normal,normal
60,20,40,0,1,0,0,128,6,2106,normal,attack
1514,20,1500,0,1,0,0,41,6,80,attack,attack
72,20,58,0,1,0,0,128,6,2090,attack,attack
662,20,648,0,0,0,0,108,17,0,attack,attack
362,20,348,0,0,0,0,111,17,0,attack,attack
221,20,207,0,1,0,0,55,6,80,normal,normal
60,20,40,0,1,0,0,128,6,2367,attack,attack
1514,20,1500,0,1,0,0,64,6,22,normal,normal
60,20,40,0,1,0,0,128,6,2106,attack,attack
1506,20,1492,0,1,0,0,112,6,35691,attack,attack
60,20,40,0,1,0,0,128,6,1027,attack,attack
60,20,40,0,1,0,0,128,6,1027,attack,attack
60,20,40,0,1,0,0,128,6,3071,normal,normal
60,20,40,0,1,0,0,128,6,2328,attack,attack
1514,20,1500,0,1,0,0,41,6,80,normal,normal
60,20,40,0,1,0,0,128,6,1729,normal,normal
60,20,40,0,1,0,0,128,6,4788,attack,attack
1514,20,1500,0,1,0,0,41,6,80,normal,normal
102,20,88,0,1,0,0,64,6,22,attack,attack
62,20,48,0,0,0,0,128,17,0,attack,attack
362,20,348,0,0,0,0,112,17,0,attack,attack
1514,20,1500,0,1,0,0,64,6,22,attack,attack
62,20,48,0,0,0,0,128,17,0,attack,attack
1514,20,1500,0,1,0,0,108,6,57421,attack,attack
1502,20,1488,0,1,0,0,50,6,80,normal,normal
861,20,847,0,0,0,0,113,17,0,attack,attack
60,20,40,0,1,0,0,128,6,3937,normal,normal
62,20,48,0,0,0,0,109,17,0,attack,attack
1434,20,1420,0,1,0,0,102,6,80,attack,attack
62,20,48,0,0,0,0,128,17,0,attack,attack
1514,20,1500,0,1,0,0,64,6,22,normal,normal
212,20,198,0,0,0,0,108,17,0,attack,attack
62,20,48,0,1,0,0,41,6,80,attack,attack
1506,20,1492,0,1,0,0,109,6,26076,attack,attack
1514,20,1500,0,1,0,0,51,6,80,normal,normal
60,20,40,0,1,0,0,128,6,2115,attack,attack
362,20,348,0,0,0,0,108,17,0,attack,attack
126,20,112,0,1,0,0,128,6,3859,attack,attack
1434,20,1420,0,1,0,0,241,6,80,normal,normal
126,20,112,0,1,0,0,128,6,1706,normal,normal
1514,20,1500,0,1,0,0,63,6,22,normal,normal
60,20,40,0,1,0,0,128,6,4018,normal,normal
662,20,648,0,0,0,0,110,17,0,attack,attack
1480,20,1466,0,0,0,0,110,17,0,attack,attack
1514,20,1500,0,1,0,0,41,6,80,attack,attack
60,20,40,0,1,0,0,128,6,2114,attack,attack
1514,20,1500,0,1,0,0,63,6,22,normal,normal
859,20,845,0,0,0,0,105,17,0,attack,attack
62,20,48,0,1,0,0,109,6,26076,attack,attack
92,20,78,0,1,0,0,128,6,2928,attack,attack
1514,20,1500,0,1,0,0,63,6,22,normal,normal
1514,20,1500,0,1,0,0,52,6,80,normal,normal
1484,20,1470,0,0,0,0,55,6,80,normal,normal
60,20,40,0,0,0,0,128,6,2120,attack,attack
60,20,40,0,1,0,0,63,6,22,normal,normal
418,20,404,0,1,0,0,64,6,22,attack,attack
212,20,198,0,0,0,0,112,17,0,attack,attack
662,20,648,0,0,0,0,112,17,0,attack,attack
1480,20,1466,0,0,0,0,108,17,0,attack,attack
60,20,40,0,0,0,0,47,6,51413,attack,attack
224,20,210,0,0,0,0,47,6,51413,attack,attack
118,20,104,0,1,0,0,64,6,22,normal,normal
60,20,40,0,1,0,0,128,6,1715,normal,normal
1514,20,1500,0,1,0,0,63,6,22,normal,normal
62,20,48,0,0,0,0,128,17,0,attack,attack
362,20,348,0,0,0,0,111,17,0,attack,attack
1514,20,1500,0,1,0,0,63,6,22,normal,normal
212,20,198,0,0,0,0,112,17,0,attack,attack
60,20,40,0,1,0,0,128,6,4970,attack,attack
60,20,40,0,1,0,0,128,6,1730,normal,normal
1514,20,1500,0,1,0,0,64,6,22,normal,normal
1514,20,1500,0,1,0,0,63,6,22,normal,normal
662,20,648,0,0,0,0,105,17,0,attack,attack
294,20,280,0,1,0,0,128,6,3932,normal,normal
62,20,48,0,1,0,0,56,6,80,normal,normal
518,20,504,0,1,0,0,64,6,22,normal,normal
142,20,128,0,1,0,0,63,6,22,normal,normal
93,20,79,0,1,0,0,64,6,22,normal,normal
102,20,88,0,1,0,0,128,6,16816,normal,normal
212,20,198,0,0,0,0,106,17,0,attack,attack
1514,20,1500,0,1,0,0,64,6,22,attack,attack
1514,20,1500,0,1,0,0,54,6,80,normal,normal
62,20,48,0,0,0,0,128,17,0,attack,attack
60,20,40,0,1,0,0,128,6,1730,normal,normal
102,20,88,0,1,0,0,64,6,22,attack,attack
1514,20,1500,0,1,0,0,41,6,80,normal,normal
362,20,348,0,0,0,0,45,17,0,attack,attack
60,20,40,0,1,0,0,128,6,2367,attack,attack
1514,20,1500,0,1,0,0,63,6,22,normal,normal
126,20,112,0,1,0,0,64,6,22,attack,attack
154,20,140,0,1,0,0,112,6,48544,attack,attack
1108,20,1094,0,1,0,0,56,6,80,normal,normal
1262,20,1248,0,0,0,0,45,17,0,attack,attack
60,20,40,0,1,0,0,64,6,22,normal,normal
60,20,40,0,1,0,0,64,6,110,normal,normal
1434,20,1420,0,1,0,0,241,6,80,normal,normal
62,20,48,0,0,0,0,128,17,0,attack,attack
110,20,96,0,1,0,0,128,6,4899,normal,normal
1514,20,1500,0,1,0,0,41,6,80,normal,normal
62,20,48,0,0,0,0,128,17,0,attack,attack
60,20,40,0,1,0,0,128,6,1742,normal,normal
1173,20,1159,0,1,0,0,56,6,80,normal,normal
60,20,40,0,0,0,0,128,6,2141,attack,attack
60,20,40,0,1,0,0,128,6,2354,attack,attack
1434,20,1420,0,1,0,0,241,6,80,normal,normal
60,20,40,0,1,0,0,128,6,3866,attack,attack
60,20,40,0,1,0,0,128,6,4485,normal,normal
212,20,198,0,0,0,0,112,17,0,attack,attack
212,20,198,0,1,0,0,111,17,0,attack,attack
60,20,40,0,1,0,0,128,6,4504,normal,normal
60,20,40,0,1,0,0,128,6,2090,attack,attack
1434,20,1420,0,1,0,0,48,6,80,normal,normal
60,20,40,0,1,0,0,128,6,3171,normal,normal
62,20,48,0,0,0,0,128,17,0,attack,attack
60,20,40,0,0,0,0,128,6,2141,attack,attack
62,20,48,0,0,0,0,128,17,0,attack,attack
1514,20,1500,0,1,0,0,63,6,22,normal,normal
89,20,75,0,0,0,0,128,6,2214,attack,attack
60,20,40,0,1,0,0,63,6,22,normal,normal
60,20,40,0,1,0,0,128,6,2195,attack,attack
60,20,40,0,1,0,0,64,6,22,normal,normal
1514,20,1500,0,1,0,0,41,6,80,normal,normal
60,20,40,0,1,0,0,128,6,1027,attack,attack
66,20,52,0,1,0,0,128,6,51085,normal,normal
60,20,40,0,1,0,0,128,6,3051,normal,normal
62,20,48,0,1,0,0,64,6,22,normal,normal
1434,20,1420,0,1,0,0,241,6,80,normal,normal
60,20,40,0,1,0,0,63,6,22,attack,attack
1480,20,1466,0,0,0,0,45,17,0,attack,attack
1514,20,1500,0,1,0,0,63,6,22,normal,normal
1514,20,1500,0,1,0,0,63,6,22,normal,attack
60,20,40,0,1,0,0,128,6,1229,normal,normal
226,20,212,0,1,0,0,241,6,80,normal,normal
62,20,48,0,0,0,0,128,17,0,attack,attack
60,20,40,0,1,0,0,128,6,4494,normal,normal
662,20,648,0,0,0,0,112,17,0,attack,attack
1514,20,1500,0,1,0,0,63,6,22,normal,normal
1514,20,1500,0,1,0,0,64,6,22,normal,attack
60,20,40,0,1,0,0,128,6,2985,normal,normal
148,20,134,0,1,0,0,128,6,1052,attack,attack
1514,20,1500,0,1,0,0,63,6,22,normal,normal
1480,20,1466,0,0,0,0,110,17,0,attack,attack
1514,20,1500,0,1,0,0,52,6,80,normal,normal
1514,20,1500,0,1,0,0,64,6,22,normal,normal
212,20,198,0,0,0,0,112,17,0,attack,attack
362,20,348,0,0,0,0,108,17,0,attack,attack
102,20,88,0,1,0,0,63,6,22,normal,normal
1514,20,1500,0,1,0,0,64,6,22,normal,normal
1514,20,1500,0,1,0,0,64,6,22,normal,normal
60,20,40,0,1,0,0,128,6,3019,normal,normal
1514,20,1500,0,1,0,0,63,6,22,attack,attack
60,20,40,0,1,0,0,64,6,22,normal,normal
838,20,824,0,1,0,0,64,6,22,normal,normal
1514,20,1500,0,1,0,0,63,6,22,normal,normal
62,20,48,0,0,0,0,128,17,0,attack,attack
1514,20,1500,0,1,0,0,106,6,27571,attack,attack
1514,20,1500,0,1,0,0,64,6,22,normal,normal
60,20,40,0,1,0,0,128,6,2328,attack,attack
662,20,648,0,0,0,0,108,17,0,attack,attack
418,20,404,0,1,0,0,64,6,22,normal,normal
1514,20,1500,0,1,0,0,63,6,22,normal,normal
110,20,96,0,1,0,0,128,6,3860,attack,attack
536,20,522,0,1,0,0,45,6,80,normal,normal
93,20,79,0,1,0,0,64,6,22,attack,attack
60,20,40,0,1,0,0,128,6,4536,normal,normal
838,20,824,0,1,0,0,63,6,22,normal,normal
60,20,40,0,1,0,0,128,6,16816,normal,normal
1414,20,1400,0,1,0,0,112,6,48544,attack,attack
1434,20,1420,0,1,0,0,241,6,80,normal,normal
62,20,48,0,0,0,0,128,17,0,attack,attack
566,20,552,0,0,0,0,47,6,51413,attack,attack
212,20,198,0,0,0,0,112,17,0,attack,attack
60,20,40,0,1,0,0,128,6,3819,normal,normal
60,20,40,0,1,0,0,63,6,22,normal,normal
1514,20,1500,0,1,0,0,41,6,80,attack,attack
60,20,40,0,1,0,0,128,6,4023,normal,normal
1514,20,1500,0,1,0,0,63,6,22,normal,normal
1514,20,1500,0,1,0,0,41,6,80,normal,normal
212,20,198,0,0,0,0,112,17,0,attack,attack
62,20,48,0,1,0,0,128,6,4909,normal,normal
60,20,40,0,1,0,0,45,6,80,normal,normal
1514,20,1500,0,1,0,0,63,6,22,normal,normal
142,20,128,0,1,0,0,64,6,22,normal,attack
126,20,112,0,1,0,0,128,6,2402,normal,normal
1514,20,1500,0,1,0,0,41,6,80,normal,normal
60,20,40,0,1,0,0,128,6,2985,normal,normal
60,20,40,0,1,0,0,128,6,2985,normal,normal
1514,20,1500,0,1,0,0,63,6,22,attack,attack
212,20,198,0,0,0,0,112,17,0,attack,attack
60,20,40,0,1,0,0,128,6,1229,normal,normal
60,20,40,0,1,0,0,63,6,22,normal,normal
1514,20,1500,0,1,0,0,64,6,22,attack,attack
60,20,40,0,1,0,0,128,6,3816,normal,normal
1262,20,1248,0,0,0,0,45,17,0,attack,attack
1514,20,1500,0,1,0,0,64,6,22,normal,normal
1514,20,1500,0,1,0,0,64,6,22,attack,attack
838,20,824,0,1,0,0,63,6,22,normal,attack
1514,20,1500,0,1,0,0,64,6,22,normal,normal
1514,20,1500,0,1,0,0,41,6,80,normal,normal
838,20,824,0,1,0,0,63,6,22,normal,normal
102,20,88,0,1,0,0,64,6,22,normal,normal
60,20,40,0,0,0,0,128,6,2214,attack,attack
212,20,198,0,0,0,0,112,17,0,attack,attack
1514,20,1500,0,1,0,0,64,6,22,normal,attack
60,20,40,0,1,0,0,128,6,3822,normal,normal
1514,20,1500,0,1,0,0,63,6,22,normal,normal
1514,20,1500,0,1,0,0,63,6,22,attack,attack
60,20,40,0,1,0,0,128,6,2985,normal,normal
1514,20,1500,0,1,0,0,64,6,22,normal,normal
93,20,79,0,1,0,0,63,6,22,attack,attack
62,20,48,0,0,0,0,128,17,0,attack,attack
110,20,96,0,1,0,0,128,6,15838,normal,normal
1514,20,1500,0,1,0,0,63,6,22,normal,normal
60,20,40,0,1,0,0,128,6,2382,attack,attack
1514,20,1500,0,1,0,0,47,6,6969,attack,attack
1480,20,1466,0,0,0,0,111,17,0,attack,attack
1434,20,1420,0,1,0,0,52,6,64277,attack,attack
1514,20,1500,0,1,0,0,52,6,80,normal,normal
1434,20,1420,0,1,0,0,241,6,80,normal,normal
1514,20,1500,0,1,0,0,63,6,22,normal,normal
102,20,88,0,1,0,0,64,6,22,normal,normal
190,20,176,0,1,0,0,64,6,22,normal,normal
1514,20,1500,0,1,0,0,64,6,22,attack,attack
70,20,56,0,1,0,0,128,6,2167,attack,attack
206,20,192,0,1,0,0,128,6,2105,attack,attack
110,20,96,0,1,0,0,128,6,2098,attack,attack
1094,20,1080,0,1,0,0,241,6,80,normal,normal
60,20,40,0,1,0,0,128,6,2114,attack,attack
62,20,48,0,1,0,0,128,6,4884,attack,attack
110,20,96,0,1,0,0,128,6,4013,normal,normal
1514,20,1500,0,1,0,0,47,6,6969,attack,attack
566,20,552,0,0,0,0,47,6,51413,attack,attack
566,20,552,0,0,0,0,47,6,51413,attack,attack
68,20,54,0,0,0,0,128,17,0,attack,attack
418,20,404,0,1,0,0,64,6,22,normal,normal
608,20,594,0,1,0,0,241,6,80,normal,normal
1414,20,1400,0,1,0,0,112,6,48544,attack,attack
418,20,404,0,1,0,0,64,6,22,attack,attack
62,20,48,0,0,0,0,128,17,0,attack,attack
1514,20,1500,0,1,0,0,41,6,80,normal,normal
102,20,88,0,1,0,0,63,6,22,normal,normal
60,20,40,0,1,0,0,128,6,4517,normal,normal
1514,20,1500,0,1,0,0,48,6,80,normal,normal
1514,20,1500,0,1,0,0,63,6,22,attack,attack
590,20,576,0,0,0,0,113,6,6880,attack,attack
1514,20,1500,0,1,0,0,45,6,80,attack,attack
774,20,760,0,1,0,0,64,6,22,attack,attack
1514,20,1500,0,1,0,0,63,6,22,attack,attack
418,20,404,0,1,0,0,63,6,22,normal,normal
74,20,60,0,1,0,0,128,6,4515,normal,normal
1514,20,1500,0,1,0,0,64,6,22,normal,normal
62,20,48,0,0,0,0,128,17,0,attack,attack
60,20,40,0,1,0,0,128,6,4545,normal,normal
209,20,195,0,1,0,0,128,6,1726,normal,normal
148,20,134,0,0,0,0,117,17,0,attack,attack
142,20,128,0,1,0,0,63,6,22,normal,normal
60,20,40,0,1,0,0,64,6,22,normal,normal
1514,20,1500,0,1,0,0,63,6,22,normal,normal
126,20,112,0,1,0,0,64,6,22,attack,attack
126,20,112,0,1,0,0,128,6,2928,attack,attack
662,20,648,0,0,0,0,109,17,0,attack,attack
1514,20,1500,0,1,0,0,107,6,48412,attack,attack
62,20,48,0,0,0,0,111,17,0,attack,attack
94,20,80,0,1,0,0,63,6,22,normal,normal
362,20,348,0,0,0,0,108,17,0,attack,attack
60,20,40,0,1,0,0,63,6,22,normal,normal
60,20,40,0,1,0,0,128,6,4011,normal,normal
1514,20,1500,0,1,0,0,47,6,51413,attack,attack
62,20,48,0,1,0,0,128,6,3834,normal,normal
212,20,198,0,0,0,0,105,17,0,attack,attack
60,20,40,0,1,0,0,128,6,4788,attack,attack
662,20,648,0,0,0,0,112,17,0,attack,attack
135,20,121,0,1,0,0,128,6,4499,normal,normal
1514,20,1500,0,1,0,0,64,6,22,normal,normal
118,20,104,0,1,0,0,63,6,22,normal,normal
1514,20,1500,0,1,0,0,43,6,80,normal,normal
60,20,40,0,0,0,0,128,6,2120,attack,attack
126,20,112,0,1,0,0,64,6,22,attack,attack
126,20,112,0,1,0,0,63,6,22,normal,normal
1514,20,1500,0,1,0,0,63,6,22,attack,attack
62,20,48,0,0,0,0,128,17,0,attack,attack
1514,20,1500,0,1,0,0,52,6,80,normal,normal
1514,20,1500,0,1,0,0,52,6,80,normal,normal
1514,20,1500,0,1,0,0,63,6,22,normal,normal
62,20,48,0,0,0,0,128,17,0,attack,attack
662,20,648,0,0,0,0,105,17,0,attack,attack
1414,20,1400,0,1,0,0,112,6,48544,attack,attack
838,20,824,0,1,0,0,63,6,22,attack,attack
60,20,46,0,1,0,0,128,6,2166,attack,attack
60,20,40,0,1,0,0,56,6,80,normal,normal
1514,20,1500,0,1,0,0,64,6,22,normal,normal
1514,20,1500,0,1,0,0,63,6,22,normal,normal
62,20,48,0,0,0,0,128,17,0,attack,attack
1262,20,1248,0,0,0,0,105,17,0,attack,attack
1434,20,1420,0,1,0,0,241,6,80,normal,normal
62,20,48,0,0,0,0,128,17,0,normal,attack
1506,20,1492,0,1,0,0,45,6,51413,attack,attack
114,20,100,0,1,0,0,128,6,139,attack,attack
60,20,40,0,1,0,0,41,6,80,normal,attack
60,20,40,0,1,0,0,128,6,4501,normal,normal
1434,20,1420,0,1,0,0,241,6,80,normal,normal
126,20,112,0,1,0,0,64,6,22,normal,normal
1416,20,1402,0,1,0,0,48,6,80,normal,normal
566,20,552,0,0,0,0,47,6,51413,attack,attack
662,20,648,0,0,0,0,108,17,0,attack,attack
1462,20,1448,0,1,0,0,50,6,80,normal,normal
1314,20,1300,0,1,0,0,48,6,55123,attack,attack
93,20,79,0,1,0,0,64,6,22,normal,normal
306,20,292,0,1,0,0,45,6,51413,attack,attack
154,20,140,0,1,0,0,112,6,48544,attack,attack
1494,20,1480,0,1,0,0,109,6,22,normal,attack
60,20,40,0,1,0,0,64,6,22,attack,attack
418,20,404,0,1,0,0,63,6,22,normal,attack
1514,20,1500,0,1,0,0,64,6,22,normal,normal
62,20,48,0,0,0,0,128,17,0,attack,attack
116,20,102,0,1,0,0,128,6,3019,normal,normal
62,20,48,0,1,0,0,64,6,22,attack,attack
212,20,198,0,0,0,0,109,17,0,attack,attack
1514,20,1500,0,1,0,0,64,6,22,normal,normal
62,20,48,0,0,0,0,128,17,0,attack,attack
134,20,120,0,1,0,0,52,6,64277,attack,attack
60,20,40,0,1,0,0,128,6,3816,normal,normal
60,20,40,0,1,0,0,128,6,4181,normal,normal
60,20,40,0,1,0,0,63,6,22,attack,attack
662,20,648,0,0,0,0,112,17,0,attack,attack
1514,20,1500,0,1,0,0,64,6,22,normal,attack
110,20,96,0,1,0,0,128,6,1720,normal,normal
1514,20,1500,0,1,0,0,64,6,22,normal,attack
62,20,48,0,0,0,0,128,17,0,attack,attack
62,20,48,0,1,0,0,128,6,4498,normal,normal
566,20,552,0,0,0,0,47,6,51413,attack,attack
60,20,40,0,1,0,0,128,6,3819,normal,normal
774,20,760,0,1,0,0,63,6,22,normal,normal
62,20,48,0,0,0,0,128,17,0,attack,attack
1506,20,1492,0,1,0,0,45,6,51413,attack,attack
1514,20,1500,0,1,0,0,41,6,80,normal,normal
60,20,40,0,1,0,0,128,6,3866,normal,attack
60,20,40,0,1,0,0,63,6,22,normal,normal
110,20,96,0,1,0,0,64,6,22,normal,normal
125,20,111,0,1,0,0,128,6,3826,normal,normal
1514,20,1500,0,1,0,0,64,6,22,normal,normal
60,20,40,0,1,0,0,128,6,4546,normal,normal
60,20,40,0,1,0,0,128,6,1723,normal,normal
110,20,96,0,1,0,0,63,6,22,attack,attack
418,20,404,0,1,0,0,63,6,22,normal,normal
60,20,40,0,1,0,0,128,6,4181,normal,normal
212,20,198,0,0,0,0,112,17,0,attack,attack
1514,20,1500,0,1,0,0,43,6,80,normal,normal
1514,20,1500,0,1,0,0,64,6,22,normal,attack
1514,20,1500,0,1,0,0,52,6,80,normal,normal
1480,20,1466,0,0,0,0,113,17,0,attack,attack
93,20,79,0,1,0,0,63,6,22,attack,attack
1514,20,1500,0,1,0,0,63,6,22,normal,normal
74,20,60,0,1,0,0,128,6,1989,attack,attack
212,20,198,0,0,0,0,105,17,0,attack,attack
62,20,48,0,1,0,0,128,6,3114,normal,normal
1514,20,1500,0,1,0,0,64,6,22,normal,normal
212,20,198,0,0,0,0,112,17,0,attack,attack
60,20,40,0,1,0,0,128,6,1734,normal,normal
1514,20,1500,0,1,0,0,63,6,22,attack,attack
1514,20,1500,0,1,0,0,41,6,80,normal,normal
861,20,847,0,0,0,0,108,17,0,attack,attack
134,20,120,0,1,0,0,128,6,2987,normal,normal
1514,20,1500,0,1,0,0,41,6,80,normal,normal
1514,20,1500,0,1,0,0,63,6,22,attack,attack
1514,20,1500,0,1,0,0,45,6,80,normal,normal
62,20,48,0,1,0,0,128,6,2383,attack,attack
60,20,40,0,1,0,0,128,6,2367,attack,attack
1434,20,1420,0,1,0,0,241,6,80,normal,normal
62,20,48,0,0,0,0,128,17,0,attack,attack
362,20,348,0,0,0,0,112,17,0,attack,attack
60,20,40,0,1,0,0,128,6,15841,normal,normal
60,20,40,0,1,0,0,128,6,2114,attack,attack
60,20,40,0,1,0,0,128,6,3171,normal,normal
62,20,48,0,0,0,0,128,17,0,attack,attack
62,20,48,0,0,0,0,128,17,0,attack,attack
60,20,40,0,1,0,0,128,6,4530,normal,normal
62,20,48,0,0,0,0,128,17,0,attack,attack
1514,20,1500,0,1,0,0,41,6,80,normal,normal
60,20,40,0,1,0,0,64,6,22,normal,normal
1262,20,1248,0,0,0,0,45,17,0,attack,attack
1514,20,1500,0,1,0,0,63,6,22,normal,normal
1514,20,1500,0,1,0,0,64,6,22,normal,normal
62,20,48,0,0,0,0,128,17,0,attack,attack
60,20,40,0,1,0,0,64,6,22,attack,attack
60,20,40,0,1,0,0,63,6,22,attack,attack
1514,20,1500,0,1,0,0,43,6,80,normal,normal
62,20,48,0,0,0,0,128,17,0,attack,attack
1480,20,1466,0,0,0,0,115,17,0,attack,attack
60,20,40,0,1,0,0,128,6,2106,normal,attack
62,20,48,0,0,0,0,128,17,0,attack,attack
60,20,40,0,1,0,0,64,6,22,attack,attack
212,20,198,0,0,0,0,106,17,0,attack,attack
62,20,48,0,0,0,0,128,17,0,attack,attack
1514,20,1500,0,1,0,0,43,6,80,normal,normal
60,20,40,0,1,0,0,128,6,1724,normal,normal
60,20,40,0,1,0,0,64,6,22,normal,normal
62,20,48,0,0,0,0,128,17,0,attack,attack
1514,20,1500,0,1,0,0,63,6,22,normal,normal
838,20,824,0,1,0,0,64,6,22,normal,normal
212,20,198,0,0,0,0,106,17,0,attack,attack
102,20,88,0,1,0,0,63,6,22,normal,normal
60,20,40,0,1,0,0,63,6,22,normal,normal
62,20,48,0,1,0,0,110,17,0,attack,attack
68,20,54,0,0,0,0,128,17,0,attack,attack
909,20,895,0,1,0,0,64,6,80,normal,normal
60,20,40,0,1,0,0,128,6,2328,attack,attack
1506,20,1492,0,1,0,0,45,6,51413,attack,attack
362,20,348,0,0,0,0,112,17,0,attack,attack
60,20,40,0,1,0,0,41,6,80,normal,normal
60,20,40,0,0,0,0,128,6,2120,attack,attack
1514,20,1500,0,1,0,0,64,6,22,normal,normal
1434,20,1420,0,1,0,0,102,6,80,attack,attack
62,20,48,0,0,0,0,113,6,80,attack,attack
93,20,79,0,1,0,0,63,6,22,normal,normal
62,20,48,0,0,0,0,128,17,0,attack,attack
1480,20,1466,0,0,0,0,113,17,0,attack,attack
1514,20,1500,0,1,0,0,63,6,22,normal,normal
60,20,40,0,1,0,0,128,6,1027,attack,attack
60,20,40,0,1,0,0,128,6,4498,normal,normal
1514,20,1500,0,1,0,0,64,6,22,normal,attack
62,20,48,0,0,0,0,128,17,0,attack,attack
60,20,40,0,1,0,0,128,6,59000,attack,attack
1434,20,1420,0,1,0,0,48,6,80,normal,normal
1514,20,1500,0,1,0,0,43,6,80,normal,normal
212,20,198,0,0,0,0,112,17,0,attack,attack
60,20,40,0,1,0,0,128,6,1721,normal,normal
60,20,45,0,1,0,0,64,6,110,attack,attack
60,20,40,0,1,0,0,128,6,3019,normal,normal
60,20,40,0,0,0,0,128,6,2109,attack,attack
102,20,88,0,1,0,0,128,6,2922,attack,attack
1514,20,1500,0,1,0,0,63,6,22,attack,attack
62,20,48,0,0,0,0,128,17,0,attack,attack
134,20,120,0,1,0,0,63,6,22,normal,normal
1514,20,1500,0,1,0,0,63,6,22,normal,normal
62,20,48,0,0,0,0,128,17,0,attack,attack
62,20,48,0,1,0,0,63,6,22,attack,attack
98,20,84,0,1,0,0,255,17,0,normal,normal
1514,20,1500,0,1,0,0,63,6,22,normal,normal
1514,20,1500,0,1,0,0,63,6,22,normal,normal
212,20,198,0,0,0,0,106,17,0,attack,attack
1514,20,1500,0,1,0,0,63,6,22,attack,attack
1514,20,1500,0,1,0,0,63,6,22,normal,normal
1434,20,1420,0,1,0,0,240,6,80,normal,normal
60,20,40,0,1,0,0,128,6,1726,normal,normal
70,20,56,0,1,0,0,128,6,3937,normal,normal
1406,20,1392,0,1,0,0,50,6,80,normal,normal
1514,20,1500,0,1,0,0,64,6,22,attack,attack
1514,20,1500,0,1,0,0,64,6,22,normal,attack
71,20,57,0,0,0,0,128,6,2214,attack,attack
1514,20,1500,0,1,0,0,63,6,22,normal,normal
1434,20,1420,0,1,0,0,102,6,80,attack,attack
212,20,198,0,0,0,0,112,17,0,attack,attack
1514,20,1500,0,1,0,0,64,6,22,attack,attack
1514,20,1500,0,1,0,0,63,6,22,normal,normal
206,20,192,0,1,0,0,128,6,2400,normal,normal
102,20,88,0,1,0,0,64,6,22,attack,attack
62,20,48,0,1,0,0,128,6,3088,normal,normal
1514,20,1500,0,1,0,0,63,6,22,normal,normal
418,20,404,0,1,0,0,64,6,22,normal,normal
130,20,116,0,1,0,0,128,6,3107,normal,normal
60,20,40,0,1,0,0,128,6,1072,attack,attack
62,20,48,0,0,0,0,128,17,0,attack,attack
60,20,40,0,1,0,0,64,6,22,attack,attack
60,20,40,0,1,0,0,128,6,2115,attack,attack
60,20,40,0,1,0,0,64,6,22,normal,normal
212,20,198,0,0,0,0,112,17,0,attack,attack
1434,20,1420,0,1,0,0,241,6,80,normal,normal
60,20,40,0,1,0,0,64,6,22,normal,normal
68,20,54,0,0,0,0,128,17,0,attack,attack
62,20,48,0,0,0,0,128,17,0,attack,attack
662,20,648,0,0,0,0,108,17,0,attack,attack
60,20,40,0,1,0,0,64,6,22,normal,normal
70,20,56,0,1,0,0,128,6,15837,normal,normal
1514,20,1500,0,1,0,0,64,6,22,attack,attack
143,20,129,0,1,0,0,128,6,139,attack,attack
116,20,102,0,1,0,0,128,6,3019,normal,normal
1434,20,1420,0,1,0,0,52,6,64277,attack,attack
212,20,198,0,0,0,0,112,17,0,attack,attack
90,20,76,0,0,0,0,64,17,0,normal,normal
1514,20,1500,0,1,0,0,63,6,22,normal,normal
60,20,40,0,1,0,0,64,6,22,normal,normal
62,20,48,0,0,0,0,128,17,0,attack,attack
62,20,48,0,0,0,0,128,17,0,attack,attack
62,20,48,0,0,0,0,128,17,0,attack,attack
102,20,88,0,1,0,0,128,6,4785,attack,attack
1514,20,1500,0,1,0,0,63,6,22,normal,normal
1514,20,1500,0,1,0,0,63,6,22,normal,normal
212,20,198,0,0,0,0,107,17,0,attack,attack
60,20,40,0,1,0,0,128,6,3866,normal,attack
60,20,40,0,1,0,0,128,6,16819,normal,normal
1514,20,1500,0,1,0,0,41,6,80,normal,normal
60,20,40,0,1,0,0,64,6,22,attack,attack
60,20,40,0,1,0,0,63,6,22,normal,normal
1514,20,1500,0,1,0,0,52,6,80,normal,normal
60,20,40,0,1,0,0,128,6,4870,attack,attack
62,20,48,0,1,0,0,128,6,4512,normal,normal
60,20,40,0,1,0,0,128,6,15852,normal,normal
62,20,48,0,0,0,0,128,17,0,attack,attack
1434,20,1420,0,1,0,0,113,6,80,attack,attack
1514,20,1500,0,1,0,0,63,6,22,normal,normal
1414,20,1400,0,1,0,0,112,6,48544,attack,attack
60,20,40,0,0,0,0,128,6,2109,attack,attack
1434,20,1420,0,1,0,0,241,6,80,normal,normal
590,20,576,0,0,0,0,108,6,51884,attack,attack
60,20,40,0,1,0,0,64,6,22,attack,attack
566,20,552,0,0,0,0,47,6,51413,attack,attack
1514,20,1500,0,1,0,0,64,6,22,normal,attack
62,20,48,0,0,0,0,128,17,0,attack,attack
60,20,40,0,1,0,0,63,6,22,normal,normal
838,20,824,0,1,0,0,64,6,22,normal,normal
1480,20,1466,0,1,0,0,118,17,0,attack,attack
60,20,40,0,1,0,0,128,6,4788,attack,attack
102,20,88,0,1,0,0,63,6,22,normal,normal
1514,20,1500,0,1,0,0,63,6,22,attack,normal
1506,20,1492,0,1,0,0,112,6,35691,attack,attack
1480,20,1466,0,0,0,0,110,17,0,attack,attack
254,20,240,0,1,0,0,48,6,55123,attack,attack
1514,20,1500,0,1,0,0,52,6,80,normal,normal
838,20,824,0,1,0,0,63,6,22,normal,normal
1514,20,1500,0,1,0,0,63,6,22,normal,normal
1480,20,1466,0,1,0,0,110,17,0,attack,attack
62,20,48,0,1,0,0,128,6,3827,normal,normal
66,20,52,0,0,0,0,128,6,2109,attack,attack
60,20,40,0,1,0,0,128,6,16816,normal,normal
62,20,48,0,0,0,0,128,17,0,attack,attack
1514,20,1500,0,1,0,0,64,6,22,normal,attack
1480,20,1466,0,1,0,0,118,17,0,attack,attack
110,20,96,0,1,0,0,63,6,22,normal,normal
60,20,40,0,1,0,0,128,6,16816,normal,normal
1480,20,1466,0,0,0,0,111,17,0,attack,attack
60,20,40,0,1,0,0,128,6,2296,attack,attack
66,20,52,0,1,0,0,128,6,1989,attack,attack
1514,20,1500,0,1,0,0,63,6,22,normal,normal
97,20,83,0,0,0,0,128,17,0,attack,attack
1514,20,1500,0,1,0,0,45,6,80,normal,normal
1514,20,1500,0,1,0,0,64,6,22,normal,normal
662,20,648,0,0,0,0,108,17,0,attack,attack
60,20,40,0,1,0,0,41,6,80,normal,normal
62,20,48,0,0,0,0,105,17,0,attack,attack
212,20,198,0,0,0,0,112,17,0,attack,attack
1514,20,1500,0,1,0,0,47,6,6969,attack,attack
60,20,40,0,1,0,0,128,6,15852,normal,normal
60,20,40,0,1,0,0,64,6,22,normal,normal
60,20,40,0,1,0,0,128,6,2401,normal,normal
1514,20,1500,0,1,0,0,64,6,22,normal,normal
212,20,198,0,0,0,0,112,17,0,attack,attack
1514,20,1500,0,1,0,0,43,6,80,normal,normal
126,20,112,0,1,0,0,64,6,22,normal,normal
1514,20,1500,0,1,0,0,64,6,22,normal,normal
130,20,116,0,1,0,0,128,6,3129,normal,normal
1514,20,1500,0,1,0,0,63,6,22,normal,normal
62,20,48,0,0,0,0,128,17,0,attack,attack
1514,20,1500,0,1,0,0,53,6,80,normal,normal
60,20,40,0,1,0,0,64,6,22,normal,normal
1514,20,1500,0,1,0,0,64,6,22,normal,normal
1480,20,1466,0,1,0,0,118,17,0,attack,attack
60,20,40,0,1,0,0,63,6,22,normal,normal
1434,20,1420,0,1,0,0,241,6,80,normal,normal
1257,20,1243,0,1,0,0,49,6,80,normal,normal
1514,20,1500,0,1,0,0,64,6,22,normal,attack
60,20,40,0,1,0,0,63,6,22,normal,normal
362,20,348,0,0,0,0,45,17,0,attack,attack
93,20,79,0,1,0,0,63,6,22,normal,normal
106,20,92,0,0,0,0,128,17,0,attack,attack
566,20,552,0,0,0,0,47,6,51413,attack,attack
60,20,40,0,1,0,0,64,6,22,attack,attack
1514,20,1500,0,1,0,0,43,6,80,normal,normal
70,20,56,0,1,0,0,128,6,2096,attack,attack
1314,20,1300,0,1,0,0,48,6,55123,attack,attack
62,20,48,0,0,0,0,128,17,0,attack,attack
1514,20,1500,0,1,0,0,108,6,57421,attack,attack
362,20,348,0,0,0,0,45,17,0,attack,attack
62,20,48,0,0,0,0,128,17,0,attack,attack
494,20,480,0,1,0,0,56,6,80,normal,normal
62,20,48,0,0,0,0,128,17,0,attack,attack
60,20,40,0,1,0,0,128,6,15852,normal,normal
1514,20,1500,0,1,0,0,52,6,51413,attack,attack
1514,20,1500,0,1,0,0,64,6,22,normal,normal
60,20,40,0,1,0,0,128,6,3135,normal,normal
86,20,72,0,1,0,0,64,6,22,normal,normal
1514,20,1500,0,1,0,0,63,6,22,attack,attack
1262,20,1248,0,0,0,0,110,17,0,attack,attack
212,20,198,0,0,0,0,105,17,0,attack,attack
362,20,348,0,0,0,0,110,17,0,attack,attack
60,20,40,0,1,0,0,128,6,4499,normal,normal
1514,20,1500,0,1,0,0,41,6,80,normal,normal
62,20,48,0,0,0,0,128,17,0,attack,attack
1514,20,1500,0,1,0,0,63,6,22,normal,attack
71,20,57,0,0,0,0,128,6,2214,attack,attack
60,20,40,0,1,0,0,64,6,22,normal,normal
86,20,72,0,1,0,0,63,6,22,normal,normal
102,20,88,0,1,0,0,128,6,4869,normal,attack
212,20,198,0,0,0,0,112,17,0,attack,attack
1434,20,1420,0,1,0,0,102,6,80,attack,attack
1514,20,1500,0,1,0,0,63,6,22,normal,normal
861,20,847,0,0,0,0,106,17,0,attack,attack
1514,20,1500,0,1,0,0,64,6,22,normal,attack
60,20,40,0,1,0,0,128,6,2090,attack,attack
1434,20,1420,0,1,0,0,102,6,80,attack,attack
60,20,40,0,0,0,0,128,6,2109,attack,attack
212,20,198,0,0,0,0,108,17,0,attack,attack
1514,20,1500,0,1,0,0,63,6,22,attack,attack
60,20,40,0,1,0,0,128,6,4491,normal,normal
1514,20,1500,0,1,0,0,51,6,80,normal,normal
60,20,40,0,1,0,0,64,6,22,normal,normal
212,20,198,0,0,0,0,45,17,0,attack,attack
86,20,72,0,1,0,0,63,6,22,normal,normal
60,20,40,0,1,0,0,128,6,51092,normal,normal
1514,20,1500,0,1,0,0,64,6,22,normal,normal
1434,20,1420,0,1,0,0,240,6,80,normal,normal
60,20,40,0,1,0,0,64,6,22,normal,normal
732,20,718,0,1,0,0,43,6,80,normal,normal
212,20,198,0,0,0,0,105,17,0,attack,attack
62,20,48,0,0,0,0,128,17,0,attack,attack
1514,20,1500,0,1,0,0,64,6,22,normal,normal
1514,20,1500,0,1,0,0,41,6,80,attack,attack
60,20,40,0,1,0,0,41,6,80,normal,normal
60,20,40,0,1,0,0,63,6,22,normal,normal
1480,20,1466,0,0,0,0,111,17,0,attack,attack
212,20,198,0,0,0,0,111,17,0,attack,attack
1318,20,1304,0,1,0,0,41,6,80,attack,attack
62,20,48,0,1,0,0,56,6,80,normal,normal
62,20,48,0,0,0,0,128,17,0,attack,attack
66,20,52,0,1,0,0,52,6,25,attack,attack
94,20,80,0,1,0,0,128,6,3940,normal,normal
110,20,96,0,1,0,0,63,6,22,normal,normal
1480,20,1466,0,0,0,0,108,17,0,attack,attack
60,20,40,0,1,0,0,128,6,4181,normal,normal
1514,20,1500,0,1,0,0,64,6,22,normal,normal
62,20,48,0,0,0,0,128,17,0,attack,attack
60,20,40,0,1,0,0,128,6,4501,normal,normal
62,20,48,0,0,0,0,128,17,0,attack,attack
774,20,760,0,1,0,0,64,6,22,normal,normal
60,20,40,0,1,0,0,128,6,2195,attack,attack
62,20,48,0,0,0,0,128,17,0,attack,attack
1514,20,1500,0,1,0,0,59,6,80,normal,normal
60,20,40,0,1,0,0,128,6,2090,attack,attack
1514,20,1500,0,1,0,0,64,6,22,attack,attack
60,20,40,0,1,0,0,59,6,80,normal,normal
94,20,80,0,1,0,0,64,6,22,normal,normal
1514,20,1500,0,1,0,0,64,6,22,normal,normal
1514,20,1500,0,1,0,0,63,6,22,normal,normal
60,20,40,0,1,0,0,128,6,1708,normal,normal
60,20,40,0,1,0,0,45,6,51413,attack,attack
418,20,404,0,1,0,0,64,6,22,normal,normal
62,20,48,0,0,0,0,128,17,0,attack,attack
484,20,470,0,1,0,0,102,6,80,attack,attack
1514,20,1500,0,1,0,0,63,6,22,attack,attack
60,20,40,0,1,0,0,128,6,2985,normal,normal
1514,20,1500,0,1,0,0,63,6,22,normal,normal
240,20,226,0,1,0,0,128,6,2479,normal,normal
1514,20,1500,0,1,0,0,41,6,80,normal,normal
331,20,317,0,1,0,0,41,6,80,normal,normal
66,20,52,0,1,0,0,64,6,59155,attack,attack
102,20,88,0,1,0,0,63,6,22,attack,attack
110,20,96,0,1,0,0,128,6,4891,normal,normal
1314,20,1300,0,1,0,0,48,6,55123,attack,attack
1514,20,1500,0,1,0,0,52,6,80,normal,normal
1514,20,1500,0,1,0,0,63,6,22,normal,normal
60,20,40,0,1,0,0,128,6,1229,normal,normal
212,20,198,0,0,0,0,112,17,0,attack,attack
60,20,40,0,1,0,0,128,6,2318,attack,attack
62,20,48,0,1,0,0,41,6,80,attack,attack
60,20,40,0,1,0,0,128,6,2401,normal,normal
126,20,112,0,1,0,0,128,6,15850,normal,normal
1262,20,1248,0,0,0,0,110,17,0,attack,attack
60,20,40,0,1,0,0,64,6,22,attack,attack
60,20,40,0,1,0,0,63,6,22,attack,attack
1514,20,1500,0,1,0,0,63,6,22,normal,normal
1480,20,1466,0,0,0,0,113,17,0,attack,attack
60,20,40,0,1,0,0,128,6,2403,normal,normal
60,20,40,0,1,0,0,128,6,2115,attack,attack
1514,20,1500,0,1,0,0,41,6,80,normal,normal
1514,20,1500,0,1,0,0,64,6,22,normal,normal
1514,20,1500,0,1,0,0,63,6,22,normal,normal
1514,20,1500,0,1,0,0,51,6,80,normal,normal
62,20,48,0,1,0,0,128,6,16811,normal,normal
60,20,40,0,1,0,0,128,6,1715,normal,normal
60,20,40,0,1,0,0,56,6,80,normal,normal
1480,20,1466,0,0,0,0,117,17,0,attack,attack
212,20,198,0,0,0,0,112,17,0,attack,attack
60,20,40,0,1,0,0,56,6,80,normal,normal
1514,20,1500,0,1,0,0,64,6,22,attack,attack
62,20,48,0,0,0,0,128,17,0,attack,attack
60,20,40,0,1,0,0,128,6,3816,normal,normal
1262,20,1248,0,0,0,0,109,17,0,attack,attack
60,20,40,0,1,0,0,128,6,3019,normal,normal
62,20,48,0,0,0,0,128,17,0,attack,attack
1514,20,1500,0,1,0,0,64,6,22,attack,attack
1514,20,1500,0,1,0,0,63,6,22,normal,normal
362,20,348,0,0,0,0,45,17,0,attack,attack
70,20,56,0,1,0,0,63,6,110,normal,normal
60,20,40,0,1,0,0,55,6,80,normal,normal
60,20,40,0,1,0,0,128,6,1729,normal,normal
60,20,40,0,1,0,0,128,6,51063,normal,normal
1434,20,1420,0,1,0,0,241,6,80,normal,normal
1514,20,1500,0,1,0,0,45,6,80,attack,attack
60,20,40,0,1,0,0,128,6,3816,normal,normal
60,20,40,0,1,0,0,128,6,4875,attack,attack
60,20,40,0,1,0,0,63,6,22,normal,normal
1514,20,1500,0,1,0,0,63,6,22,normal,normal
60,20,40,0,0,0,0,128,6,2109,attack,attack
1414,20,1400,0,1,0,0,112,6,48544,attack,attack
212,20,198,0,0,0,0,112,17,0,attack,attack
418,20,404,0,1,0,0,63,6,22,normal,attack
662,20,648,0,0,0,0,108,17,0,attack,attack
60,20,40,0,1,0,0,128,6,51063,normal,normal
1514,20,1500,0,1,0,0,64,6,22,normal,normal
60,20,40,0,1,0,0,64,6,22,normal,normal
62,20,48,0,0,0,0,128,17,0,attack,attack
1514,20,1500,0,1,0,0,64,6,22,normal,normal
60,20,40,0,1,0,0,128,6,1729,normal,normal
60,20,40,0,1,0,0,128,6,2115,attack,attack
1480,20,1466,0,1,0,0,118,17,0,attack,attack
1514,20,1500,0,1,0,0,64,6,22,normal,attack
1514,20,1500,0,1,0,0,63,6,22,normal,normal
60,20,40,0,1,0,0,128,6,1725,normal,normal
1514,20,1500,0,1,0,0,63,6,22,normal,normal
60,20,40,0,1,0,0,128,6,2114,attack,attack
1514,20,1500,0,1,0,0,52,6,80,normal,normal
60,20,40,0,1,0,0,128,6,4181,normal,normal
212,20,198,0,0,0,0,106,17,0,attack,attack
1514,20,1500,0,1,0,0,63,6,22,normal,attack
1514,20,1500,0,1,0,0,64,6,22,normal,normal
62,20,48,0,0,0,0,128,17,0,attack,attack
118,20,104,0,1,0,0,63,6,22,normal,normal
62,20,48,0,0,0,0,128,17,0,attack,attack
60,20,40,0,1,0,0,128,6,4563,normal,normal
154,20,140,0,1,0,0,112,6,48544,attack,attack
362,20,348,0,0,0,0,105,17,0,attack,attack
60,20,40,0,1,0,0,128,6,2328,attack,attack
1514,20,1500,0,1,0,0,64,6,22,attack,attack
134,20,120,0,1,0,0,128,6,58990,attack,attack
362,20,348,0,0,0,0,111,17,0,attack,attack
1514,20,1500,0,1,0,0,52,6,80,normal,normal
60,20,40,0,1,0,0,128,6,3160,normal,normal
1514,20,1500,0,1,0,0,43,6,80,normal,normal
362,20,348,0,0,0,0,112,17,0,attack,attack
662,20,648,0,0,0,0,112,17,0,attack,attack
60,20,40,0,1,0,0,63,6,22,normal,normal
62,20,48,0,0,0,0,128,17,0,attack,attack
62,20,48,0,0,0,0,128,17,0,attack,attack
60,20,40,0,1,0,0,128,6,1720,normal,normal
60,20,40,0,1,0,0,128,6,1739,normal,normal
827,20,813,0,1,0,0,47,6,51413,attack,attack
60,20,40,0,0,0,0,47,6,51413,attack,attack
60,20,40,0,1,0,0,63,6,22,attack,attack
590,20,576,0,0,0,0,113,6,6880,attack,attack
1514,20,1500,0,1,0,0,64,6,22,normal,normal
1514,20,1500,0,1,0,0,64,6,22,attack,attack
1514,20,1500,0,1,0,0,63,6,22,normal,normal
60,20,40,0,1,0,0,63,6,22,normal,normal
60,20,40,0,1,0,0,128,6,3937,normal,normal
566,20,552,0,0,0,0,47,6,51413,attack,attack
1514,20,1500,0,1,0,0,63,6,22,normal,normal
418,20,404,0,1,0,0,64,6,22,normal,normal
60,20,40,0,1,0,0,128,6,3023,normal,normal
1514,20,1500,0,1,0,0,41,6,80,normal,normal
60,20,40,0,1,0,0,56,6,80,normal,normal
60,20,40,0,1,0,0,241,6,80,normal,normal
60,20,40,0,0,0,0,128,6,2141,attack,attack
60,20,40,0,1,0,0,128,6,1721,normal,normal
774,20,760,0,1,0,0,63,6,22,normal,normal
60,20,40,0,1,0,0,128,6,51075,normal,normal
60,20,40,0,1,0,0,128,6,4505,normal,normal
1514,20,1500,0,1,0,0,47,6,80,normal,normal
1514,20,1500,0,1,0,0,64,6,22,normal,normal
118,20,104,0,1,0,0,64,6,22,normal,normal
650,20,636,0,1,0,0,128,6,51069,normal,normal
1414,20,1400,0,1,0,0,112,6,48544,attack,attack
62,20,48,0,0,0,0,128,17,0,attack,attack
72,20,58,0,0,0,0,107,17,0,attack,attack
60,20,40,0,1,0,0,128,6,2985,normal,normal
60,20,40,0,1,0,0,64,6,22,attack,attack
60,20,40,0,1,0,0,128,6,4005,normal,normal
62,20,48,0,0,0,0,128,17,0,attack,attack
60,20,40,0,1,0,0,128,6,51097,normal,normal
60,20,40,0,1,0,0,63,6,22,attack,attack
1514,20,1500,0,1,0,0,63,6,22,normal,normal
60,20,40,0,1,0,0,128,6,3019,normal,normal
662,20,648,0,0,0,0,112,17,0,attack,attack
1514,20,1500,0,1,0,0,63,6,22,normal,normal
60,20,40,0,1,0,0,128,6,3019,normal,normal
126,20,112,0,1,0,0,128,6,3866,normal,attack
1434,20,1420,0,1,0,0,241,6,80,normal,normal
102,20,88,0,1,0,0,64,6,22,attack,attack
1514,20,1500,0,1,0,0,63,6,22,normal,normal
212,20,198,0,0,0,0,109,17,0,attack,attack
102,20,88,0,1,0,0,64,6,22,normal,normal
1514,20,1500,0,1,0,0,64,6,22,normal,normal
1514,20,1500,0,1,0,0,108,6,57421,attack,attack
81,20,67,0,0,0,0,128,17,0,normal,normal
1514,20,1500,0,1,0,0,108,6,57421,attack,attack
1514,20,1500,0,1,0,0,64,6,22,normal,normal
60,20,40,0,1,0,0,128,6,4497,normal,normal
1514,20,1500,0,1,0,0,64,6,22,normal,normal
1514,20,1500,0,1,0,0,59,6,80,normal,normal
1480,20,1466,0,0,0,0,113,17,0,attack,attack
60,20,40,0,1,0,0,128,6,2115,attack,attack
60,20,40,0,1,0,0,64,6,22,attack,attack
1262,20,1248,0,0,0,0,110,17,0,attack,attack
62,20,48,0,0,0,0,128,17,0,attack,attack
1514,20,1500,0,1,0,0,47,6,6969,attack,attack
62,20,48,0,1,0,0,63,6,80,normal,normal
110,20,96,0,1,0,0,63,6,22,attack,attack
60,20,40,0,0,0,0,128,6,2141,attack,attack
418,20,404,0,1,0,0,63,6,22,normal,normal
662,20,648,0,0,0,0,105,17,0,attack,attack
1514,20,1500,0,1,0,0,63,6,22,normal,normal
62,20,48,0,0,0,0,128,17,0,attack,attack
838,20,824,0,1,0,0,63,6,22,attack,attack
212,20,198,0,0,0,0,112,17,0,attack,attack
142,20,128,0,1,0,0,63,6,22,normal,normal
62,20,48,0,0,0,0,128,17,0,attack,attack
212,20,198,0,1,0,0,111,17,0,attack,attack
662,20,648,0,0,0,0,111,17,0,attack,attack
62,20,48,0,1,0,0,41,6,80,normal,normal
60,20,40,0,0,0,0,128,6,2120,attack,attack
60,20,40,0,1,0,0,128,6,4026,normal,normal
150,20,136,0,1,0,0,63,6,22,normal,normal
1514,20,1500,0,1,0,0,64,6,22,normal,normal
1514,20,1500,0,1,0,0,64,6,22,normal,normal
60,20,40,0,0,0,0,128,6,2214,attack,attack
362,20,348,0,0,0,0,112,17,0,attack,attack
62,20,48,0,1,0,0,63,6,22,normal,normal
60,20,40,0,1,0,0,128,6,4026,normal,normal
62,20,48,0,0,0,0,112,17,0,attack,attack
94,20,80,0,1,0,0,63,6,22,normal,normal
212,20,198,0,0,0,0,105,17,0,attack,attack
62,20,48,0,0,0,0,128,17,0,attack,attack
834,20,820,0,1,0,0,241,6,80,normal,normal
60,20,40,0,1,0,0,64,6,22,normal,normal
1514,20,1500,0,1,0,0,63,6,22,normal,normal
62,20,48,0,0,0,0,128,17,0,attack,attack
362,20,348,0,0,0,0,108,17,0,attack,attack
60,20,40,0,1,0,0,128,6,4969,attack,attack
1514,20,1500,0,1,0,0,64,6,22,normal,normal
60,20,40,0,1,0,0,128,6,15857,normal,normal
67,20,53,0,0,0,0,117,17,0,attack,attack
566,20,552,0,0,0,0,47,6,51413,attack,attack
1514,20,1500,0,1,0,0,63,6,22,normal,normal
60,20,40,0,0,0,0,128,6,2109,attack,attack
62,20,48,0,1,0,0,41,6,80,attack,attack
1434,20,1420,0,1,0,0,102,6,80,attack,attack
142,20,128,0,1,0,0,63,6,22,normal,normal
62,20,48,0,1,0,0,64,6,22,normal,normal
60,20,40,0,1,0,0,128,6,4533,normal,normal
60,20,40,0,1,0,0,128,6,1715,normal,normal
362,20,348,0,0,0,0,112,17,0,attack,attack
1514,20,1500,0,1,0,0,64,6,22,normal,normal
60,20,40,0,1,0,0,63,6,22,normal,normal
60,20,40,0,1,0,0,64,6,22,attack,attack
1480,20,1466,0,0,0,0,107,17,0,attack,attack
110,20,96,0,1,0,0,128,6,1713,normal,normal
212,20,198,0,0,0,0,111,17,0,attack,attack
60,20,40,0,1,0,0,128,6,4560,normal,normal
60,20,40,0,1,0,0,128,6,2328,attack,attack
1514,20,1500,0,1,0,0,63,6,22,normal,normal
1480,20,1466,0,0,0,0,111,17,0,attack,attack
60,0,0,0,0,0,0,0,0,0,normal,normal
1514,20,1500,0,1,0,0,64,6,22,normal,normal
60,20,40,0,1,0,0,128,6,15864,normal,normal
60,20,40,0,1,0,0,128,6,4872,attack,attack
662,20,648,0,0,0,0,108,17,0,attack,attack
1514,20,1500,0,1,0,0,47,6,51413,attack,attack
608,20,594,0,1,0,0,241,6,80,normal,normal
62,20,48,0,0,0,0,128,17,0,attack,attack
662,20,648,0,0,0,0,108,17,0,attack,attack
134,20,120,0,1,0,0,52,6,64277,attack,attack
62,20,48,0,0,0,0,128,17,0,attack,attack
1514,20,1500,0,1,0,0,63,6,22,normal,normal
60,20,40,0,1,0,0,41,6,80,normal,normal
62,20,48,0,0,0,0,128,17,0,attack,attack
126,20,112,0,1,0,0,128,6,4497,normal,normal
62,20,48,0,1,0,0,128,6,4019,normal,normal
212,20,198,0,0,0,0,105,17,0,attack,attack
60,20,40,0,1,0,0,128,6,1739,normal,normal
1514,20,1500,0,1,0,0,107,6,48412,attack,attack
212,20,198,0,0,0,0,112,17,0,attack,attack
212,20,198,0,0,0,0,105,17,0,attack,attack
60,20,40,0,1,0,0,128,6,1027,attack,attack
86,20,72,0,1,0,0,255,17,0,normal,normal
1514,20,1500,0,1,0,0,63,6,22,attack,attack
60,20,40,0,1,0,0,63,6,22,attack,attack
1514,20,1500,0,1,0,0,63,6,22,normal,normal
60,20,40,0,1,0,0,64,6,22,attack,attack
60,20,40,0,1,0,0,128,6,4938,attack,attack
60,20,40,0,0,0,0,113,6,6880,attack,attack
60,20,40,0,1,0,0,128,6,1236,normal,normal
1434,20,1420,0,1,0,0,50,6,80,normal,normal
60,20,40,0,1,0,0,128,6,3818,normal,normal
62,20,48,0,0,0,0,128,17,0,attack,attack
1434,20,1420,0,1,0,0,113,6,80,attack,attack
1514,20,1500,0,1,0,0,47,6,80,normal,normal
1434,20,1420,0,1,0,0,241,6,80,normal,normal
62,20,48,0,0,0,0,128,17,0,attack,attack
1514,20,1500,0,1,0,0,63,6,22,attack,attack
110,20,96,0,1,0,0,64,6,22,normal,normal
62,20,48,0,0,0,0,128,17,0,attack,attack
93,20,79,0,1,0,0,64,6,22,normal,normal
92,20,78,0,1,0,0,128,6,2097,attack,attack
126,20,112,0,1,0,0,128,6,16811,normal,normal
62,20,48,0,0,0,0,128,17,0,attack,attack
62,20,48,0,0,0,0,128,17,0,attack,attack
212,20,198,0,0,0,0,112,17,0,attack,attack
1514,20,1500,0,1,0,0,64,6,22,attack,attack
62,20,48,0,0,0,0,128,17,0,attack,attack
126,20,112,0,1,0,0,128,6,1705,normal,normal
62,20,48,0,1,0,0,128,6,3120,normal,normal
60,20,40,0,1,0,0,128,6,2328,attack,attack
294,20,280,0,1,0,0,128,6,16812,normal,normal
60,20,40,0,1,0,0,47,6,51413,attack,attack
1514,20,1500,0,1,0,0,64,6,22,normal,normal
62,20,48,0,0,0,0,128,17,0,attack,attack
60,20,40,0,1,0,0,128,6,1734,normal,normal
1514,20,1500,0,1,0,0,64,6,22,normal,normal
1434,20,1420,0,1,0,0,241,6,80,normal,normal
706,20,692,0,1,0,0,64,6,80,normal,normal
60,20,40,0,1,0,0,128,6,2296,attack,attack
126,20,112,0,1,0,0,128,6,58993,attack,attack
1514,20,1500,0,1,0,0,63,6,22,normal,normal
1514,20,1500,0,1,0,0,64,6,22,normal,normal
1514,20,1500,0,1,0,0,63,6,22,normal,normal
1514,20,1500,0,1,0,0,63,6,22,normal,normal
1514,20,1500,0,1,0,0,64,6,22,normal,normal
1514,20,1500,0,1,0,0,64,6,22,attack,attack
1514,20,1500,0,1,0,0,64,6,22,attack,attack
1480,20,1466,0,0,0,0,105,17,0,attack,attack
86,20,72,0,1,0,0,255,17,0,normal,normal
1514,20,1500,0,1,0,0,52,6,51413,attack,attack
62,20,48,0,1,0,0,128,6,3925,normal,normal
1480,20,1466,0,0,0,0,111,17,0,attack,attack
1514,20,1500,0,1,0,0,64,6,22,normal,normal
1514,20,1500,0,1,0,0,41,6,80,normal,normal
1514,20,1500,0,1,0,0,63,6,22,normal,attack
838,20,824,0,1,0,0,64,6,22,normal,normal
1314,20,1300,0,1,0,0,48,6,55123,attack,attack
94,20,80,0,1,0,0,63,6,22,normal,normal
755,20,741,0,1,0,0,64,6,80,normal,normal
418,20,404,0,1,0,0,64,6,22,attack,attack
60,20,40,0,1,0,0,128,6,15852,normal,normal
60,20,40,0,1,0,0,64,6,22,normal,normal
1480,20,1466,0,1,0,0,110,17,0,attack,attack
60,20,40,0,1,0,0,128,6,2114,attack,attack
1514,20,1500,0,1,0,0,63,6,22,normal,normal
60,20,40,0,1,0,0,128,6,15852,normal,normal
60,20,40,0,1,0,0,128,6,2114,attack,attack
1514,20,1500,0,1,0,0,63,6,22,normal,normal
1434,20,1420,0,0,0,0,46,6,80,normal,normal
212,20,198,0,0,0,0,112,17,0,attack,attack
1514,20,1500,0,1,0,0,41,6,80,normal,normal
60,20,40,0,1,0,0,128,6,3171,normal,normal
1514,20,1500,0,1,0,0,63,6,22,normal,normal
1514,20,1500,0,1,0,0,63,6,22,normal,normal
62,20,48,0,0,0,0,128,17,0,attack,attack
212,20,198,0,0,0,0,112,17,0,attack,attack
1514,20,1500,0,1,0,0,64,6,22,normal,normal
212,20,198,0,0,0,0,112,17,0,attack,attack
60,20,40,0,1,0,0,128,6,2985,normal,normal
60,20,40,0,1,0,0,128,6,3031,normal,normal
566,20,552,0,0,0,0,47,6,51413,attack,attack
62,20,48,0,1,0,0,109,6,26076,attack,attack
84,20,70,0,0,0,0,64,17,0,normal,normal
212,20,198,0,0,0,0,105,17,0,attack,attack
861,20,847,0,0,0,0,115,17,0,attack,attack
92,20,78,0,1,0,0,128,6,59000,attack,attack
60,20,40,0,1,0,0,128,6,3830,normal,normal
60,20,40,0,1,0,0,128,6,1725,normal,normal
60,20,40,0,1,0,0,128,6,2367,attack,attack
60,20,40,0,1,0,0,128,6,2985,normal,normal
662,20,648,0,0,0,0,111,17,0,attack,attack
1514,20,1500,0,1,0,0,63,6,22,normal,normal
110,20,96,0,1,0,0,128,6,1218,normal,normal
1514,20,1500,0,1,0,0,64,6,22,attack,attack
62,20,48,0,1,0,0,128,6,2492,normal,normal
60,20,40,0,1,0,0,128,6,3019,normal,normal
1514,20,1500,0,1,0,0,63,6,22,normal,normal
1514,20,1500,0,1,0,0,64,6,22,normal,attack
1514,20,1500,0,1,0,0,64,6,22,attack,attack
273,20,259,0,1,0,0,56,6,80,normal,normal
60,20,40,0,1,0,0,128,6,2328,attack,attack
60,20,40,0,1,0,0,63,6,22,attack,attack
1514,20,1500,0,1,0,0,63,6,22,normal,attack
1434,20,1420,0,1,0,0,241,6,80,normal,normal
662,20,648,0,0,0,0,111,17,0,attack,attack
60,20,40,0,1,0,0,63,6,22,normal,attack
212,20,198,0,0,0,0,112,17,0,attack,attack
126,20,112,0,1,0,0,128,6,1713,normal,normal
60,20,40,0,1,0,0,128,6,1735,normal,normal
1514,20,1500,0,1,0,0,64,6,22,normal,normal
60,20,40,0,1,0,0,128,6,2131,attack,attack
60,20,40,0,1,0,0,128,6,3936,normal,normal
1514,20,1500,0,1,0,0,64,6,22,normal,normal
206,20,192,0,1,0,0,128,6,2168,attack,attack
60,20,40,0,1,0,0,128,6,4876,attack,attack
1514,20,1500,0,1,0,0,64,6,22,normal,normal
1514,20,1500,0,1,0,0,43,6,80,normal,normal
1514,20,1500,0,1,0,0,64,6,22,normal,normal
62,20,48,0,1,0,0,63,6,22,normal,normal
1514,20,1500,0,1,0,0,64,6,22,normal,normal
1514,20,1500,0,1,0,0,63,6,22,normal,normal
1514,20,1500,0,1,0,0,64,6,22,normal,normal
1480,20,1466,0,0,0,0,107,17,0,attack,attack
774,20,760,0,1,0,0,63,6,22,attack,attack
62,20,48,0,0,0,0,128,17,0,attack,attack
1434,20,1420,0,1,0,0,240,6,80,normal,normal
1514,20,1500,0,1,0,0,64,6,22,attack,attack
62,20,48,0,0,0,0,128,17,0,attack,attack
60,20,40,0,1,0,0,128,6,2328,attack,attack
1514,20,1500,0,1,0,0,63,6,22,normal,normal
1514,20,1500,0,1,0,0,41,6,80,normal,normal
122,20,108,0,1,0,0,63,6,143,normal,normal
92,20,78,0,1,0,0,128,6,16813,normal,normal
60,20,40,0,1,0,0,128,6,3937,normal,normal
60,20,40,0,1,0,0,128,6,2106,normal,attack
60,20,40,0,1,0,0,128,6,1721,normal,normal
62,20,48,0,0,0,0,128,17,0,attack,attack
102,20,88,0,1,0,0,64,6,22,normal,normal
838,20,824,0,1,0,0,63,6,22,attack,attack
60,20,40,0,1,0,0,56,6,80,normal,normal
66,20,52,0,0,0,0,128,6,2109,attack,attack
1514,20,1500,0,1,0,0,64,6,22,normal,normal
60,20,40,0,1,0,0,128,6,1722,normal,normal
86,20,72,0,1,0,0,64,6,22,attack,attack
1514,20,1500,0,1,0,0,64,6,22,normal,normal
1514,20,1500,0,1,0,0,41,6,80,normal,normal
566,20,552,0,0,0,0,47,6,51413,attack,attack
212,20,198,0,0,0,0,105,17,0,attack,attack
1514,20,1500,0,1,0,0,64,6,22,normal,normal
1434,20,1420,0,1,0,0,52,6,64277,attack,attack
206,20,192,0,1,0,0,128,6,3927,normal,normal
1514,20,1500,0,1,0,0,59,6,80,normal,normal
60,20,40,0,1,0,0,128,6,1725,normal,normal
1434,20,1420,0,1,0,0,241,6,80,normal,normal
130,20,116,0,1,0,0,128,6,3060,normal,normal
1502,20,1488,0,1,0,0,50,6,80,normal,normal
274,20,260,0,0,0,0,63,17,0,normal,normal
1506,20,1492,0,1,0,0,45,6,51413,attack,attack
126,20,112,0,1,0,0,128,6,4778,attack,attack
60,20,40,0,1,0,0,128,6,4521,normal,normal
126,20,112,0,1,0,0,128,6,4180,normal,normal
134,20,120,0,1,0,0,63,6,22,attack,attack
60,20,40,0,1,0,0,128,6,4501,normal,normal
60,20,40,0,1,0,0,128,6,15861,normal,normal
1514,20,1500,0,1,0,0,63,6,22,normal,normal
142,20,128,0,1,0,0,63,6,22,attack,attack
1514,20,1500,0,1,0,0,63,6,22,attack,attack
60,20,40,0,1,0,0,128,6,2490,normal,normal
1514,20,1500,0,1,0,0,63,6,22,normal,normal
362,20,348,0,0,0,0,45,17,0,attack,attack
62,20,48,0,1,0,0,128,6,2104,normal,attack
134,20,120,0,1,0,0,52,6,64277,attack,attack
92,20,78,0,1,0,0,128,6,4497,normal,normal
93,20,79,0,1,0,0,63,6,22,normal,normal
60,20,40,0,1,0,0,128,6,1729,normal,normal
1484,20,1470,0,0,0,0,55,6,80,normal,normal
60,0,0,0,0,0,0,0,0,0,normal,attack
60,20,40,0,1,0,0,128,6,2101,attack,attack
60,20,40,0,1,0,0,109,6,26076,attack,attack
1514,20,1500,0,1,0,0,63,6,22,attack,attack
1514,20,1500,0,1,0,0,63,6,22,normal,normal
62,20,48,0,1,0,0,128,6,3821,normal,normal
212,20,198,0,0,0,0,112,17,0,attack,attack
1514,20,1500,0,1,0,0,41,6,80,normal,normal
60,20,40,0,1,0,0,128,6,3866,normal,attack
60,20,40,0,1,0,0,128,6,2090,attack,attack
60,20,40,0,1,0,0,128,6,15841,normal,normal
1434,20,1420,0,1,0,0,102,6,80,attack,attack
1514,20,1500,0,1,0,0,46,6,80,normal,normal
1514,20,1500,0,1,0,0,64,6,22,normal,attack
1514,20,1500,0,1,0,0,41,6,80,normal,normal
1514,20,1500,0,1,0,0,64,6,22,normal,normal
134,20,120,0,1,0,0,63,6,22,attack,attack
60,20,40,0,1,0,0,128,6,2328,attack,attack
62,20,48,0,0,0,0,128,17,0,attack,attack
60,20,40,0,0,0,0,128,6,2120,attack,attack
1514,20,1500,0,1,0,0,64,6,22,attack,attack
142,20,128,0,1,0,0,64,6,22,normal,normal
110,20,96,0,1,0,0,63,6,22,normal,normal
60,20,40,0,1,0,0,128,6,2490,normal,normal
1502,20,1488,0,1,0,0,50,6,80,normal,normal
131,20,117,0,1,0,0,128,6,3019,normal,normal
212,20,198,0,0,0,0,112,17,0,attack,attack
1506,20,1492,0,1,0,0,109,6,26076,attack,attack
1514,20,1500,0,1,0,0,45,6,80,normal,normal
362,20,348,0,0,0,0,112,17,0,attack,attack
154,20,140,0,1,0,0,128,6,2989,normal,normal
60,20,40,0,1,0,0,64,6,22,attack,attack
1514,20,1500,0,1,0,0,64,6,22,normal,normal
1514,20,1500,0,1,0,0,106,6,27571,attack,attack
60,20,45,0,1,0,0,109,6,22,attack,attack
1514,20,1500,0,1,0,0,64,6,22,normal,normal
1514,20,1500,0,1,0,0,45,6,80,normal,normal
662,20,648,0,0,0,0,108,17,0,attack,attack
60,20,40,0,1,0,0,128,6,2367,attack,attack
1514,20,1500,0,1,0,0,63,6,22,normal,attack
62,20,48,0,0,0,0,128,17,0,attack,attack
252,20,238,0,0,0,0,58,17,0,normal,normal
1514,20,1500,0,1,0,0,64,6,22,normal,normal
60,20,40,0,1,0,0,128,6,15864,normal,normal
60,20,40,0,1,0,0,128,6,1217,normal,normal
774,20,760,0,1,0,0,64,6,22,normal,normal
60,20,40,0,1,0,0,128,6,1027,attack,attack
1514,20,1500,0,1,0,0,63,6,22,normal,normal
150,20,136,0,0,0,0,128,17,0,attack,attack
212,20,198,0,0,0,0,112,17,0,attack,attack
60,20,40,0,1,0,0,64,6,22,normal,normal
60,20,40,0,1,0,0,128,6,1730,normal,normal
212,20,198,0,0,0,0,105,17,0,attack,attack
60,20,40,0,1,0,0,128,6,4534,normal,normal
418,20,404,0,1,0,0,64,6,22,attack,attack
130,20,116,0,1,0,0,128,6,3034,normal,normal
60,20,40,0,1,0,0,128,6,2110,attack,attack
60,20,40,0,1,0,0,55,6,80,normal,normal
60,20,40,0,1,0,0,63,6,22,attack,attack
1434,20,1420,0,1,0,0,241,6,80,normal,normal
62,20,48,0,0,0,0,128,17,0,attack,attack
212,20,198,0,0,0,0,105,17,0,attack,attack
1514,20,1500,0,1,0,0,106,6,27571,attack,attack
60,20,40,0,1,0,0,64,6,110,attack,attack
1434,20,1420,0,1,0,0,241,6,80,normal,normal
60,20,40,0,1,0,0,128,6,2115,attack,attack
60,20,40,0,1,0,0,128,6,3171,normal,normal
68,20,54,0,0,0,0,128,17,0,attack,attack
60,20,40,0,1,0,0,128,6,3822,normal,normal
60,20,40,0,1,0,0,128,6,1724,normal,normal
62,20,48,0,0,0,0,128,17,0,attack,attack
212,20,198,0,0,0,0,112,17,0,attack,attack
62,20,48,0,0,0,0,128,17,0,attack,attack
212,20,198,0,0,0,0,105,17,0,attack,attack
212,20,198,0,0,0,0,112,17,0,attack,attack
158,20,144,0,1,0,0,128,6,51063,normal,normal
62,20,48,0,1,0,0,41,6,80,attack,attack
62,20,48,0,1,0,0,64,6,22,normal,normal
142,20,128,0,1,0,0,128,6,2399,normal,normal
149,20,135,0,0,0,0,64,17,0,attack,attack
1514,20,1500,0,1,0,0,63,6,22,attack,attack
1480,20,1466,0,0,0,0,112,17,0,attack,attack
62,20,48,0,0,0,0,128,17,0,attack,attack
1514,20,1500,0,1,0,0,63,6,22,attack,attack
1480,20,1466,0,0,0,0,111,17,0,attack,attack
1480,20,1466,0,0,0,0,110,17,0,attack,attack
62,20,48,0,0,0,0,128,17,0,attack,attack
60,20,40,0,1,0,0,128,6,4545,normal,normal
212,20,198,0,0,0,0,112,17,0,attack,attack
1514,20,1500,0,1,0,0,64,6,22,attack,attack
1514,20,1500,0,1,0,0,64,6,22,normal,normal
1434,20,1420,0,1,0,0,241,6,80,normal,normal
1514,20,1500,0,1,0,0,64,6,22,normal,normal
110,20,96,0,1,0,0,128,6,16817,normal,normal
126,20,112,0,1,0,0,63,6,22,normal,normal
774,20,760,0,1,0,0,63,6,22,normal,normal
1314,20,1300,0,1,0,0,48,6,55123,attack,attack
294,20,280,0,1,0,0,128,6,4015,normal,normal
60,20,40,0,1,0,0,56,6,80,normal,normal
1514,20,1500,0,1,0,0,108,6,57421,attack,attack
1514,20,1500,0,1,0,0,41,6,80,normal,normal
60,20,40,0,1,0,0,128,6,3822,normal,normal
1480,20,1466,0,0,0,0,105,17,0,attack,attack
97,20,83,0,0,0,0,64,17,0,normal,normal
1514,20,1500,0,1,0,0,64,6,80,normal,normal
212,20,198,0,0,0,0,112,17,0,attack,attack
362,20,348,0,0,0,0,108,17,0,attack,attack
60,20,40,0,1,0,0,128,6,4494,normal,normal
1480,20,1466,0,0,0,0,106,17,0,attack,attack
1514,20,1500,0,1,0,0,63,6,22,normal,normal
212,20,198,0,0,0,0,112,17,0,attack,attack
60,20,40,0,1,0,0,63,6,22,normal,normal
1514,20,1500,0,1,0,0,63,6,22,attack,attack
1514,20,1500,0,1,0,0,43,6,80,normal,normal
60,20,40,0,1,0,0,63,6,22,normal,attack
62,20,48,0,0,0,0,128,17,0,attack,attack
1494,20,1480,0,1,0,0,109,6,22,attack,attack
60,20,40,0,1,0,0,63,6,22,normal,normal
134,20,120,0,1,0,0,52,6,64277,attack,attack
1514,20,1500,0,1,0,0,64,6,80,normal,normal
60,20,40,0,1,0,0,128,6,15873,normal,normal
212,20,198,0,0,0,0,112,17,0,attack,attack
60,20,40,0,1,0,0,128,6,3816,normal,normal
1514,20,1500,0,1,0,0,52,6,51413,attack,attack
60,20,40,0,0,0,0,128,6,2120,attack,attack
204,20,190,0,1,0,0,128,6,1741,normal,normal
60,20,40,0,1,0,0,128,6,3019,normal,normal
566,20,552,0,0,0,0,47,6,51413,attack,attack
102,20,88,0,1,0,0,128,6,4178,normal,normal
1514,20,1500,0,1,0,0,64,6,22,attack,attack
60,20,40,0,1,0,0,52,6,51413,attack,attack
62,20,48,0,0,0,0,128,17,0,attack,attack
1434,20,1420,0,1,0,0,241,6,80,normal,normal
662,20,648,0,0,0,0,108,17,0,attack,attack
1514,20,1500,0,1,0,0,41,6,80,normal,normal
138,20,124,0,1,0,0,128,6,1027,attack,attack
173,20,159,0,1,0,0,56,6,80,normal,normal
62,20,48,0,0,0,0,128,17,0,attack,attack
566,20,552,0,0,0,0,47,6,51413,attack,attack
68,20,54,0,0,0,0,128,17,0,attack,attack
1514,20,1500,0,1,0,0,51,6,80,normal,normal
1514,20,1500,0,1,0,0,63,6,22,normal,attack
662,20,648,0,0,0,0,108,17,0,attack,attack
1514,20,1500,0,1,0,0,52,6,51413,attack,attack
1434,20,1420,0,1,0,0,241,6,80,normal,normal
118,20,104,0,1,0,0,64,6,22,normal,attack
94,20,80,0,1,0,0,128,6,3858,attack,attack
62,20,48,0,0,0,0,128,17,0,attack,attack
94,20,80,0,1,0,0,128,6,2397,normal,normal
60,20,40,0,1,0,0,128,6,51063,normal,normal
1514,20,1500,0,1,0,0,63,6,22,attack,attack
212,20,198,0,0,0,0,112,17,0,attack,attack
62,20,48,0,0,0,0,128,17,0,attack,attack
1514,20,1500,0,1,0,0,63,6,22,attack,attack
60,20,40,0,1,0,0,63,6,22,normal,normal
60,20,40,0,1,0,0,128,6,2367,attack,attack
92,20,78,0,1,0,0,128,6,3167,normal,normal
94,20,80,0,1,0,0,128,6,3866,attack,attack
203,20,189,0,0,0,0,105,17,0,attack,attack
102,20,88,0,1,0,0,128,6,4184,normal,normal
60,20,40,0,1,0,0,128,6,4533,normal,normal
1514,20,1500,0,1,0,0,52,6,51413,attack,attack
60,20,40,0,1,0,0,128,6,4875,attack,attack
1434,20,1420,0,1,0,0,241,6,80,normal,normal
1514,20,1500,0,1,0,0,43,6,80,normal,normal
1514,20,1500,0,1,0,0,45,6,80,normal,normal
1480,20,1466,0,0,0,0,107,17,0,attack,attack
1514,20,1500,0,1,0,0,64,6,22,normal,attack
1434,20,1420,0,1,0,0,241,6,80,normal,normal
1514,20,1500,0,1,0,0,64,6,80,normal,normal
1480,20,1466,0,1,0,0,110,17,0,attack,attack
60,20,40,0,1,0,0,128,6,4926,attack,attack
1514,20,1500,0,1,0,0,64,6,22,normal,normal
1514,20,1500,0,1,0,0,63,6,22,normal,normal
247,20,233,0,1,0,0,42,6,6881,attack,attack
62,20,48,0,0,0,0,128,17,0,attack,attack
566,20,552,0,0,0,0,47,6,51413,attack,attack
154,20,140,0,1,0,0,112,6,48544,attack,attack
62,20,48,0,1,0,0,128,6,4551,normal,normal
1480,20,1466,0,0,0,0,110,17,0,attack,attack
1480,20,1466,0,1,0,0,110,17,0,attack,attack
1434,20,1420,0,1,0,0,241,6,80,normal,normal
418,20,404,0,1,0,0,64,6,22,normal,normal
212,20,198,0,0,0,0,112,17,0,attack,attack
62,20,48,0,0,0,0,128,17,0,attack,attack
1514,20,1500,0,1,0,0,41,6,80,normal,normal
60,20,40,0,1,0,0,128,6,2367,attack,attack
1514,20,1500,0,1,0,0,47,6,51413,attack,attack
60,20,40,0,1,0,0,128,6,1734,normal,normal
142,20,128,0,1,0,0,128,6,4489,normal,normal
1514,20,1500,0,1,0,0,41,6,80,normal,normal
110,20,96,0,1,0,0,64,6,22,normal,normal
1514,20,1500,0,1,0,0,64,6,22,normal,normal
1514,20,1500,0,1,0,0,63,6,22,normal,normal
1480,20,1466,0,0,0,0,111,17,0,attack,attack
662,20,648,0,0,0,0,111,17,0,attack,attack
60,20,40,0,0,0,0,128,6,2109,attack,attack
1514,20,1500,0,1,0,0,117,6,80,normal,normal
62,20,48,0,0,0,0,128,17,0,attack,attack
1514,20,1500,0,1,0,0,63,6,22,normal,normal
60,20,40,0,1,0,0,128,6,3024,normal,normal
60,20,40,0,1,0,0,128,6,2401,normal,normal
62,20,48,0,0,0,0,128,17,0,attack,attack
1514,20,1500,0,1,0,0,64,6,22,normal,normal
60,20,40,0,1,0,0,128,6,1715,normal,normal
62,20,48,0,1,0,0,128,6,15864,normal,normal
1514,20,1500,0,1,0,0,47,6,80,normal,normal
62,20,48,0,1,0,0,63,6,22,normal,normal
60,20,40,0,1,0,0,128,6,4006,normal,normal
68,20,54,0,0,0,0,128,17,0,attack,attack
1514,20,1500,0,1,0,0,64,6,22,normal,normal
60,20,40,0,1,0,0,128,6,2985,normal,normal
1480,20,1466,0,0,0,0,107,17,0,attack,attack
212,20,198,0,0,0,0,105,17,0,attack,attack
1514,20,1500,0,1,0,0,64,6,22,attack,attack
1514,20,1500,0,1,0,0,63,6,22,normal,normal
1314,20,1300,0,1,0,0,48,6,55123,attack,attack
1514,20,1500,0,1,0,0,64,6,22,normal,normal
60,20,40,0,1,0,0,128,6,4788,attack,attack
110,20,96,0,1,0,0,63,6,22,normal,normal
206,20,192,0,1,0,0,128,6,2480,normal,normal
126,20,112,0,1,0,0,63,6,22,normal,normal
1514,20,1500,0,1,0,0,47,6,80,normal,normal
60,20,40,0,1,0,0,128,6,3866,attack,attack
662,20,648,0,0,0,0,110,17,0,attack,attack
190,20,176,0,1,0,0,64,6,22,normal,normal
1514,20,1500,0,1,0,0,64,6,22,attack,attack
86,20,72,0,1,0,0,255,17,0,normal,normal
60,20,40,0,1,0,0,128,6,4879,attack,attack
418,20,404,0,1,0,0,64,6,22,attack,attack
1514,20,1500,0,1,0,0,63,6,22,normal,normal
1514,20,1500,0,1,0,0,63,6,22,normal,normal
62,20,48,0,0,0,0,128,17,0,attack,attack
1314,20,1300,0,1,0,0,48,6,55123,attack,attack
60,20,40,0,1,0,0,128,6,1734,normal,normal
662,20,648,0,0,0,0,112,17,0,attack,attack
861,20,847,0,1,0,0,111,17,0,attack,attack
93,20,79,0,1,0,0,63,6,22,normal,normal
1434,20,1420,0,1,0,0,241,6,80,normal,normal
1514,20,1500,0,1,0,0,64,6,22,normal,normal
197,20,183,0,1,0,0,128,6,15872,normal,normal
60,20,40,0,1,0,0,64,6,22,normal,normal
126,20,112,0,1,0,0,128,6,2928,attack,attack
110,20,96,0,1,0,0,63,6,22,attack,attack
1434,20,1420,0,1,0,0,241,6,80,normal,normal
60,20,40,0,1,0,0,56,6,80,normal,normal
62,20,48,0,0,0,0,128,17,0,attack,attack
86,20,72,0,1,0,0,63,6,22,normal,normal
1480,20,1466,0,1,0,0,110,17,0,attack,attack
1514,20,1500,0,1,0,0,63,6,22,normal,normal
362,20,348,0,0,0,0,111,17,0,attack,attack
1514,20,1500,0,1,0,0,47,6,80,normal,normal
1480,20,1466,0,0,0,0,113,17,0,attack,attack
1434,20,1420,0,1,0,0,241,6,80,normal,normal
1514,20,1500,0,1,0,0,52,6,80,normal,normal
212,20,198,0,1,0,0,111,17,0,attack,attack
391,20,377,0,1,0,0,107,6,48412,attack,attack
1314,20,1300,0,1,0,0,48,6,55123,attack,attack
60,20,40,0,1,0,0,128,6,3816,normal,normal
1514,20,1500,0,1,0,0,64,6,22,attack,attack
1480,20,1466,0,1,0,0,110,17,0,attack,attack
62,20,48,0,1,0,0,50,6,80,normal,normal
1514,20,1500,0,1,0,0,63,6,22,normal,normal
60,20,40,0,1,0,0,128,6,3937,normal,normal
1514,20,1500,0,1,0,0,63,6,22,attack,attack
1480,20,1466,0,0,0,0,111,17,0,attack,attack
1514,20,1500,0,1,0,0,41,6,80,attack,attack
1480,20,1466,0,0,0,0,106,17,0,attack,attack
60,20,40,0,1,0,0,128,6,3859,normal,normal
566,20,552,0,0,0,0,47,6,51413,attack,attack
60,20,40,0,1,0,0,128,6,4902,normal,normal
150,20,136,0,0,0,0,128,17,0,attack,attack
60,20,40,0,1,0,0,56,6,80,normal,normal
1514,20,1500,0,1,0,0,64,6,22,attack,attack
86,20,72,0,1,0,0,255,17,0,attack,attack
60,20,40,0,1,0,0,64,6,22,normal,normal
1480,20,1466,0,0,0,0,109,17,0,attack,attack
1514,20,1500,0,1,0,0,64,6,22,normal,normal
1514,20,1500,0,1,0,0,51,6,80,normal,normal
1434,20,1420,0,1,0,0,52,6,64277,attack,attack
1514,20,1500,0,1,0,0,64,6,22,normal,normal
1514,20,1500,0,1,0,0,41,6,80,normal,normal
362,20,348,0,0,0,0,110,17,0,attack,attack
110,20,96,0,1,0,0,63,6,22,normal,normal
60,20,40,0,1,0,0,128,6,2367,attack,attack
60,20,40,0,1,0,0,128,6,4494,normal,normal
60,20,40,0,1,0,0,128,6,4533,normal,normal
60,20,40,0,1,0,0,128,6,4788,normal,attack
62,20,48,0,1,0,0,63,6,22,attack,attack
60,20,40,0,1,0,0,106,6,27571,attack,attack
60,20,40,0,1,0,0,128,6,2131,attack,attack
662,20,648,0,0,0,0,108,17,0,attack,attack
60,20,40,0,1,0,0,48,6,80,normal,normal
60,20,40,0,0,0,0,128,6,2214,attack,attack
60,20,40,0,1,0,0,63,6,22,normal,normal
126,20,112,0,1,0,0,64,6,22,attack,attack
62,20,48,0,0,0,0,107,17,0,attack,attack
60,20,40,0,1,0,0,64,6,22,normal,normal
1514,20,1500,0,1,0,0,63,6,22,normal,attack
60,20,40,0,1,0,0,64,6,22,normal,normal
142,20,128,0,1,0,0,63,6,22,normal,normal
212,20,198,0,0,0,0,112,17,0,attack,attack
1514,20,1500,0,1,0,0,64,6,22,normal,normal
1514,20,1500,0,1,0,0,41,6,80,normal,normal
60,20,40,0,1,0,0,64,6,22,attack,attack
60,20,40,0,1,0,0,128,6,3019,normal,normal
62,20,48,0,0,0,0,128,17,0,attack,attack
71,20,57,0,1,0,0,128,6,2354,attack,attack
1514,20,1500,0,1,0,0,45,6,80,normal,normal
60,20,40,0,1,0,0,64,6,22,normal,normal
60,20,40,0,1,0,0,64,6,22,attack,attack
154,20,140,0,1,0,0,128,6,2998,normal,normal
62,20,48,0,1,0,0,128,6,3170,normal,normal
70,20,56,0,1,0,0,128,6,4893,normal,normal
1514,20,1500,0,1,0,0,64,6,22,normal,normal
60,20,40,0,1,0,0,128,6,4529,normal,normal
